Input,Output,Time,Delta_t,x1,x2
1.5764204659164,0.0133912321194554,0.467559125259456,0,0,0
0.971572375877415,0.0814798548954378,0.723089234143656,0.255530108884199,0.0488123156858234,0.369946645521121
-0.863663393574777,0.0836312829316181,0.936367968293725,0.21327873415007,0.141503971733896,0.49006124789784
-1.53618387651698,0.228807873280159,0.946367968293725,0.01,0.146334259380064,0.475983760647055
1.22167336434691,0.119295135461167,1.37660229062526,0.430234322331532,0.163788188785274,-0.367251480081294
-0.722730989225189,0.0196492072903316,1.63680654966632,0.260204259041066,0.104430859469795,-0.089219393722676
0.454151822102624,-0.191186049221304,2.28141158084911,0.644605031182789,-0.10140166246456,-0.482141574627809
0.738690419083843,-0.117517268531946,2.59715024109377,0.315738660244657,-0.206226759782342,-0.176724116227798
0.0338065728989148,-0.295414937017745,2.86968197176189,0.272531730668126,-0.208040188048094,0.156030442028741
-0.0978747857919303,-0.150826565794309,2.87968197176189,0.00999999999999979,-0.206459137793391,0.160170059016076
0.188361110375278,-0.124910120322795,3.04708076207451,0.167398790312618,-0.176184008166486,0.198844132925131
-0.394633228928319,-0.103005462853103,3.41485784855623,0.367777086481722,-0.0776417838568576,0.319598767585026
0.434135664750726,-0.0969773740998051,3.52339194083216,0.108534092275921,-0.0453843862693212,0.274039915377554
1.87826440866529,0.173861387838455,3.90152116432965,0.378129223497498,0.0790449969971331,0.365326141811658
1.55622803847747,0.410972827426704,4.33511230167364,0.433591137343984,0.356251711306248,0.841150692485285
0.752356674519073,0.489111873406211,4.50897753487713,0.173865233203489,0.502259482387476,0.818438201065003
0.169741309515732,0.708805581322434,4.94439569362916,0.43541815875203,0.687458995806348,-0.0410121276833129
0.310916597032914,0.243663960420261,5.56454513665406,0.620149443024904,0.286237916833468,-0.940088307560878
0.500260072489009,-0.054965047278865,5.95249181016239,0.387946673508328,-0.0495387051347208,-0.747527565753065
-0.419003628826364,-0.20240202338976,6.19527430514405,0.242782494981665,-0.200071092358045,-0.484065118653529
0.208020569351692,-0.28342087444231,6.32184802679237,0.126573721648317,-0.258850553144363,-0.441688889935781
-1.09703281343532,-0.361892082404867,6.76535156676323,0.443503539970862,-0.34583628388428,0.0533505655305775
-0.455045916796423,-0.326794038396663,6.90910067962895,0.143749112865717,-0.340522170558231,0.0204990984196979
-0.362992394219678,-0.324429426132726,7.0960550364544,0.186954356825448,-0.329844464820036,0.0913897539117402
1.19473159687882,-0.304973615317463,7.33255415447874,0.236499118024348,-0.297533094490673,0.17573106731871
-0.756094254358854,-0.127287866578754,7.76165698384426,0.429102829365516,-0.0780013143655111,0.783668736554616
-0.908476158380725,-0.0780543200586657,7.77165698384426,0.00999999999999979,-0.0702140355849288,0.773712220454356
0.987481735326861,0.143446891002783,8.17581413772598,0.404157153881715,0.140529887843531,0.257273458241041
-0.239320868661004,0.313822508565514,8.63203831451254,0.456224176786568,0.300718820889871,0.405631677512219
0.833578234066675,0.387458112623516,8.82292741799971,0.190889103487169,0.355945641191165,0.170353422025489
0.148763945700598,0.419153403638619,8.92401214782185,0.101084729822134,0.372105581226751,0.148472719535245
0.225264582137875,0.351024002363839,9.36431064352777,0.440298495705928,0.35124564689499,-0.222948996415131
0.928114395778623,0.326047076744989,9.37431064352777,0.00999999999999979,0.348987230648138,-0.228714728954604
-0.398907848247799,0.303810165427545,9.54378462033635,0.169473976808574,0.312726367185979,-0.195935107449739
1.15147245833801,0.105059607883254,9.98224800832402,0.438463387987667,0.14290014946819,-0.530627585206252
-0.496390930050613,0.0557773637052826,10.2059856777035,0.223737669379462,0.0529759859451335,-0.270842613311257
0.651312144384602,-0.0977029905833128,10.5488102202147,0.342824542511249,-0.0618727338879963,-0.382708274630849
1.36005029229732,-0.156463421292028,11.0683286877606,0.519518467545904,-0.128898067539514,0.115474633954284
1.16622303212563,0.06242677086875,11.4078309376064,0.339502249845761,-0.00737077334507662,0.572923300234575
-0.000371917625200305,0.237561958126881,11.7610983083898,0.353267370783405,0.238327893069174,0.779456180726792
-0.57389764509608,0.407803038795175,12.0142717018662,0.253173393476386,0.400932202096561,0.486567003098113
0.138971207078164,0.317304291865893,12.6292331869119,0.614961485045745,0.337888618182233,-0.602793015008749
0.463181211068822,0.0666449103571301,13.2157101237365,0.586476936824534,-0.024078196368928,-0.546530407613399
0.150220150554565,-0.00195498333665462,13.2674432431875,0.0517331194510646,-0.0512859965403362,-0.505024135651757
1.06525750136657,-0.195344313927245,13.4361834767315,0.168740233543959,-0.12870774722655,-0.409356589479015
1.2594847227003,-0.243533304500637,13.7750581792131,0.338874702481643,-0.179863438713606,0.0999088946147969
-1.40068008856722,-0.0565761272672002,14.0821742784387,0.307116099225597,-0.0799290495621999,0.528109344884108
0.327040603790712,-0.118627564762056,14.8835335251268,0.801359246688094,-0.116160060087952,-0.534384189424781
-1.49397484128634,-0.1698054224181,15.3245558500248,0.441022324897935,-0.262189422016368,-0.115280694656799
1.16652355556303,-0.381039056840016,15.4603638985137,0.135808048488979,-0.28507621572192,-0.218968562716621
-1.17104366864187,-0.24496318906504,15.4703638985137,0.00999999999999979,-0.287167851509815,-0.199377038072923
0.889392255886703,-0.437507275870162,15.9787903007995,0.508426402285801,-0.416410230705132,-0.263308137663232
1.99937115996107,-0.375746792769634,16.3234241378143,0.344633837014781,-0.380599744661456,0.441150047321369
0.885359796850482,0.0925436409757992,16.8138265153216,0.490402377507262,0.103585908710354,1.39129795499786
-0.80688846469063,0.265180894419809,16.9792823263851,0.165455811063573,0.330996995587301,1.34101308798323
2.01632194724722,0.447085421525271,17.1381451151812,0.158862788796004,0.512108351576669,0.921899452134636
1.0747951797418,0.761236351566078,17.6100918028231,0.471946687641974,0.82752801912507,0.208883930868225
0.0269614570776199,0.815804723718571,17.8079294836044,0.197837680781316,0.801666988998744,-0.44889498615118
-0.567908298885416,0.458435350596369,18.1269334679065,0.3190039843021,0.506850906500668,-1.23908220666693
-0.56092962692468,0.208578162064835,18.3064570422616,0.179523574355084,0.265342127018692,-1.41759445169203
0.287019978562956,-0.555247374401651,18.905127423674,0.598670381412379,-0.545259621748768,-1.07346496405708
1.6265131111513,-0.834588197760373,19.2320649561557,0.326937532481647,-0.723613481933198,0.0344400460321005
0.514087175534136,-0.720148063762478,19.390984618538,0.158919662382331,-0.658667785385259,0.757181929035787
-0.525585842518562,-0.335194676061101,19.7205080214559,0.329523402917875,-0.299174539276745,1.29687515562351
-0.459753509982705,-0.286090839452908,19.7917836750364,0.0712756535804928,-0.208090040782653,1.2560311590519
2.3955904223895,0.318520385403667,20.2253825230763,0.433598848039939,0.24810515613938,0.793126545039061
-1.20942794672369,0.757666340603384,20.700534342243,0.475151819166726,0.710216235950236,0.937648635249897
-0.690596036826593,0.631465314305082,21.0853545725313,0.384820230288316,0.690453358307077,-0.962918199613626
1.09125179316902,0.500289389091664,21.3052426632059,0.219888090674587,0.418507669760129,-1.43419335737941
-0.165749252900769,-0.263052084661535,22.0401691180192,0.734926454813287,-0.26991940778339,-0.306566267318707
1.23139669552533,-0.355124349045477,22.387020013042,0.346850895022804,-0.335294587510584,-0.0644868460989627
-1.00806569295117,-0.326898377967352,22.5173759852621,0.130355972220102,-0.326056475271932,0.202556185719506
-0.988530677369645,-0.348740743774849,22.6145509254724,0.0971749402102802,-0.307797275308606,0.172456254487699
-1.38807607222793,-0.235831338482261,23.0316995010797,0.4171485756073,-0.26650689312082,0.0215570854566421
-1.73072162006753,-0.296713163599859,23.3896152411202,0.357915740040458,-0.304334575591627,-0.218445520641943
0.0746432199116363,-0.27292113463189,23.3996152411202,0.0100000000000016,-0.306562404739269,-0.227094390483626
-0.805297986554214,-0.280313450171942,23.7345612974769,0.334946056356753,-0.329347813422038,0.0867295370306968
2.24576487505829,-0.338533343942349,24.3021661395382,0.567604842061332,-0.289845755606591,0.0416483899361525
-2.0966325792291,0.148928175878451,24.8597443254823,0.557578185944038,0.118159814844763,1.27319692304523
0.618239110707297,0.116859580925439,25.5836341029465,0.723889777464269,0.231576854860477,-0.865778847564347
0.405425410048555,-0.119863794395907,26.0783498844124,0.494715781465835,-0.102459937779727,-0.443386161987856
0.774163294333368,-0.209390042964027,26.4162891559145,0.337939271502123,-0.201898366542661,-0.140328052118944
-0.131137611221906,-0.22789095900236,26.8341418994492,0.417852743534663,-0.155146133360133,0.338824539019363
0.0914068614770288,0.0273343954356726,27.5580493452957,0.72390744584651,0.0559327379413592,0.199705636437945
-0.320839552190246,0.104944637490791,28.0458530713262,0.48780372603056,0.133136362232198,0.107080332610103
-0.554172515890096,0.0958635129814301,28.2217906788701,0.175937607543858,0.142009150323083,-0.00516616066016752
0.349546273237353,0.205939074098478,28.2317906788701,0.0100000000000016,0.141915066601219,-0.0136428868670604
-0.675397331439597,0.151933239975145,28.4335780687765,0.201787389906404,0.140341904613131,-0.00202377123637241
-0.265994785077954,0.0310756966417306,28.9420898279782,0.50851175920166,0.029405261943301,-0.396938906474488
0.335869643711823,0.0782032836037214,28.9520898279782,0.0100000000000016,0.0254295345785181,-0.398154769895021
0.814062294598626,0.0628878627635886,28.9620898279782,0.0100000000000016,0.021472299250322,-0.393279222303808
-0.139942684937204,-0.0769395030467692,29.0968156517041,0.134725823725915,-0.0226351188431695,-0.260997514760773
-0.720550444138762,-0.183706876212234,29.5247080146288,0.427892362924691,-0.124857960133697,-0.203541711658209
0.435794261655657,-0.340730624925917,30.0368422797926,0.512134265163802,-0.260371200316438,-0.291891182738318
-0.138987905956091,-0.387575063341092,30.5392450632195,0.502402783426923,-0.259826786454731,0.269772978898169
-0.528530759360991,-0.108607653638208,30.9149628785838,0.375717815364283,-0.143318285525803,0.329268577587844
-0.920810949280916,-0.25704802803121,30.9249628785838,0.0100000000000016,-0.140045292187545,0.325295191905485
-1.24141671531455,-0.0521321307158631,31.5837935094768,0.658830630892986,-0.098164991953998,-0.179671807820258
-0.801229717135028,-0.166573765206768,32.0887176804697,0.504924170992965,-0.287016059654577,-0.513270781324734
-0.676898583698899,-0.46411507542203,32.5849737144698,0.496256034000091,-0.490398922262539,-0.242852351461491
-0.421390125691504,-0.457834792015624,33.0075966138411,0.422622899371305,-0.499450771746105,0.188068436992108
1.21990528166137,-0.341596710499582,33.440156393927,0.432559780085903,-0.341136242403684,0.478251840653565
-0.936140711131275,-0.0289041864538963,33.8201783852808,0.380021991353779,-0.0507034861391094,0.984149126941121
0.216726546721364,0.29895001251031,34.3275662189329,0.507387833652118,0.257172357118483,0.202533333937675
0.384518828033802,0.290095639691564,34.5680439521702,0.240477733237327,0.2912389568311,0.0789778591857189
-0.520606523438168,0.24384142679931,35.0272890444284,0.459245092258143,0.290323618634077,-0.0766402862393269
-1.39796925086188,-0.0613940612424045,35.6602650025071,0.632975958078703,0.0551110491140114,-0.57458437117637
1.47041524001621,0.0876237253274338,35.6765422817565,0.0162772792494152,0.0455977838756344,-0.594232843457101
0.817971700905037,-0.0619960651474295,35.8874245142395,0.210882232482987,-0.0421847188570586,-0.238372605169581
0.692315317038035,-0.0912629021123724,36.1011477750639,0.213723260824381,-0.0700081580264387,-0.023788871524329
-0.640236323858591,-0.0932299318441563,36.1628437951931,0.0616960201292116,-0.0698813778173761,0.0276286982531997
1.3141332481391,-0.00930635508675817,36.3821686552455,0.219324860052396,-0.0757114358175272,-0.0784048185298299
0.357029224157709,-0.105014537350168,36.6245074386727,0.242338783427186,-0.0522509560697745,0.263130717938409
-1.13226825511604,0.0188802692728103,36.9149681371438,0.290460698471172,0.035215208301056,0.329002461784799
-0.852512720144188,0.00649319774323533,37.2481421468993,0.33317400975546,0.070387105774114,-0.109639276093664
1.0056463659591,-0.261661895422962,38.0804165332694,0.832274386370102,-0.256007669924304,-0.54257575222985
-2.02887357136024,-0.23297540563224,38.6703320471976,0.589915513928197,-0.253282044653504,0.497796582699362
-0.471648416165365,-0.177082612448678,38.9771878414979,0.306855794300269,-0.180895464335202,-0.0224919495975003
1.07413865012679,-0.125336002347992,39.2083582897984,0.231170448300539,-0.187738696380384,-0.0357921597925124
-0.532707429970516,-0.0695511658178011,39.6933753136349,0.485017023836448,-0.0479131151025324,0.561845272647236
-1.50946014157761,-0.0290294694064873,39.7033753136349,0.00999999999999801,-0.0423306373704171,0.554608928906274
-0.486359251587486,0.0226764520574626,39.7894339917299,0.0860586780950854,-0.000923856625497564,0.407556136857366
0.630218870325004,0.0290609094209594,39.9598142469941,0.170380255264114,0.0581922505151259,0.284738530906258
0.405370531864747,0.172343133457233,40.3562799283675,0.396465681373478,0.191709439535542,0.366177274544251
-0.281924090777016,0.321847415415355,40.6811234023615,0.324843473993973,0.295662220972144,0.260261685937941
-0.400119096964992,0.333568453883828,41.0138804807773,0.332757078415753,0.319582992848039,-0.110721509596035
2.30171588381198,0.276079590499787,41.2146931821776,0.200812701400338,0.275728450975373,-0.317646546027654
0.701931050295316,0.251559697827179,41.3573917456913,0.142698563513662,0.248711338345019,-0.0621145072873902
-0.842052896746553,0.243334302617647,41.4230774190148,0.0656856733235855,0.244978019756179,-0.0514990842021971
-0.184158147910641,0.339116704690567,41.459587408137,0.0365099891221732,0.242185250010009,-0.101283421369725
0.358291000180376,0.0976708470889583,41.9992126844757,0.539625276338718,0.107801290590779,-0.354485305898706
-2.05275526719547,-0.00347941138412304,42.5723159159851,0.573103231509357,-0.0301365944419247,-0.111723515530293
-0.191777354405283,-0.237469735409223,43.083669173514,0.511353257528924,-0.304708498713573,-0.872605315654165
-0.56768207451764,-0.46555384986204,43.245840556658,0.162171383144013,-0.431332430568204,-0.677708757717464
0.0704610939478147,-0.665074090261821,43.6267292506891,0.380888694031079,-0.591971896102631,-0.120655975818041
-0.347171319121112,-0.58066438631727,43.729727693343,0.102998442653842,-0.592056287327055,0.116980220771338
2.50533346004597,-0.500460433156545,43.9802950218988,0.250567328555825,-0.512011694703826,0.491621259093909
0.666350065373796,-0.361364547408047,44.1779156918829,0.197620669984104,-0.34469967324111,1.16363933108963
0.218837366313261,-0.0598579770142485,44.4369805756566,0.259064883773696,-0.0223513552460855,1.28614226568179
1.12824489845404,-0.0145369320818789,44.4674531755734,0.0304725999167985,0.0166538858941415,1.2735068447122
0.983471286364397,0.343002489440262,44.6925671847576,0.225114009184196,0.309336389495522,1.299202699166
0.41666045238949,0.686778433383059,44.979386289682,0.286819104924405,0.643971903682665,0.95277136390138
-0.383197170694758,0.763282814234929,45.1118077346785,0.132421444996496,0.744264310093416,0.54584079558993
-1.90324901013675,0.389228078415439,45.7042243610748,0.59241662639635,0.413512190105808,-1.28262838053555
1.46671121470591,0.442927417323111,45.7142243610748,0.00999999999999801,0.400564836355043,-1.3066115631542
-1.20173780092037,0.377292068632032,45.7242243610748,0.00999999999999801,0.38754964388392,-1.29642733355679
-1.81470489343386,-0.524590579129439,46.3390164774418,0.614792116366949,-0.537564696264083,-1.44191113162967
-0.345092767332602,-0.930434408365968,46.7334333690839,0.394416891642088,-0.942920159281753,-0.353252516128515
-2.34570792843606,-0.908952249446132,46.8975293132837,0.164095944199836,-0.922233752851457,0.583667197680037
-1.75498395217782,-0.716719693051689,47.2055491045625,0.308019791278781,-0.648707264909673,1.0170702547411
-1.86275398814151,-0.323137634352223,47.5560466392004,0.350497534637896,-0.316064511446025,0.780151421979211
0.267156235274392,-0.0919503550324265,47.9354218619517,0.379375222751349,-0.135671366412635,0.159637830625261
-0.706271513747559,-0.0597076707728335,48.2880336603761,0.352611798424384,-0.0547912803285477,0.285153597034467
0.0279199627064878,-0.00509816692086972,48.5991439015595,0.311110241183385,-0.00224495810020075,0.0531946593195834
0.21639924428,-0.00149382247157894,48.9845442439562,0.385400342396693,0.017697570511966,0.0478939220455901
-0.662565856611885,0.0178317622826383,49.0934394558562,0.108895211900027,0.0238052000082722,0.0639108456458615
-0.932860443722357,0.0849113533207458,49.244391784662,0.150952328805801,0.0251645535064101,-0.0446038828124676
2.45936728156576,-0.0934483356553943,49.6031975551399,0.358805770477851,-0.0472805988261967,-0.341536744247732
0.683718972779777,0.00843264002017223,49.9627220438358,0.359524488695904,-0.00250971925693469,0.557958206093325
1.34954952381533,0.0819604766293368,50.2734131835353,0.31069113969955,0.183890700000483,0.619543865190751
0.304698585040159,0.696922986686436,50.921834752841,0.648421569305675,0.609402638693816,0.483511972689259
-0.0168168412596366,0.50413210511873,51.4305137909651,0.508679038124143,0.554220033400889,-0.61391332659971
-0.318077255070903,0.124988558436178,51.9178425497481,0.487328758782937,0.143885932905209,-0.921379240778025
-2.35050089229829,-0.205001478319328,52.3772807729448,0.459438223196727,-0.265345934933067,-0.795831996928986
-0.291650667255628,-0.275733445559835,52.4351794501441,0.0578986771993328,-0.313545340042858,-0.867274553278905
0.414130153011724,-0.5756472341932,52.9939981565453,0.558818706401148,-0.581801773539105,0.00373386030303313
-1.25537385877487,-0.557779483598071,53.1373510207072,0.143352864161884,-0.555891269726851,0.349304655122835
0.0651226935532156,-0.428938304785185,53.4831312081987,0.34578018749157,-0.41991121132081,0.391695298449683
0.389027327663715,-0.208871379704441,53.7668428232952,0.283711615096486,-0.274476977997256,0.601904880504808
-0.0415851430274126,-0.25349294657022,53.7768428232952,0.00999999999999801,-0.268421339594755,0.609168367774218
-0.876479845361003,-0.271484801534442,53.8635475987286,0.0867047754334322,-0.21473566377997,0.626817843473364
0.612007678136057,-0.021449498421934,54.2595548830027,0.39600728427402,-0.0318140204934855,0.281533777260103
-1.36882134337799,0.149708174301258,54.7234839804189,0.463929097416198,0.141553457652978,0.432105052140788
0.936276962119675,0.135295415913797,55.2146995804823,0.49121560006342,0.135264527843107,-0.420885495778342
0.797010084953478,0.0326297364751656,55.788765694662,0.574066114179729,0.0416899513459235,0.0888470179607451
-0.361892975666514,0.167370461053748,56.3166708426176,0.527905147955622,0.165996938197476,0.346754564888784
-2.41864449698824,0.218168235217815,56.5463923309515,0.229721488333865,0.221596084308354,0.135850146853323
0.367846572720221,0.213902607734844,56.7371158925609,0.190723561609445,0.194928357839627,-0.404600262024284
1.50768971745513,-0.00709487405620705,57.5188797199926,0.781763827431611,-0.024497542142646,-0.114786136433213
-0.840842034805539,-0.00470783927489432,57.7810585456405,0.262178825647936,-0.00139894755746466,0.280283237858901
1.64082211294614,0.00398989421698312,57.8425911296924,0.0615325840519105,0.0139941272843486,0.220031261778867
0.465718021556406,-0.0214710117605675,57.8525911296924,0.00999999999999801,0.0162692598057452,0.234983027332891
-1.84022581539168,0.154072363459792,58.275152778986,0.422561649293641,0.135468137117083,0.308865103799911
1.00725587251933,-0.0150322765327905,58.8000660917929,0.524913312806817,0.00843877387834093,-0.722600555399568
0.940192853518115,-0.244831631872502,59.2356243401808,0.435558248387935,-0.171622549271433,-0.0987041863746688
-0.14151683724176,-0.190546503058939,59.5270373781734,0.291413037992619,-0.145406072957756,0.266629795884531
-1.56209041801385,-0.0675905251793208,59.690005713151,0.162968334977563,-0.101977682325486,0.263743362491324
-0.8578899532893,-0.0812444191123616,59.9655901674768,0.275584454325831,-0.0843327250896307,-0.128358763169339
1.21778912994497,-0.0603719194804175,60.4680873489827,0.502497181505859,-0.212478821424447,-0.347199253523489
-1.45992276430748,-0.120176033264822,61.0686711466542,0.600583797671497,-0.10924220542517,0.614542895792625
-0.762237854236832,-0.029631952534099,61.5287838570844,0.460112710430252,0.00831457637463919,-0.0943993231184149
0.861460543202622,-0.0889518862490342,62.0119575826776,0.483173725593176,-0.10994231878366,-0.364483767600329
-0.867537222550857,-0.164409686810289,62.2920871549374,0.280129572259803,-0.162270457692999,-0.011761113908056
1.32873412161245,-0.158959302962947,62.6038684115587,0.311781256621309,-0.189155685538352,-0.153546586894067
0.0552717706005248,-0.117868565230887,62.8009838093893,0.197115397830629,-0.185036163681255,0.189339405672809
2.38961570592378,-0.0778952389625258,63.0915953009161,0.290611491526768,-0.11746856986284,0.266078833510995
0.173482004947194,0.1296943312946,63.4842044766448,0.392609175728666,0.157645765567513,1.07143641439425
0.909891616088315,0.540579689690864,64.143446798932,0.65924232228727,0.590667703699183,0.0709144378049013
0.271017037586739,0.492766404382642,64.5682452781493,0.424798479217301,0.513728807422575,-0.379107800926068
0.630432595445728,0.0935130462901088,65.1825985936589,0.614353315509533,0.157068330550342,-0.625203630038808
0.329534759246928,0.0946720156000787,65.3590603205446,0.176461726885762,0.057165757065604,-0.502477467151507
0.308388497081485,-0.0663067625154437,65.8160569110475,0.456996590502882,-0.113940288005117,-0.230107693533462
0.752345693926833,-0.171821681093008,66.3770728899518,0.561015978904322,-0.140013034843356,0.125764609137754
-0.189260098991347,0.0332642329326186,66.8379261075179,0.460853217566054,0.00700962926710126,0.474816382692211
0.00376617761223188,0.151839432245778,67.3043248801829,0.466398772665059,0.170374123628267,0.208634342111327
0.536998690875936,0.249878396427307,67.6301082756651,0.325783395482148,0.212554908316793,0.0487991455006827
0.133806447120807,0.19016609193114,67.6401082756651,0.0100000000000051,0.213044854315757,0.0491867698050988
0.712687026082484,0.160759301062634,67.986537241791,0.346428966125899,0.209061236692833,-0.0681402731502312
0.398248062381374,0.204242194275176,68.0783005440779,0.0917633022869495,0.20400253511417,-0.0421137241985498
0.75673411375174,0.22476209988032,68.3947451262878,0.316444582209883,0.189776304862446,-0.0457569114990467
0.510315225676271,0.243046219018334,68.8257460281572,0.431000901869353,0.201950934454996,0.0948709486744097
0.0635208053566363,0.189251739306637,68.9750398085639,0.14929378040668,0.216171748630184,0.0946943287952611
0.263413356267093,0.277884256367483,69.4553729069982,0.480333098434301,0.210038020663843,-0.110501945715197
0.546545426673505,0.171132823854909,69.8650717530485,0.40969884605029,0.156623042897252,-0.140008044736108
0.721844841035601,0.125836646747189,69.9745675181877,0.109495765139229,0.143032432730829,-0.107940701604698
-1.04964474718466,0.187504181854165,70.4350643329813,0.460496814793643,0.141926577499898,0.0954082481901943
-0.342784697058963,0.114431804608007,70.6043434843298,0.169279151348448,0.138568062219569,-0.131653516904083
0.113409325104282,0.0441167407784538,70.6143434843298,0.0100000000000051,0.137223261469095,-0.137294226019573
-0.281620319900231,0.0400633785791029,70.8221655130534,0.207822028723612,0.10695938701496,-0.151373513376334
0.343627988889484,0.0424186154508304,71.1502643128214,0.328098799768014,0.0377778362964618,-0.259439835713178
-1.18079964516169,-0.00189014013722499,71.382617656954,0.232353344132633,-0.0112148242397269,-0.1603928449125
-1.63160982340878,-0.00247262054507241,71.693616528768,0.310998871813936,-0.108294462152149,-0.44610670992052
1.30897062924451,-0.505049630629985,72.2544159383435,0.560799409575509,-0.485782740172712,-0.763961400809357
-1.46476092169304,-0.600443978525082,72.5194392781923,0.265023339848824,-0.56969435246172,0.134393968519203
-0.158830070579945,-0.555233221999841,72.7991212661213,0.279681987928953,-0.51614931180578,0.230039017825924
-0.850291681395645,-0.460143675011852,73.0572393534114,0.258118087290157,-0.41557123131329,0.519848793179332
-1.10423496566697,-0.401603751418383,73.1382822224431,0.0810428690317195,-0.373385859005297,0.518737546860192
1.43566631319554,-0.21472164230868,73.424866160588,0.286583938144844,-0.245565544084816,0.356206390120942
-1.05772692143945,0.0680477814779097,73.8889969625557,0.464130801967698,0.0802244358290047,0.967321699461878
-0.0756323907095406,0.198727216119619,74.1207765102473,0.231779547691616,0.256412192093825,0.544308287298013
0.502768286789327,0.375101218231423,74.2701916951404,0.14941518489313,0.326581203518404,0.391106482140268
-0.303732424544258,0.510018043551049,74.4818073116189,0.211615616478454,0.395995210745198,0.257529276395676
1.08494096036993,0.387263639349184,74.9176975692577,0.435890257638789,0.367236425556907,-0.357309145065737
0.109276891430608,0.291115388918961,75.2041542769295,0.286456707671803,0.280649557742474,-0.235393010155188
1.79723397631476,0.214009212733471,75.6202224181508,0.416068141221317,0.155942851116286,-0.33664890088762
0.094072581116205,0.0373313080153257,75.8446868967956,0.224464478644776,0.121094440030147,0.0223890496108858
-0.753434528297995,0.10727460495883,76.071100727849,0.226413831053463,0.121956740294492,-0.014153025738822
-0.0999828962446421,0.0161082683771009,76.3930792612329,0.321978533383856,0.0693449052190646,-0.298860251301903
-1.13802503893132,-0.0483912156800852,76.7433693552067,0.350290093973811,-0.03638392284789,-0.292531921466555
-0.788512386930014,-0.147473566212384,77.0630284601967,0.319659104990023,-0.170508095000517,-0.524886630657648
0.539782842995757,-0.28847354803981,77.1705909758527,0.107562515656014,-0.227606602641411,-0.53402479724625
-1.06316767503611,-0.340430890784023,77.5229631703081,0.352372194455342,-0.329666765194802,-0.0403397545887405
-1.9493513420523,-0.353731219044268,77.7926327446349,0.269669574326869,-0.347041309667995,-0.0846055248849445
-1.44594892602928,-0.417102147998982,77.9289898964671,0.136357151832115,-0.367513847004198,-0.212397330852305
0.146959590737473,-0.561322567616395,78.4714774727467,0.54248757627964,-0.503786972135615,-0.227924985395363
1.1764079568577,-0.508018210911185,78.4910468865674,0.0195694138207045,-0.507881606707301,-0.190530371472073
-0.555258746758458,-0.528494797763069,78.6170984084303,0.126051521862905,-0.508815105628112,0.172016121745084
-0.552487264470352,-0.334420437831875,79.1228410824433,0.505742674012978,-0.330075344820532,0.449743635220238
0.824667780907006,-0.214719882784931,79.5432978217297,0.420456739286365,-0.152624970245488,0.361409311494466
0.000338941718101302,0.00337484283797818,79.8540723785653,0.310774556835653,-0.00053280187867374,0.594601804312286
-1.17513734393556,0.168711514811781,80.15020762307,0.296135244504697,0.158355881844562,0.465024091900724
-0.562429066981789,0.257568599811246,80.6191380203681,0.468930397298081,0.188265249662012,-0.312536817220937
-1.77069428968166,-0.154701491903179,81.2453290026277,0.626190982259658,-0.116346661580813,-0.578583524483144
-0.719273233504259,-0.416848912107264,81.5166698367979,0.271340834170147,-0.311912422729084,-0.833085953899104
0.946609310551418,-0.703162238552404,82.0370325568763,0.520362720078396,-0.614214932931877,-0.208373941367794
0.233911035589083,-0.443037038420928,82.4069761529435,0.36994359606723,-0.475632640021637,0.864428871512203
-2.01339281710565,-0.460339944810187,82.4169761529435,0.0100000000000051,-0.466924688593665,0.877070107331888
-1.15616198325065,-0.276919157324018,82.6743939155877,0.257417762644209,-0.283392271581635,0.524237902515221
-1.06469752653006,-0.167209935044888,82.9049605127015,0.230566597113821,-0.184240227249272,0.328885441374808
0.00997298088445875,-0.130222690061237,83.0510839429232,0.14612343022165,-0.145198324516235,0.204714663633273
-1.36346423212354,-0.0409934362238785,83.3299168587551,0.27883291583187,-0.0819075071880591,0.241905721897646
0.617452811875683,-0.100296400566789,83.6412896745003,0.311372815745216,-0.0686879277347567,-0.14823366502586
0.371373113847162,-0.06142990117634,84.173556918317,0.532267243816747,-0.037755328305995,0.241154427451933
-0.492335494807725,-0.0627844567859968,84.318113549717,0.144556631399951,0.000185375239293362,0.281433441077685
-1.02312662197524,0.0978750298842091,84.6953287651414,0.377215215424414,0.0602120818192628,0.036926542218659
-0.827491560958856,0.0908508183933822,84.7311438312058,0.0358150660644156,0.0607926544146147,-0.00438970348812963
-0.800859912361524,0.0686309758919571,85.1757334124669,0.444589581261127,-0.0253231641601987,-0.356833190661873
-0.417658442558421,-0.206987123268754,85.4961340035954,0.32040059112849,-0.163172495048795,-0.484348536813286
-0.108359485063814,-0.219356211597987,85.6564420842073,0.160308080611827,-0.237855439596425,-0.442721241214237
1.22134106635808,-0.268778163528378,85.8069791188969,0.15053703468962,-0.296561347027069,-0.334030315614278
0.999446765987814,-0.165993993639668,86.361936842572,0.554957723675145,-0.180406563140922,0.670975485184337
0.267635873308116,0.198822601404582,86.8885091308395,0.526572288267431,0.268019998288488,0.93407853490315
-0.54159515375823,0.584585326886619,87.4388743320745,0.550365201235053,0.584068415933777,0.102041479978194
1.67443310244269,0.617516023323606,87.6442541393594,0.205379807284942,0.549187551261175,-0.424306181493027
0.328898099506864,0.360094443017011,88.077629947208,0.433375807848535,0.392345417112892,-0.245439717546988
0.953024776512852,0.317784860192026,88.3581377929311,0.280507845723093,0.303758989891746,-0.36731925709397
1.16548577805671,0.1911344419787,88.7718134103553,0.413675617424232,0.194085958760635,-0.148465462426402
0.566849536558316,0.266218171884698,89.2302740984777,0.458460688122358,0.207635998330502,0.191683718634696
-1.17510593423663,0.270040999208403,89.9487641021134,0.718490003635779,0.31856794379017,0.0819992559539017
-0.180345311175596,0.223662096577198,90.2512012063877,0.302437104274276,0.256697158972282,-0.466782898739571
0.0919879647110155,0.000804754283339412,90.5125490783354,0.261347871947677,0.120827039359746,-0.555864374100383
-0.0255356890319961,0.0813839913368463,90.598270102812,0.0857210244766264,0.0737351145567471,-0.541524486307867
-0.0127791723852956,0.0255152518623332,90.8455057385662,0.24723563575418,-0.0546936492936998,-0.487828890949882
0.602668159508663,-0.176557102924107,91.2845003315975,0.43899459303131,-0.225393852554432,-0.268564661763089
-1.37393625433696,-0.256240753667066,91.4849881242295,0.200487792631989,-0.254269543681428,-0.0208590947953655
-1.58330695280858,-0.307638743468435,91.8199223336499,0.334934209420368,-0.300761910995386,-0.242353173131637
0.499046316161845,-0.334642635785701,91.8299223336499,0.0100000000000051,-0.303221475700721,-0.249534863825481
-0.400568465685641,-0.282963364859926,91.8399223336499,0.0100000000000051,-0.305648312425505,-0.235830022310651
1.97656776234459,-0.289518985885725,92.2257817896653,0.38585945601541,-0.357646520481051,-0.0280327438246826
-1.51323916275013,0.0377994110770958,92.8024353606312,0.576653570965902,0.0356983282711785,1.22652108636412
-1.29553052436272,0.201721533721988,92.971006132279,0.168570771647836,0.210207618617171,0.838296693028789
-0.0867695217354586,0.377579115496011,93.34278416562,0.371778033340988,0.364359251483401,-0.0149283427860804
-1.48427579969135,0.331450039404017,93.35278416562,0.0100000000000051,0.364157572046646,-0.0253973870405963
0.542801669892179,0.318077092075628,93.36278416562,0.0100000000000051,0.36378176850123,-0.0497416901630475
-0.639742203554743,0.393133712278024,93.8052311305698,0.442446964949724,0.31003328642076,-0.173582870593327
-0.128500773637738,0.212830991285525,94.205616151947,0.400385021377218,0.150763055967605,-0.577608018455009
-1.29036946955083,-0.129656073618597,94.8993009199827,0.693684768035695,-0.221573571740483,-0.412474087243748
1.56676064805263,-0.502884205128559,95.5409733317237,0.641672411741027,-0.529277602103848,-0.404679247030085
0.515169037782188,-0.511355607655303,95.6383575384568,0.0973842067331532,-0.551729867407365,-0.056918560365133
-3.22914296490889,-0.470859418530827,95.7955482947891,0.157190756332255,-0.530905790591657,0.313469991286483
0.0447371499996343,-0.467782511639352,96.2161750559918,0.420626761202669,-0.539301771133342,-0.32651402833267
-0.469481191666964,-0.545133487093855,96.5285084804252,0.312333424433433,-0.540172672630805,0.304449554233145
0.538665276810759,-0.270028389909041,96.9187027428264,0.390194262401195,-0.354245066256284,0.577139821082058
-1.12615321928584,-0.00491175836620721,97.3008481240026,0.382145381176244,-0.0721914013016189,0.840414071689884
1.22094761627032,0.096738319020775,97.6314283745506,0.330580250547925,0.124735668637486,0.342555352915176
0.347419404064782,0.343955331909539,98.0213470507447,0.389918676194171,0.30524674301963,0.544843790329981
0.43580671386702,0.442738161490163,98.4344888185254,0.413141767780658,0.456418311361605,0.155483585705918
-1.60090575024189,0.460647156657106,98.8995330215021,0.465044202976699,0.422530939018341,-0.270661575161738
0.481790475310845,0.287172276720297,98.9860352226138,0.0865022011117134,0.389365602329103,-0.492394789802813
2.00217113777122,0.34054916523962,99.2005098607574,0.214474638143557,0.2792965162804,-0.518977957473039
1.37377285689768,0.180892359761545,99.6635375422421,0.463027681484718,0.21242713839871,0.215770576715522
0.0372055678648054,0.368646573181529,100.13769740432,0.474159862077826,0.382425756240843,0.446984495398081
0.128185877760485,0.35251310494891,100.587466527112,0.449769122792191,0.448404252782176,-0.154281958270761
-0.134996471071522,0.524426783700673,100.632523219355,0.0450566922428521,0.440314587520874,-0.204321666931416
0.906870921600781,0.17614258405522,101.068814656057,0.436291436701552,0.251597032026711,-0.592023804008507
1.54587052773984,0.157926290109447,101.348696741026,0.279882084969927,0.114279701690244,-0.37820067271151
0.880356125163782,0.00251725849717979,101.688845211254,0.34014847022749,0.0710062054485261,0.114870439610389
-0.771453630407128,0.16044543165912,102.134202397709,0.445357186454842,0.179269560665796,0.344657131558841
1.00280128687141,0.183369175481745,102.520758487538,0.386556089829057,0.214063563852408,-0.154315739291264
1.02553928891593,0.181165681726497,102.696546546505,0.175788058967015,0.196282612368711,-0.0481682464741736
-0.895668848368345,0.213597470177944,103.271951683433,0.575405136928168,0.259014913772762,0.235572052047152
1.36912808595024,0.261058655474081,103.296823079834,0.024871396400556,0.264373781643641,0.195378087425225
-0.659313174077693,0.256747685826896,103.402550974415,0.105727894581648,0.288474747666188,0.258625582611647
1.59789891160888,0.277930260400587,103.669456242845,0.266905268430264,0.3052403197475,-0.126873507947037
-0.122347177408362,0.280146037048354,104.094949867368,0.425493624522503,0.329255399285213,0.221244689720737
-0.321512701721207,0.329992077510813,104.104949867368,0.0100000000000051,0.331414362532829,0.210536865096144
-1.51742310812175,0.33312472922529,104.114949867368,0.0100000000000051,0.333456145528562,0.197802246584457
-1.92931992337591,0.0269378229654329,104.728245897543,0.613296030174524,0.0524287184136249,-0.969190493382317
0.618525619638404,-0.119084398686395,104.963237943169,0.234992045626129,-0.211987133795746,-1.25327140796432
-0.249738029150407,-0.293914057335268,105.086041237273,0.122803294104244,-0.352136555742341,-1.02245956565334
-1.36505591006038,-0.671389780763471,105.712852426067,0.626811188794036,-0.630476012292684,0.254560956534754
1.39199567400685,-0.388892875546667,106.393214316779,0.680361890711865,-0.365156763476753,0.338191598912154
0.65334699890408,0.0128455013578142,106.85739055231,0.464176235531156,-0.0182518115070907,1.05419297039293
-1.25255167545957,0.42899042347027,107.324590763162,0.467200210851644,0.452118016574657,0.85924777724377
-0.0939896164449801,0.443914375327142,107.725219510243,0.400628747081669,0.53607764908877,-0.430228050731367
-1.50851059453514,0.205373340174315,108.140359152509,0.415139642265331,0.253939615134519,-0.826254039350682
-0.30700022817235,0.0678603800493238,108.375890222246,0.235531069737149,0.0194469806890178,-1.13728291854134
0.300373118774876,-0.28178275189626,108.674722985238,0.298832762992575,-0.300859536441712,-0.972299110634929
3.1240079572807,-0.53187017031184,108.949386394079,0.274663408841008,-0.501688721583417,-0.459982567837049
1.09209025742807,-0.380715030612173,109.283316127743,0.333929733663496,-0.390168875651402,1.05146985696362
0.108077554462577,0.199874961731104,109.677034253695,0.393718125952333,0.106481713792598,1.37831170404035
0.909166375903364,0.502889318150152,109.982870988297,0.305836734601499,0.476233022164198,0.98466488469689
0.663469236254133,0.626522144194162,110.116357527361,0.133486539064705,0.59613721007626,0.796975214950315
-0.409577883032788,0.716886625975778,110.359646246901,0.243288719539805,0.721171588684538,0.198888160079965
-1.02347834779046,0.713303100057407,110.602787688313,0.243141441411794,0.661524912001319,-0.649115105486011
-2.35104934432388,0.469817992339461,110.739706899303,0.136919210990328,0.543430320225095,-1.0510475036415
0.362299776992047,0.120003524548634,111.007397533648,0.267690634344262,0.15495538024087,-1.76501293427757
-0.0798121861354935,-0.0456123380899061,111.214642373375,0.20724483972721,-0.186537309620499,-1.51029023836582
1.51865057247062,-0.247120519777718,111.317399630888,0.102757257512906,-0.335389566743514,-1.38020828533319
-1.43273656549194,-0.579290565643856,111.899133305981,0.581733675093147,-0.532626052146025,0.707778829349955
-1.32110445055963,-0.257378783313317,112.218227955398,0.319094649416911,-0.324729816166019,0.546740894913987
-0.469773928765332,-0.346553604421738,112.228227955398,0.0100000000000051,-0.319301330166199,0.538949210671922
-1.27045476260972,-0.152577076992834,112.588598456689,0.360370501291754,-0.133706489939831,0.462209031778336
-0.669814653404922,-0.0628684278740657,112.873638161159,0.285039704469384,-0.0523696529184244,0.1087244258301
-2.4658899569336,-0.0144051952069596,113.256657783518,0.383019622358816,-0.0542594432558447,-0.111254022901746
1.00712503254224,-0.284077657146778,113.706962568356,0.450304784838352,-0.309762839307656,-0.944331681965022
-0.213773100629743,-0.335749827123186,113.782002674147,0.0750401057904924,-0.374149870447613,-0.769803836763954
-0.187171804121972,-0.559654517417299,114.486665246312,0.704662572165219,-0.518691502844004,0.384977390111535
-0.865360169711472,-0.253317170448256,114.88403854017,0.397373293858209,-0.291462511954144,0.679217959770231
-0.0687422825032815,-0.319718162049295,114.941039894131,0.0570013539607572,-0.253613803115146,0.647805126727039
0.800403821854116,-0.102960314873098,115.097132475155,0.156092581024197,-0.15130014051301,0.656067379166461
-0.971284817487127,0.082349119296146,115.355545674835,0.258413199680191,0.0393205708275353,0.799064973353638
0.00671035622025626,0.237637755789736,115.881280583196,0.525734908361045,0.245487518606042,-0.0225870742515663
1.31802815485154,0.162414496360885,116.469167069795,0.587886486599174,0.154695658030552,-0.250888458565768
-0.583785482694157,0.221895986955217,116.810600954807,0.341433885011384,0.132797203558773,0.114969447002422
-0.628695414524084,0.177396805148093,117.196867784897,0.386266830090705,0.112303720570964,-0.20760522024206
-0.802840130457679,0.171590873537319,117.288353615836,0.0914858309386375,0.0902538676239848,-0.273223756999377
-0.808090639985495,-0.089810551835841,117.654119066387,0.36576545055128,-0.0577256193740585,-0.51031427781088
-0.155473754049451,-0.105316836345486,117.664119066387,0.0100000000000051,-0.0628502713466238,-0.514578910050163
0.118796529568623,-0.213330501140235,117.994382808139,0.330263741752063,-0.214839042870185,-0.38983434586077
-1.31293346957566,-0.295864425271812,118.560258392855,0.565875584715812,-0.297498447201634,0.0984955925521933
0.578256816559467,-0.276524112414967,118.633967552473,0.0737091596180051,-0.291962876754291,0.0517681526044693
0.0603032420402315,-0.27053264571031,118.914358243273,0.280390690800246,-0.231667270356496,0.36232960778869
-1.65294404842297,-0.225235376734435,119.050317023782,0.135958780508915,-0.179168511678262,0.40628718235213
0.770496404206989,-0.0736932919661878,119.399399114741,0.349082090959058,-0.126329101604039,-0.0959502148043274
0.643242939982575,-0.058767885062242,119.671938528375,0.272539413633424,-0.113916983084834,0.179483968854246
0.283417037481351,-0.0546079599750979,119.83110075049,0.159162222114901,-0.0759191931126103,0.294305128316928
0.555213002424249,0.195154878267163,120.551739313822,0.720638563332514,0.1651426867339,0.312526010339506
-1.05386183784097,0.137184475559406,120.752575589178,0.200836275355883,0.227780082203119,0.305908701598466
-0.412036346787214,0.214859687535728,120.762575589178,0.0100000000000051,0.230753057946277,0.288697789360623
-0.410872518154548,0.286204913643628,120.995306405683,0.232730816505097,0.268488204143027,0.0361751360356362
0.85779440028052,0.276446141489462,121.11238998156,0.117083575876279,0.265575553940875,-0.0845697425203768
0.330403369930927,0.295647033939861,121.237327417259,0.124937435699451,0.257187841579038,-0.0495379749300871
-0.616090734273121,0.238445627784047,121.82683818471,0.589510767451074,0.19680853932344,-0.13421393415951
-0.393846090426672,0.182586091919335,121.83683818471,0.0100000000000051,0.195417499816366,-0.143979174768607
0.423085729073184,0.192932985637577,122.027312353805,0.190474169094756,0.155315291666968,-0.271900236043465
-2.53118651989673,0.0756026096527671,122.179643806234,0.152331452429053,0.116846697578673,-0.231454176691101
0.401168782057786,0.195105729563442,122.189643806234,0.0100000000000051,0.114399672027061,-0.257915054939948
0.298137081233899,0.00947361350197428,122.709195636423,0.519551830189371,0.0268298198329498,-0.0715718629460619
0.728209586506933,0.108998689159207,123.390852139822,0.681656503398571,0.038707487312847,0.0939825673432241
2.26703745517587,0.0162704120157608,123.733759467765,0.342907327943209,0.102590905061749,0.26608756900161
0.149233461670088,0.181924629466243,123.887938265785,0.1541787980198,0.165452958855283,0.542132340066884
-0.700167347967495,0.357932689923081,124.360333399863,0.472395134078482,0.35092947997375,0.210778433629776
0.502668525922909,0.376172395925586,124.697450188838,0.337116788974527,0.327731843797264,-0.328018957778293
0.636019146797514,0.195833369760851,124.975322663123,0.277872474284919,0.234432615215408,-0.329620690625301
-0.559762207625686,0.122252250130942,125.475035277348,0.499712614225686,0.115188806566316,-0.131578736345128
1.88276741102323,0.233376944785763,125.485035277348,0.0100000000000051,0.113836550818303,-0.138863334416832
-2.07583368326772,0.203788282062416,125.950133570865,0.465098293517002,0.21939618134368,0.546410922777539
-0.971039631308156,0.0821418740469803,126.506694929213,0.556561358347281,0.109605697936488,-0.847276995442037
-0.708984038733106,-0.352637559848147,126.941061148743,0.434366219530503,-0.301627983166892,-0.973774258233636
-0.216990269997393,-0.655237027430707,127.540548912149,0.599487763405477,-0.669405015706508,-0.0695217690345193
0.700051148170482,-0.562328446210515,127.865405241701,0.324856329552304,-0.565388700798841,0.644696753750291
1.84075416733008,-0.0268583856424348,128.406928200996,0.541522959294994,-0.00224273957126405,1.22395278427163
1.04978776307984,0.257771216893552,128.614800098441,0.207871897445187,0.273988529412424,1.4082274493944
0.13721313803628,0.634689983641538,128.874513295439,0.259713196997723,0.614205666455685,1.14193224255636
2.74645576732367,0.700424452688652,129.473372756803,0.598859461363872,0.652555524321403,-0.934448476939299
-1.01726471128288,0.37650799493076,129.830028326334,0.356655569530744,0.393912893068805,-0.437626741276065
0.135572095143797,0.194414918147068,130.132367941079,0.302339614745762,0.188968823367251,-0.872156458162433
0.423247293576271,-0.0242509421928039,130.514895048143,0.382527107064021,-0.116902162424421,-0.691974426480732
0.500280143058129,-0.331153661406509,130.813190965921,0.298295917777295,-0.27422254003317,-0.35074506319592
0.471777384530897,-0.398137503121871,131.211178625886,0.397987659965366,-0.308249003092352,0.169835993819763
-0.94438195177851,-0.269329820188492,131.235916024612,0.0247373987255628,-0.30369890720887,0.197896370438183
-1.08955551556136,-0.368980599963641,131.274912277706,0.0389962530948651,-0.296211769400076,0.185969262045251
-1.75902235897498,-0.263853253906258,131.284912277706,0.00999999999999091,-0.294375154413412,0.181327983469001
0.252532387853706,-0.384729172006667,131.819120224722,0.534207947016,-0.348187351999163,-0.342110019546748
0.157757822686083,-0.391994701996335,132.113869949909,0.294749725186904,-0.389983753173713,0.0570763938312208
0.955360351784004,-0.324790045291114,132.425899038593,0.312029088684199,-0.319351476447472,0.372786398466749
-0.735942388553378,-0.269803666745374,132.486177362976,0.0602783243824376,-0.294105520407363,0.463534908178718
-0.784225478919101,-0.188325581364655,132.730593227343,0.24441586436717,-0.19127632477235,0.367751256653009
0.486973731482002,-0.0232638995706704,133.195781819191,0.465188591847465,-0.0866720205374935,0.0749704731124081
-1.01945055256344,0.130335440670674,134.192354761432,0.996572942241215,0.192136892239746,0.359583144843703
1.25393575864047,0.227971622203347,134.52312571892,0.330770957488284,0.223743088355161,-0.158781291014738
-0.567028293645942,0.225198194656356,134.888920141953,0.365794423033435,0.219699267267101,0.128474452487142
-0.0044646131770937,0.198837577935071,135.270600351856,0.381680209902754,0.191286795212412,-0.259967128541051
-0.666979931219322,0.0821310481836787,135.449203450965,0.178603099108301,0.140958839630593,-0.299400332271985
-1.06890698371243,0.0347735281956076,135.795114554979,0.345911104014704,-0.0033272126886283,-0.511223114282401
-0.365905542223874,-0.12215206839507,135.92347794699,0.128363392010385,-0.0750818227715096,-0.602669725280467
-1.03505005203431,-0.290761119635251,136.242830513831,0.319352566841332,-0.256407703190108,-0.511655833192179
-0.622676656394589,-0.340896282562062,136.389618393757,0.146787879925967,-0.332585069603125,-0.519980818983494
-0.437262614257797,-0.338313752460465,136.40027825827,0.0106598645131442,-0.33809995278141,-0.514694450416904
-0.58450183672617,-0.387064545834635,136.602776865886,0.202498607616036,-0.426107945983184,-0.344829579397627
-0.495805097845229,-0.394284176204437,137.349970885908,0.747194020021425,-0.425255145642978,0.302038037960063
-0.0887336256687015,-0.120251382726023,137.970257264243,0.620286378335692,-0.189440399424554,0.368440241853526
0.504886808961018,-0.0553841262177935,138.310533011262,0.340275747019092,-0.0620281796928604,0.364259156709878
-0.442708619358209,0.0032844555007629,138.435440368351,0.124907357089029,-0.0133525328978886,0.412549533183117
-0.342156776015405,-0.0111771864787766,138.445440368351,0.00999999999999091,-0.00925827505580035,0.406322393210118
-0.378773985595247,0.0393841998808485,138.647152168481,0.201711800129715,0.0613246605833319,0.290668386278395
-0.582476399631264,0.0603616746818592,138.924791953462,0.277639784981119,0.116407618932276,0.105003450938005
0.42174496194401,0.140222000725178,139.120792589476,0.196000636014077,0.120535321804176,-0.0604710851801653
-0.00757397634184844,0.124522442310325,139.536732012797,0.41593942332068,0.112704037460935,0.0211511336296612
0.131396640606665,0.013825955408852,140.129196525342,0.592464512545234,0.0862722854467211,-0.0986180584526344
-0.604770998178009,0.0755868073962942,140.541089034527,0.411892509184412,0.0482740163623436,-0.0810765125557848
1.98441612601384,-0.0892639998694448,141.017188634627,0.476099600100127,-0.0544019378895557,-0.323990606780234
0.929114469553871,-0.0469714942827291,141.391227260079,0.374038625452727,-0.0251707769395912,0.452135098415615
0.704303203123048,-0.0426724311314744,141.401227260079,0.00999999999999091,-0.0206119194320645,0.459604874225044
-0.119038746876789,0.194263472135995,141.75396356887,0.352736308790526,0.164718766098116,0.565076484243775
0.371604605807773,0.310517563666226,142.126601954142,0.372638385271557,0.315385869086455,0.226625854526464
-0.0691400725740738,0.27082281507677,142.136601954141,0.00999999999999091,0.317625581267689,0.221306612992356
0.588321108746682,0.28749654865892,142.450370749894,0.313768795752821,0.338907608917459,-0.0817391249415036
-0.815089076166271,0.288097897243776,142.934899968158,0.484529218263702,0.279710132038345,-0.143357803771121
-1.3862089331825,0.23048374781894,142.944899968158,0.00999999999999091,0.278206141688486,-0.15742190623423
1.1620479163863,0.139120825273864,143.196234490833,0.251334522674796,0.181025431118501,-0.595094049559841
-1.81176313900934,0.0188049577081371,143.507550811622,0.311316320788904,0.0506308818062337,-0.23706113241048
1.16623730426934,-0.254382056347286,143.949356132306,0.44180532068404,-0.205403438262394,-0.858676727193762
-0.11414839641699,-0.288631265412546,144.630276521675,0.680920389369192,-0.290512047865541,0.557091218532345
-0.368575229459206,-0.0526340257213979,144.948844387079,0.318567865404191,-0.106714604327417,0.570821824018004
0.986933088245469,-0.0166447983090105,145.240248752072,0.291404364993042,0.0376163280046418,0.409411714629916
-0.752517581042523,0.202479136625154,145.550414079331,0.310165327258403,0.192298668339416,0.566145158647684
0.780508299849166,0.223310846202895,146.046666922489,0.496252843158686,0.287522506726976,-0.174975641999148
0.974492594060804,0.250522379415059,146.056666922489,0.00999999999999091,0.285781534509436,-0.1732108134726
0.0561997667668755,0.400545512004718,146.199780306196,0.143113383706435,0.264963824032291,-0.116827151665348
-0.89854273331477,0.139372934628748,146.727929795567,0.528149489371714,0.149738650659226,-0.284468063256098
0.255114011199819,0.151630698154423,147.11385017903,0.385920383462604,-0.0274130405666457,-0.599442373841417
0.585700943186932,-0.166567558448127,147.517043944614,0.403193765584433,-0.211048389727411,-0.293755980806729
-0.760953795277489,-0.22097798508483,147.998081734504,0.481037789889683,-0.216666846279211,0.249419546192669
-1.87276086382545,-0.0978310351909956,148.28238534003,0.284303605526134,-0.163354853419492,0.122223103717951
-0.177406747626234,-0.222177882679182,148.29238534003,0.00999999999999091,-0.162211818388589,0.106393623715784
0.16710250337132,-0.0413425838579473,149.008132872706,0.715747532676005,-0.075132331164109,0.113113056371431
-0.209605251624733,-0.0740667846837829,149.199240051251,0.191107178545167,-0.0491575262999973,0.15631714281299
0.792250600925679,0.0180153922023629,149.258518424461,0.0592783732095086,-0.0402306460957344,0.144751416335823
0.342244351293484,-0.0235211810615403,149.429543806905,0.171025382443986,-0.0043845341952101,0.270579766532165
-1.80059152460645,0.131265784384042,149.773694967163,0.344151160258178,0.0970693296183626,0.306062156252073
-1.01280308162778,0.0875770640161878,150.021863798819,0.248168831655477,0.108473930606159,-0.204564569105322
0.0788329342062444,-0.0583660071390852,150.372715368353,0.350851569534456,-0.0248593328857025,-0.529849500390573
1.10906732655946,-0.240682998676625,150.697671478898,0.324956110545315,-0.171715330073629,-0.361264959258219
-1.10064625059852,-0.00770515997170751,151.015185410088,0.317513931189836,-0.204104518465381,0.148069143543718
0.10926022165617,-0.202750012121688,151.542694207094,0.527508797005822,-0.221586008157584,-0.194819670394391
-0.178587058243003,-0.196183663450823,151.858016795846,0.315322588752053,-0.2478251032457,0.0264706992646103
0.609611210591258,-0.21881897597427,152.382111238349,0.524094442502701,-0.190644097126384,0.171372166096512
0.500251230316837,-0.172165640376216,152.617472169047,0.235360930698477,-0.126437872555675,0.364378152061262
0.840207697969181,-0.0678358486578674,152.843979406621,0.226507237573429,-0.0311547001115144,0.467432725745775
0.355707355888864,0.138977192707202,153.144531858614,0.300552451993639,0.133587748261179,0.608207610976965
-0.911439871276983,0.489885148569236,153.548910081262,0.404378222648148,0.346630902459221,0.409815697721227
-1.66530057274113,0.345973209607521,153.913340055524,0.364429974261895,0.362902721406083,-0.302510740505065
-0.503969446377064,-0.0274667798227208,154.328232167997,0.414892112472813,0.0585020654580665,-1.07746708980344
0.718242729173919,-0.186916431224603,154.527690257529,0.199458089531817,-0.155198585390383,-1.05101169418679
1.50309758497714,-0.479274277056107,155.189096268325,0.66140601079627,-0.436612093666253,0.246243858691594
1.4457215950835,-0.0327483128343322,155.696405672185,0.507309403859978,-0.0393112499926626,1.17306998474328
0.545785111834987,-0.00271915326364704,155.706405672185,0.00999999999999091,-0.0275339537938396,1.18231941757757
0.0967694487796084,0.216098824357457,155.781380686921,0.0749750147362818,0.0609734698464331,1.17642192008099
-0.948501767161271,0.0442346263702458,155.791380686921,0.00999999999999091,0.0727065544245732,1.17016467959818
0.129660726650685,0.30728614995894,156.004978624497,0.213597937575315,0.281771042478395,0.775630736724277
-0.141679535514287,0.259248623206006,156.076543058358,0.0715644338615391,0.334765390573813,0.703645002267305
2.45299338812729,0.389791321763777,156.266214566908,0.189671508549736,0.441867111341002,0.415632446125198
-1.29820270756878,0.786491951916432,156.940980377922,0.674765811013799,0.763303505157231,0.253284291955272
-0.737909488571756,0.468590966707241,157.340613393193,0.39963301527078,0.500664925474707,-1.35608870425897
-1.95191876711558,-0.192732582026233,157.807560832501,0.466947439307916,-0.211984348951681,-1.53790382901785
-0.695198788170276,-0.4547067980338,157.954596519725,0.147035687224559,-0.443084988654798,-1.58428576587561
1.12156431096367,-0.8639968533995,158.4260356193,0.471439099574667,-0.884585634999487,-0.0100533465143596
-1.01708643566092,-0.251068811933107,158.95827626853,0.532240649229749,-0.242135985942872,1.86341868948628
2.14707254956967,-0.00349327891493612,159.123330545805,0.165054277275374,0.0436916787115767,1.58649756838155
-0.395328583321116,0.410734171294838,159.334063671113,0.210733125307627,0.39934140656447,1.75054705935925
-1.2339534751893,0.683903724402017,159.539631891863,0.205568220749996,0.697904754743174,1.0966544903514
-0.987157091817788,0.679428172859473,160.016051326087,0.476419434223999,0.627784454456927,-1.23377526433014
-1.24388878636251,0.376749376440705,160.143825278986,0.127773952899673,0.450479205089353,-1.51436052572058
-1.52562573912121,-0.0697998419415075,160.479914810554,0.336089531567865,-0.121287537331042,-1.79434911535864
-0.696524128277293,-0.5826127040073,160.731083381335,0.251168570780493,-0.56978625877758,-1.70416597454759
0.627599795152453,-0.654360446305744,161.43271565416,0.701632272825151,-0.729969310474575,1.25991918245928
0.494713411996599,-0.171348694547198,161.771284113787,0.338568459627169,-0.187814680763646,1.75911879555536
-0.209155465591754,0.480628621719524,162.192617640899,0.421333527112608,0.508533411920989,1.42048921194327
-2.24450579310718,0.528867825452682,162.228086282095,0.0354686411950524,0.557232848783934,1.32401427822194
0.0297263816283171,0.499363757674188,162.744240395377,0.516154113282482,0.535833564514803,-1.27176047321626
0.215506691888842,0.374663420932464,162.887336036658,0.143095641280695,0.345606912077816,-1.36340206727802
1.00857675519065,-0.124867519063743,163.215696725492,0.32836068883401,-0.0797716224801469,-1.17690312837006
0.700626668683332,-0.0440639298417845,163.225718057849,0.0100213323572973,-0.0914771359792972,-1.15921781688131
-2.10800960830796,-0.3570245817686,163.44727468395,0.22155662610075,-0.309124773307935,-0.790883816199978
-0.861872635495048,-0.448934821622554,163.561239612346,0.113964928396626,-0.404563165144162,-0.876080159558231
0.956616804730688,-0.502210700304242,163.662924972305,0.10168535995831,-0.489307336164645,-0.784207787500977
-2.5216062058952,-0.633600775536464,163.914749011497,0.251824039192371,-0.588851991687542,0.00431249449151736
-0.405345199918341,-0.638776776999196,164.223075049394,0.30832603789645,-0.601538967291745,-0.0795894615095446
-0.442677565878852,-0.401964140327126,164.827325305092,0.604250255698759,-0.372625002956478,0.655614610043996
-1.01169749598333,-0.372218659690459,164.865610899659,0.0382855945662754,-0.347378551400035,0.662564948475126
-0.669107466513272,-0.382618676135579,164.875610899659,0.00999999999999091,-0.340774995569992,0.658120178512558
-1.27520132875829,-0.236405238813995,164.947216762561,0.0716058629024872,-0.294094227086044,0.643784814452564
-1.10589518254096,-0.247946286626211,165.09662101125,0.149404248688853,-0.208545565880984,0.496979087133184
-1.43563350365391,-0.151596672267835,165.402621786288,0.306000775038541,-0.101029336815941,0.200448682310633
-0.0630823935880759,-0.138300336836719,165.604771372999,0.202149586710732,-0.0871466662416341,-0.0596981947118865
0.0605823398814835,-0.168557697883483,166.573926654395,0.969155281396297,-0.0801248877703142,0.0612864779247399
-0.66919319462474,0.00573557113973632,166.860468359264,0.286541704868824,-0.0556001456202055,0.106374671883342
0.210082499449843,-0.138325638279976,167.245948963602,0.385480604337744,-0.058057874611014,-0.1117291566489
-0.568078584942458,-0.0500083418149298,167.431194030318,0.18524506671551,-0.0721813818432048,-0.0409501246957262
1.76248910347613,-0.160259117714893,167.822675177631,0.391481147313527,-0.115493766890868,-0.170027229909659
1.71055636387557,0.00625472241277322,168.085874389854,0.263199212222418,-0.0908264287787969,0.343780813992631
-0.412564979954513,-0.118690877592026,168.095874389853,0.00999999999999091,-0.0873026476740106,0.360935388293954
-0.557750879239649,-0.0800270899536822,168.264652339313,0.168777949459894,-0.0326938904311601,0.284079882881523
-0.450924404751095,0.0151676033954077,169.009699676886,0.745047337573027,0.0025167442255364,-0.169291614713037
-0.126655739647156,-0.132132894253785,169.373117007232,0.36341733034584,-0.079040795256431,-0.266512037495394
-0.703939481864213,-0.175878337720635,169.92124020018,0.548123192948196,-0.188852759991517,-0.11783180002137
1.06609270202248,-0.296887295272872,170.339065229556,0.41782502937528,-0.252926158654373,-0.174599168275945
-1.2102701410253,-0.264285332354125,170.365553274352,0.026488044796281,-0.256941735005708,-0.128646036350156
-1.08407867619767,-0.372573374853053,170.894627904946,0.529074630593669,-0.380997314071679,-0.293901211855727
0.256174229411883,-0.513922731062088,171.337424116933,0.4427962119874,-0.485063396771207,-0.143858774717392
-0.370377009255673,-0.480876347869492,171.353573515543,0.0161493986098549,-0.487143017679863,-0.113708395891785
0.237837472489728,-0.55826304212596,171.476689635528,0.123116119984701,-0.491814455843769,0.0368128976044212
-0.114758200610767,-0.467199776233137,171.645487869247,0.168798233719201,-0.461175735078756,0.317539945431378
-1.06503059183222,-0.44620914487804,171.707597567298,0.0621096980509321,-0.439346418175472,0.383894001817436
0.311891919754728,-0.366018244662788,172.00886550568,0.301267938382125,-0.329275675243318,0.324908034345458
-0.140065048406429,-0.0666080927360754,172.506411401436,0.497545895756531,-0.0808934684251518,0.60512689960142
0.579339409832155,0.169566576923367,172.950719599633,0.444308198196751,0.146533594953318,0.391698366576364
-0.779830959993418,0.143284367779815,172.960719599633,0.00999999999999091,0.150454139499466,0.39236216460618
0.662663990393199,0.268090764979247,173.164575613997,0.203856014363936,0.203359885245912,0.126749062596425
1.36765398115202,0.24954309623262,173.174575613997,0.00999999999999091,0.204634838576531,0.128234671643974
-0.787760486681793,0.40629144070771,173.843113395803,0.668537781805696,0.426562982016236,0.4306447145646
1.51061776616923,0.501335535222913,174.039615688456,0.196502292652781,0.467309009029751,-0.0153507860430459
0.278488411942794,0.418993874862205,174.448916505406,0.409300816950349,0.467213467587885,0.0138920015411901
1.22977207347106,0.454733876727668,174.807559645741,0.358643140334834,0.404331671666412,-0.335159032628477
-0.387748569490901,0.309872397036529,175.305593904675,0.498034258934467,0.289666925169082,-0.0992019719921862
2.01219892683296,0.144828854017933,175.75007002266,0.444476117985204,0.158781199623415,-0.448983540936199
0.427075571948059,0.123593752683459,175.854308937583,0.104238914922831,0.122294042331418,-0.251354973034566
0.320005717282407,0.0623544929021072,176.140495144597,0.286186207013913,0.0639113896531609,-0.153068289237344
-1.37357609887458,0.0264767665400208,176.473346546888,0.332851402290913,0.0285527765138775,-0.0580504256390128
0.971851316823702,-0.0570621656308386,176.483346546888,0.00999999999999091,0.0279023268102067,-0.0720269360940565
1.24883417122685,0.0977193403868653,177.093676328967,0.61032978207939,0.139753116907865,0.390465190688291
-0.724143591164106,0.169522441941176,177.254603996225,0.160927667258022,0.211499786965612,0.495042523487392
-0.804375476017486,0.288507414243499,177.692133283176,0.437529286950905,0.286913982509721,-0.143513355395732
0.103704140957855,0.104030755841909,178.18714462604,0.495011342863705,0.0715978602610783,-0.658368691496551
1.48395286379895,-0.129593031346577,178.513586115417,0.326441489377004,-0.121681971732091,-0.508357673466891
0.660732615758006,-0.136645722497136,178.861980485289,0.348394369871443,-0.179459293378922,0.165026987914412
-0.949051391509811,-0.00550472663870391,179.44663410373,0.584653618441706,0.0466693353778175,0.54231065734413
1.05946477544601,0.106641479964066,179.99897580406,0.552341700329606,0.143152641551548,-0.178849594032877
0.188582277201512,0.00668103785999792,180.126592001956,0.127616197896145,0.127206564959849,-0.0714279914585363
-0.544207031567807,0.157008019605039,180.237176093251,0.110584091295209,0.119101185331508,-0.0748005356912931
1.64100837966326,-0.209299604140569,181.061512025826,0.824335932574314,-0.129778565697117,-0.4318069229041
0.178934964411551,-0.127959265832044,181.237676605213,0.176164579387404,-0.17308998085581,-0.0623361542363524
0.177832331857405,-0.268920747213083,181.324765669101,0.0870890638879303,-0.17632932052267,-0.0123027915511809
-0.618461678107702,-0.107382313266055,181.527329553582,0.202563884481549,-0.167682652442028,0.0951383665663869
1.34534133590478,-0.153264428732959,181.804412418516,0.277082864933874,-0.153188528014999,0.00986393639071868
-0.501059700176385,-0.0562560880201067,182.16455448609,0.360142067573776,-0.050475776353469,0.531128017465645
-1.86290680545382,0.0358340780826708,182.38278402832,0.218229542229523,0.0484806762103556,0.371457362114943
-0.589324850200362,0.0397577168643134,182.705529823527,0.322745795207481,0.0601563479466878,-0.282689053914058
-1.61545104541468,-0.0706891561588981,182.986609801035,0.281079977507773,-0.0384636465186719,-0.406837807719956
-0.325190950254571,-0.241419580561403,183.443199682495,0.456589881459792,-0.335267925673106,-0.819341497662644
1.72707897012068,-0.469841256292586,184.123184909836,0.679985227341575,-0.559462568173434,0.242733874336596
-0.279698569467814,-0.66287354659421,184.221431722192,0.0982468123553133,-0.518857476110344,0.576849879793044
0.580430857587187,-0.314274988192297,184.538452761259,0.31702103906764,-0.29776402434694,0.759348783356874
1.48905907534739,0.116437712550031,184.999159293904,0.460706532644764,0.108871838656822,0.928130393572387
0.0232737544689141,0.477805922747341,185.378809474964,0.379650181059645,0.492199409771062,1.00414793417326
-0.267354453980238,0.628769165532614,185.760834203805,0.382024728841117,0.688591387382591,-0.0387991250120881
-0.342800836550842,0.357376139293072,186.231864392518,0.471030188713343,0.385359587817322,-1.04193177396608
-0.202601818038203,-0.0233037484058111,186.624802613365,0.392938220847213,-0.0533724432352935,-1.11474947773965
2.38912031621855,-0.183844276609745,186.717549448051,0.0927468346856699,-0.154499446699106,-1.06288427663378
-0.808115699946305,-0.209522970989444,186.727549448051,0.00999999999999091,-0.164965581951043,-1.03036731327766
-2.13287184341315,-0.446216111474012,186.982394818069,0.254845370017819,-0.418001999376126,-0.921752923278719
0.0166260314977958,-0.794679011772982,187.588493151982,0.60609833391365,-0.850414989830516,-0.14702075335496
1.01768131978691,-0.823815824769199,187.794420126673,0.205926974690584,-0.782718139864382,0.760017620943856
-0.480124070282906,-0.409908647251798,188.104392902332,0.309972775658764,-0.383995692846575,1.63419042374724
-1.01455847442143,-0.0597639941645588,188.30375501417,0.199362111838411,-0.0700758179621108,1.4877619515639
0.605141582508769,-0.00285219808918066,188.31375501417,0.00999999999999091,-0.0552796189344771,1.47155686088211
0.578891367188721,0.692125868632607,188.84259422832,0.528839214149968,0.636279047522691,0.933727765583117
-1.93782190667765,0.660088860471921,189.302167468379,0.45957324005866,0.741422656580161,-0.499484269811893
0.447413037541655,0.484271320992161,189.583290324847,0.281122856468158,0.430759905907958,-1.57495651501366
-0.771433838068685,0.200489700062363,189.767909616175,0.184619291328289,0.145931423384676,-1.48313360834935
1.81863786479284,-0.543579247796538,190.266834533098,0.498924916922562,-0.565483589217104,-1.19488331689431
0.685082114645921,-0.60377912806245,190.296429064149,0.0295945310508898,-0.598871629802626,-1.06067535291712
0.0462404651233256,-0.723783961322583,190.531306829626,0.23487776547708,-0.740974400685203,-0.117735614125875
-0.726745076789443,-0.442051431835609,190.944856102505,0.413549272879493,-0.524667738806531,0.993879532275487
-0.154980551883102,-0.381097790242301,191.092881428475,0.148025325969598,-0.374671668437309,1.01379512589676
-1.52696960491365,-0.0982855407118893,191.370092091098,0.277210662623588,-0.0927979168907897,0.983012887270347
-0.480593886259861,0.082367958139418,191.868304725296,0.498212634197188,0.158119302230562,0.0207606196600315
0.127846401454704,0.116211523200163,192.393548148354,0.525243423058583,0.0685799850448417,-0.328457177550133
1.37981680674762,-0.0456601332596635,192.793434559116,0.399886410761894,-0.0449321232838618,-0.227382859636911
-0.590994470992416,-0.0082343432972152,193.046956724003,0.253522164886903,-0.0530787627398539,0.155698725194001
0.930938765365264,0.0466337639999711,193.379809988135,0.332853264132154,-0.0320250365846464,-0.0264859638475388
-0.755259408095598,-0.100108455738494,193.502745589024,0.122935600888866,-0.0278175190504278,0.0935297627474918
0.812373801290766,-0.118695516941426,194.195057771338,0.692312182313742,-0.119865267862074,-0.31302373329594
1.28048033527642,-0.133009551053048,194.453255528456,0.258197757118666,-0.160332606030984,-0.00308743939241123
-0.467609742351277,-0.09127014891139,194.663736971967,0.210481443510929,-0.126541027117667,0.315804518438218
0.287013750869727,-0.00784488797317768,195.103491412117,0.439754440149386,-0.0281007250352449,0.123879060577145
-0.416743614078653,0.00190481948786348,195.373706825318,0.270215413201498,0.0142960525207977,0.184713283807265
-0.537982622122974,-0.0356829565367286,195.819771935398,0.446065110079445,0.0434734874119876,-0.0494864965835256
0.334370135961188,0.0156455135083786,196.011699627242,0.19192769184437,0.0234405733612005,-0.156264759169537
2.7770438503193,-0.0408985391618525,196.568498566699,0.556798939457082,-0.00622926246801579,0.045699450096784
0.70060478085484,0.223493272920189,196.990098365423,0.421599798723605,0.234608724019742,1.02482157325139
0.562175017272398,0.580538995077736,197.326950304538,0.336851939115093,0.540037005566977,0.721384531558583
0.22766438254376,0.627687120475934,197.553744707823,0.226794403285226,0.654285745635186,0.262476817866515
-0.45434676313478,0.655292110881627,197.563744707823,0.00999999999999091,0.656779807467116,0.236311976799516
-1.56480905065049,0.719456529962038,197.600760456299,0.0370157484756533,0.663263661128196,0.114053799603985
0.144953259381406,0.454994628883617,198.000205025622,0.399444569322924,0.40267069742893,-1.2522097070362
1.34646369691871,0.274011480984829,198.131635498054,0.131430472431958,0.236905844840336,-1.25729271865223
-0.712211170436981,0.265722102874774,198.141635498054,0.00999999999999091,0.224405009069459,-1.24283931496895
0.277194289184465,-0.397624973503642,198.566065183721,0.424429685667462,-0.317914646022331,-1.22609504919718
-0.076730415727748,-0.445238589091388,198.767640584376,0.201575400655003,-0.525705835046577,-0.80929834513204
1.41202370564406,-0.585519383133203,199.283360371943,0.51571978756661,-0.610951975892472,0.476078340429559
-0.436592842290727,-0.0705879594818151,199.752596354244,0.46923598230137,-0.105324328778126,1.46411233900566
1.33937836780659,0.24318710524458,200.014528270555,0.261931916311369,0.238514943337065,1.13591974184054
0.0542277489287125,0.479716099994266,200.193772111672,0.179243841117113,0.442138552014659,1.1134621256438
0.943128069201685,0.485002784815646,200.323090836562,0.129318724889742,0.569235288202963,0.839000013186587
-0.914088013339087,0.780297223345855,200.824174928475,0.501084091913157,0.718477724868804,-0.306179351814935
-0.579436204028205,0.414731682058041,201.149893550942,0.325718622466354,0.443526463660167,-1.24433981868988
-1.17673254790542,-0.305922969955465,201.697220117754,0.547326566812302,-0.300129547430951,-1.29955280659944
-0.72510162910756,-0.790616914463195,202.097189600385,0.399969482631178,-0.744164633247317,-0.745998146151656
0.162425324051495,-0.610099983506654,202.6569043839,0.559714783515091,-0.629735967629524,0.950916881722359
-0.163064565668166,-0.114812893338406,203.066714513167,0.409810129266901,-0.140736002798223,1.27342473380107
-0.845976806399513,0.346071914554473,203.507336865079,0.440622351912253,0.3402101632338,0.84174137564816
1.33404885361639,0.500751061242305,204.005837314583,0.498500449503666,0.4670766751043,-0.333936389186614
-0.367818228319587,0.423046153673005,204.015837314583,0.00999999999999091,0.463740503757116,-0.333272624638203
0.111318929017696,0.314335273898259,204.228088574072,0.212251259489165,0.360764802547534,-0.615239339127577
-1.30112557758502,0.176774481009114,204.454999138403,0.226910564331007,0.212172867352727,-0.674997838608491
-0.155456611717531,0.177061791855093,204.515906724815,0.0609075864116164,0.168492509553489,-0.757777467875461
0.52243504872962,-0.135386344792988,204.797871595489,0.281964870674244,-0.0442935143684699,-0.731188074184785
-0.918914091783476,-0.0847983966233951,204.970379396752,0.172507801262526,-0.155098106433441,-0.549171798174438
0.230483238589144,-0.524109318114694,205.523225932835,0.55284653608328,-0.459645072675218,-0.456412988142566
-0.137722143610473,-0.513763595777552,205.72495011707,0.20172418423499,-0.512449947028907,-0.0637802966890812
-0.919681149398992,-0.458821172823869,205.73495011707,0.00999999999999091,-0.513008216058786,-0.0478818215984498
0.913277005709212,-0.486737486081626,206.3700176256,0.63506750853017,-0.412490630723632,0.286203156047051
0.21357832919962,-0.417717045610681,206.605956897846,0.235939272246185,-0.296430310647367,0.671930366363201
-0.88405157569831,-0.329385846267788,206.636318740836,0.0303618429892651,-0.275763275698757,0.689046116543143
-0.387286044309097,-0.282175134925122,206.646318740836,0.00999999999999091,-0.268901657264887,0.683251879935571
0.321532297516522,-0.0240991735762413,206.916080794322,0.269762053486829,-0.0937264520899281,0.597653823099372
-1.89134106738385,0.197335943820596,207.318328434873,0.402247640550343,0.150033925175242,0.58109137392646
-0.76016915440328,0.217313422014416,207.348580285554,0.0302518506809406,0.166469209101635,0.505478361391069
0.211048845717505,0.146173575421976,207.62532336216,0.276743076606635,0.252701286463218,0.115986131435302
0.191555719032193,0.257757566399359,207.990778972644,0.365455610483536,0.266086701126429,-0.0403954368576917
0.322508516292447,0.150299402118537,208.672931059871,0.682152087226797,0.166544252614338,-0.20972961617619
-0.432366634194385,0.149082088165094,208.867215208883,0.19428414901239,0.127678836968678,-0.187803703546272
0.487022612213712,0.18468413375432,209.051800773255,0.184585564372156,0.0835134257150904,-0.286251812228693
-0.451981889859807,0.0406207516696439,209.332504843555,0.28070407029935,0.0223320328404895,-0.147071996750789
0.543955212038573,-0.152435850689146,210.067112007626,0.734607164071548,-0.161339720067329,-0.295762282268673
-1.3162297680211,-0.165553225358383,210.265959372626,0.198847365000177,-0.19957875113739,-0.0891004413407453
1.89212167028415,-0.259249780530403,210.427842744612,0.161883371986193,-0.224402867142804,-0.214116297087284
-0.598148715802765,-0.160408124981355,210.757030305544,0.329187560931729,-0.166130662154398,0.538794321781284
-0.514095849781483,-0.0592807911472405,211.109862158331,0.352831852786466,-0.0138035846748281,0.312272445013385
-0.717432923690768,0.0790360429388959,211.604181354238,0.49431919590711,0.059408354013801,-0.0146524315030598
-1.05552213446844,0.0171740357945885,211.931592635879,0.327411281640934,0.01337633828535,-0.254832617593384
1.14580018479407,-0.278422930503104,212.455515877959,0.523923242080429,-0.223549219187215,-0.589092959641719
-0.954190846798389,-0.370858778006139,212.746297077435,0.290781199476271,-0.311318254864915,-0.0151640170485688
-0.253026939771484,-0.406769764848123,213.176563254149,0.430266176713815,-0.331353174209899,-0.0707915795781795
0.156076995732956,-0.378459954014189,213.612567550974,0.436004296824819,-0.30653863116484,0.169186574882173
0.715306282289829,-0.239907309894001,213.895082719653,0.282515168678742,-0.229822050331966,0.358183447601689
2.07840272369007,0.127101467057212,214.506593729957,0.611511010304298,0.126535423293264,0.709797244623218
0.0799587431141784,0.532626184804631,215.014679233938,0.508085503980993,0.607254149587917,0.998698101718476
-1.26902464510386,0.769830867005876,215.195454042761,0.180774808822918,0.737275258316686,0.41362243227081
2.67120802203087,0.361694349117114,215.706933976562,0.511479933801354,0.386812785878146,-1.46010075136717
-0.488202188585364,0.105328572546197,216.173928845774,0.466994869211845,-0.000545597039140582,-0.173547649690288
-0.607051543661767,0.0125447613788733,216.265551827054,0.0916229812795564,-0.0180551584961924,-0.2078654101516
-1.11464471680252,-0.192147550411387,216.804908080085,0.539356253031485,-0.179191200133259,-0.351535733906105
-2.0065003380793,-0.224455115074006,216.81801603844,0.0131079583546807,-0.183846027351493,-0.358670267206167
0.143901090787074,-0.335100120017598,217.096861698562,0.278845660122442,-0.332598516303128,-0.679985802022941
-0.0372375146143484,-0.346283637076475,217.28952546687,0.192663768308051,-0.436818779014675,-0.392255246385568
1.6645424201786,-0.532837645217411,217.578558199163,0.289032732292412,-0.48685800159095,0.0480913179741702
-0.637276502055964,-0.462413831691927,217.773826703569,0.195268504406641,-0.419858463752137,0.617521925678246
0.478617512101725,-0.370530255001728,217.957838456971,0.184011753401734,-0.3046219342953,0.620828825463271
1.72484491926635,-0.0225405678332897,218.438077925338,0.480239468367159,0.0574994287488112,0.811150639531786
0.513972870998671,0.316826183706614,218.755723172944,0.31764524760527,0.362152391773567,1.05659901148355
0.244891592915837,0.756280981715984,219.197998939231,0.442275766287338,0.676233590947776,0.242932971395297
0.250822127429634,0.512028914757736,219.652295996068,0.454297056837135,0.528309891385032,-0.763080076259402
-0.03181886182798,0.0645373717180618,220.200126022163,0.547830026094942,0.0518614307516106,-0.822069427467199
0.560718718903042,0.0663689981085225,220.386174134378,0.186048112215076,-0.0947656970035236,-0.746129877058671
-0.180375583914031,-0.301047071848435,220.556401420702,0.170227286323723,-0.204641055193128,-0.540377991871257
-0.756096719277012,-0.373100385688825,220.925684481514,0.369283060811824,-0.358072233561459,-0.26816252688484
0.0887457413052981,-0.326391199311852,221.292131847887,0.366447366373166,-0.428305907941257,-0.101464627680279
-0.0490472204578381,-0.256378399126464,221.903103623352,0.610971775465146,-0.270543530139747,0.517952524331477
1.26826989151038,-0.0270890663079374,222.293478947989,0.39037532463729,-0.0585044496200756,0.534027990498769
-1.85556179979763,0.168302994005605,222.63110118947,0.337622241480972,0.174406109204858,0.810445118814821
-0.838058648983866,0.273989734878757,222.961483802038,0.330382612567377,0.296654971684929,-0.0660070283345494
-1.11451962831811,0.303602157360982,223.059934330694,0.0984505286561443,0.282920655273485,-0.211096361003852
0.456789919466703,0.112171099568589,223.336272287593,0.276337956899681,0.166284553497428,-0.608730347247555
-0.507924719315958,-0.101100083218307,223.772247480414,0.435975192820308,-0.0472447273835736,-0.347997309389228
0.262657790744452,-0.283692659617599,224.17124858057,0.399001100156255,-0.196104951398889,-0.374983308720611
1.65892900563725,-0.199099514942921,224.411265530023,0.240016949452553,-0.259813494820452,-0.153176627810536
0.705833245648728,0.138391243682105,225.064872925079,0.653607395056355,0.0672975135092031,1.0036128208228
-0.104054103400176,0.110106908379976,225.074872925079,0.00999999999999091,0.0773365980179707,1.00416448169373
-1.02787146583252,0.247127343234413,225.227927639829,0.153054714750567,0.221054986733141,0.866923257944527
2.06921464726738,0.409249413965848,225.54315757561,0.31522993578082,0.39089694953441,0.196790367123437
-0.382938973095229,0.568080144204641,226.081747787825,0.538590212214274,0.580239389121737,0.400826703133213
-0.822725488754694,0.514293757468633,226.509650166388,0.427902378563687,0.509944554236504,-0.65504774234677
1.62366742422716,0.347548902848106,226.679383976238,0.16973380984993,0.371458759269043,-0.953037756822615
-0.988381228212844,0.0198600844275525,227.091054651635,0.411670675397232,0.0964177798297931,-0.351174085046258
-0.731755982090829,-0.0261881057475284,227.431980710642,0.340926059006762,-0.073189450887709,-0.616613914651471
-0.509760977580162,-0.0348514640523429,227.441980710642,0.00999999999999091,-0.0793691528824316,-0.619294309919944
0.177563335549538,-0.208627450317359,227.608261745239,0.166281034596409,-0.18186044111084,-0.607135642916254
0.629702028088897,-0.326288567263708,227.911294927801,0.303033182562302,-0.321060600196358,-0.298242291340115
-0.703992070689443,-0.332667149572204,228.223218312928,0.31192338512696,-0.337682782320192,0.18223826874589
0.362514232170535,-0.361530557375222,228.233218312928,0.00999999999999091,-0.33585685711304,0.182932860331609
-0.79701325345574,-0.181099037718941,228.585378391917,0.352160078989499,-0.21174554742419,0.489513845385341
-2.03552333805096,-0.233096247872476,228.778946753881,0.193568361963401,-0.128729957745232,0.36370445209526
0.212879276961746,-0.098962152556576,228.788946753881,0.00999999999999091,-0.125190395816799,0.34421430641462
0.288428291145128,0.0513749136426115,229.073701110034,0.284754356153314,-0.0184290075257358,0.393863302079498
1.68930224335701,0.0376899744079942,229.267561440341,0.193860330306535,0.0593155726084635,0.403015328974096
-0.211141890758129,0.126824970587556,229.489674822091,0.222113381750063,0.179570461148009,0.66501450095686
1.27582005488648,0.332916364666042,229.909318588119,0.419643766028571,0.363523100481717,0.186921698392513
1.63541300708126,0.410400641446613,230.270889107601,0.361570519482029,0.438020145925317,0.204619319475167
-0.749594126453126,0.548533196326112,230.591657389803,0.320768282202266,0.509320761645865,0.218910332036543
0.777976807533176,0.437532668671172,230.888142674306,0.296485284502779,0.46715064121573,-0.473925890168617
0.701095300997578,0.52287647760923,230.898142674306,0.00999999999999091,0.462390388976875,-0.4780780559243
-0.589302505519422,0.127126739593224,231.491342810602,0.593200136295962,0.172527974876357,-0.3998914552366
0.304624360508743,0.0767849111785543,231.720842976753,0.229500166150899,0.0634857249483175,-0.538395794299145
-1.18461749234584,-0.197825355366002,232.163502868839,0.442659892085771,-0.120907836784291,-0.276531562835579
0.159988122069302,-0.307571002271127,232.616236074735,0.452733205896578,-0.309192862582781,-0.507800152298208
0.0361583885007286,-0.36216208762682,233.027648872938,0.411412798202122,-0.409010479871774,0.0317938684531589
1.17866622845232,-0.36077110734739,233.440663985309,0.413015112371795,-0.308729882177817,0.412351756770784
0.118626843162582,-0.120617022300782,233.705311081649,0.264647096339388,-0.146209784592933,0.787189439568706
1.43737815811206,0.299163996538319,234.315590965473,0.610279883824148,0.282764392895396,0.533294555750675
-0.938449359430656,0.284480518543869,234.325590965473,0.00999999999999091,0.288121633808419,0.538097883351002
-3.18825773274408,0.361506605216392,234.565440784897,0.239849819423853,0.361308500497589,0.0708867963351071
1.70505663499024,0.0927287555499972,234.999404944133,0.433964159236098,0.0408908926429292,-1.42478591323677
0.957495076126463,-0.341544707988499,235.348529934351,0.349124990217945,-0.304618711848663,-0.53181136015056
1.13938694888589,-0.25050860167119,235.953516933029,0.60498699867864,-0.270627271940693,0.573456811281068
-0.688314068512667,-0.15399944029113,236.210259636315,0.256742703285425,-0.0812581394497645,0.874758403493295
-1.18564638532177,0.192266044598805,236.776110065148,0.565850428833329,0.231425857016016,0.197133401636195
-0.741715468683077,0.207644720334248,236.864778971724,0.0886689065757196,0.241847145284058,0.0386579830453271
-0.159399224087906,0.219446587890008,236.928457972588,0.0636790008641697,0.241667450123083,-0.0438541351261957
0.172100737858296,0.134533273984305,237.344554059623,0.416096087034759,0.171036333920525,-0.274340969166294
-0.388255746037074,0.171907899645215,237.49417320506,0.149619145437157,0.129719301667623,-0.275541937081065
1.10089542385244,0.090689638847624,237.617017712961,0.122844507900595,0.0922160996549603,-0.332768817931551
-0.348876762029035,0.0306426429789058,237.779062500458,0.162044787497848,0.0525041472301336,-0.157520117254031
0.187742084058485,-0.0301385853439805,238.107008859137,0.32794635867873,-0.0161850924274508,-0.251234527833666
-2.08492926585126,-0.0394930918224517,238.210076983844,0.103068124706397,-0.0401871809544336,-0.214006322568888
0.41816663902945,-0.295861471042648,238.558747332602,0.348670348758475,-0.21841084916199,-0.768708697649227
0.334295174329623,-0.386110514838582,238.898404175616,0.339656843013728,-0.396364687733645,-0.258048188665995
-0.435600909536294,-0.382651071606241,239.245111582599,0.346707406983654,-0.393244085967677,0.260001412784005
-0.649812610239812,-0.283955175744374,239.576569259633,0.331457677033256,-0.286711132518413,0.35780932228862
-0.315365456241143,-0.236673355035155,239.779873616368,0.203304356735828,-0.218185230683262,0.310248562975343
-1.383859110306,-0.130451877286333,240.093527452434,0.313653836065129,-0.12395693186499,0.27934149998628
0.237682498796602,-0.174844511190299,240.327066668459,0.233539216024923,-0.0928686074897374,-0.0100819740626259
-2.91768399828299,-0.0960216412298389,240.337281891422,0.010215222963609,-0.092949068362722,-0.00567482944306119
0.76674554367901,-0.704175511913177,241.072521514643,0.735239623221076,-0.670451424756377,-1.19457886575217
0.48919876215832,-0.852476481547801,241.352025523105,0.279504008462084,-0.81699395913199,0.187405289318157
-0.116182172905101,-0.576264685271517,241.670265695567,0.318240172461287,-0.558328122413033,1.27592317827034
0.466912567533753,0.0164428938129229,242.110869777293,0.440604081726434,0.0301286322815669,1.2528541679006
-0.591461244233006,0.50841436871648,242.518522161769,0.407652384475767,0.491640994179937,0.920175101611422
-0.33109126179337,0.563274037017402,242.930705305718,0.412183143949079,0.617519521904547,-0.327284712624504
1.07797228054105,0.143366169016882,243.531398640033,0.600693334315338,0.125167305170321,-1.04735189754225
-0.560136982249401,-0.136871279041918,243.931991383347,0.400592743313894,-0.174457984487003,-0.427430654657005
0.514481348781009,-0.3608564056753,244.388604045701,0.45661266235436,-0.349766825843448,-0.303724970518198
-0.566555581431576,-0.463375860619225,244.534704989216,0.146100943514227,-0.377191645439939,-0.071853913860431
-0.818361001866687,-0.359363558788836,244.98336535282,0.448660363604347,-0.362394615647046,0.125625315907429
0.636674194057695,-0.365982508111634,245.25473644222,0.271371089400191,-0.327043945844864,0.128762259334831
1.18861933463308,-0.12424890755327,245.705920172269,0.451183730048882,-0.149410983912825,0.600790095447529
1.08497451392122,0.0802192271143239,246.032420229086,0.326500056817167,0.0992814481803888,0.886774424189591
-0.838860309068416,0.0699920227874511,246.080973968644,0.0485537395578035,0.142812914237424,0.905466977721277
2.16768055729543,0.320806718393146,246.514851218655,0.433877250010511,0.370769921821866,0.1214296046708
0.528660723296457,0.518043978911672,247.051932378945,0.537081160290768,0.554954477404329,0.461959437825293
0.71805037834785,0.556906618108825,247.436515927127,0.384583548181325,0.598567274335702,-0.232634587165065
0.395893819049465,0.609894860039182,247.460614191587,0.0240982644607186,0.592550360062441,-0.266504782683268
-0.458065556296843,0.571155366846732,247.494438146628,0.0338239550405035,0.58258419152044,-0.322226203858114
-1.10905622550237,0.282594485831339,247.997358818811,0.502920672183052,0.20167640965092,-1.01251448197264
1.13542680300035,-0.227698175442191,248.446495403867,0.449136585056522,-0.316088368698889,-1.19829108804007
0.377915383146978,-0.477098046827966,248.604174156256,0.157678752388449,-0.471696822222252,-0.763242252893604
-0.416122305809263,-0.571568460476647,248.936142784312,0.331968628055648,-0.589191783902641,0.0741702409068083
0.00199956616681107,-0.509781326587204,249.178456724773,0.242313940461571,-0.524727521888049,0.432935876888914
-1.63202444375025,-0.520660832142331,249.261691838593,0.0832351138198817,-0.483635417699669,0.5502988589619
-0.325112340157602,-0.288549353678695,249.828390573933,0.566698735340168,-0.288041306554851,0.0856236532044916
-0.311314247015733,-0.239578275982832,250.039557708785,0.211167134852133,-0.263403609257924,0.143965910496771
-0.616600825978953,-0.329018568249733,250.317531467084,0.277973758298913,-0.216332129296427,0.187420469131562
0.413556637326263,-0.197698938127705,250.404994326147,0.0874628590631801,-0.200848592796414,0.166188392123
-0.773916526430175,-0.117986716026702,250.511347281353,0.106352955205466,-0.178975681894949,0.243467268059093
0.74855896709072,-0.17950435298599,250.827282303919,0.315935022566208,-0.128625434139068,0.0735401626719976
0.618236268131797,-0.140808626410424,250.903179678105,0.0758973741854732,-0.1202728064913,0.145865421215214
-0.489505693946361,-0.0396817584378783,251.055328171468,0.152148493363427,-0.0893335108565509,0.257713573169229
-0.721696113262802,0.000744579925495009,251.850981005537,0.795652834068761,-0.0314148763824317,-0.103134388231213
-0.31827198731614,-0.285281271181353,252.356011070954,0.505030065417571,-0.147620560292197,-0.326611398888411
1.10509668725203,-0.08982587807192,252.366011070954,0.00999999999999091,-0.150878745679983,-0.3250138141335
0.718203536645881,-0.156045876374455,252.47073033791,0.104719266955613,-0.176238067782588,-0.159699347278181
0.830621754166574,-0.097909701957087,253.03886489306,0.568134555150465,-0.0937495946007454,0.404187921705453
-0.686773407069642,-0.102811878557399,253.181612663033,0.142747769972715,-0.0283225690164866,0.508047425028161
-0.169157934079428,0.112253377231941,253.35469018953,0.173077526496428,0.0459497743638543,0.348239480752997
-3.53848957176677,0.272756485797794,253.805040886594,0.450350697064579,0.152848337726607,0.117700054713111
0.80154159751517,-0.163885988259307,254.230807455359,0.425766568764516,-0.120970811220273,-1.31168031034034
1.55732245134888,-0.395630992494015,254.591150160367,0.360342705008577,-0.465280023988861,-0.549357230512924
-0.578898487892825,-0.543133087400625,254.876592719672,0.285442559304983,-0.488695536023673,0.369370531476203
-0.978698719635331,-0.339451871962984,255.299708823588,0.423116103915504,-0.29135617903821,0.497705917249748
0.569882971807136,-0.17488776689353,255.649462948059,0.349754124470877,-0.15642539016904,0.2592660509486
-1.19440184859952,-0.0877866942724802,256.000864260295,0.351401312236106,-0.025309924177531,0.464376411029195
-0.0360670108605863,0.0779959107660069,256.358202269555,0.357338009259934,0.0528354014605855,-0.0218211167350156
0.758347311112664,0.0539054591579352,256.555923481,0.197721211445639,0.046104036538263,-0.0454257544976937
-1.48304462315481,0.0827008264473939,256.741139840749,0.185216359748324,0.0491705268760831,0.0764554554020476
1.24161116730653,-0.0355469231397035,257.030290722373,0.289150881624494,0.0069955661545966,-0.353636523119849
-0.217182146392687,0.0178360614695501,257.331103804554,0.300813082180525,-0.0367418695160675,0.0569149455411096
-0.0482936682038275,-0.0475389653084137,257.398227577314,0.0671237727608514,-0.0333099059960242,0.0453324675753857
0.849068692127231,-0.0810094020295542,257.740139922313,0.341912344999002,-0.0186113510523904,0.039133824444632
-1.12264657536758,-0.082346312900846,257.792570685396,0.0524307630820999,-0.0153809744830516,0.0838364662065324
-0.448261719949634,0.0148236583227175,257.813956276739,0.0213855913430052,-0.0138466900964102,0.0596840197190009
0.775052970725756,-0.0534634297763629,257.938045312695,0.124089035956843,-0.00986662537419267,0.00486963818286919
0.633972903879021,0.10104820417303,258.410147110716,0.472101798020617,0.0710681787306876,0.312802327137335
0.739195708172816,0.150308684510948,258.681909301727,0.271762191011021,0.165557463775234,0.371765524991375
0.253830261264314,0.19831779183841,258.766916987667,0.0850076859401838,0.197778264915745,0.385063195233636
0.128104363417852,0.339786756514322,259.063882181618,0.296965193950712,0.292374108517461,0.24181025923453
-1.28262558204396,0.365319150757956,259.465576246777,0.401694065159234,0.330533009086554,-0.0508920662571733
1.61413015344162,0.284719362902702,259.712350096408,0.246773849631154,0.258117172659643,-0.516349583220133
-0.62043190006782,0.281577977361466,260.339911660013,0.627561563604843,0.191758158138064,0.280195212124104
-0.633844179027868,0.167423197449969,260.723623533774,0.38371187376066,0.213820190538001,-0.154910021849701
1.9574453555689,0.165669715076242,260.887575683733,0.163952149958732,0.175283108980796,-0.310348661582425
1.42507044953008,0.0980591100691955,261.172188829263,0.284613145530443,0.155677726660756,0.163502022703371
-1.5343209298598,0.279928767638403,261.558624158851,0.38643532958821,0.283981973327585,0.468139076438593
2.16369959560847,0.240193204694945,262.010867566903,0.45224340805197,0.25355805858729,-0.555596105316347
1.44334895981694,0.222757081808597,262.223789498837,0.212921931933579,0.177810555755763,-0.15583368092424
-1.27830831395776,0.126129847409261,262.415127696725,0.191338197888342,0.168452506760801,0.0553643960710529
-0.12769216766405,0.114638642490852,262.466434014375,0.0513063176498463,0.169116034720345,-0.0291497191057583
-0.605315030591091,0.187544095596806,262.635743055866,0.169309041490692,0.157646931156244,-0.104487410299313
0.724706535907037,-0.0161447836825366,262.951585357235,0.315842301369059,0.0845908640594266,-0.343157669084867
-0.827866231613363,0.106738862923818,263.217091989672,0.265506632437507,0.0197434263403512,-0.143886316693877
0.746382853597154,0.00315284315224911,263.361451248453,0.144359258780298,-0.00895020781725782,-0.250976036679739
0.485918409530049,-0.0641638542576558,263.818407344047,0.456956095594194,-0.0329272756372489,0.134846668092279
-0.851671372012151,0.234789775674636,264.677056118634,0.858648774586811,0.196151403180359,0.313872333502737
0.154475668174135,0.289552066421586,264.838542911658,0.161486793024551,0.228110021312545,0.0827420546487441
-0.857326328415527,0.0772532864531711,264.98632568643,0.147782774771997,0.235949188966914,0.0235339303581979
-1.32534954567363,0.197282139239581,265.258880682686,0.272554996255508,0.193043432434454,-0.325083004170853
-1.19564173123183,0.0520674231119208,265.486564026448,0.227683343762408,0.0813731393999872,-0.640056689592577
1.52064463812639,0.0169588457171712,265.549681192237,0.0631171657886398,0.0389788874849489,-0.702041301445202
-0.894927757700698,-0.0467912535768709,265.970789629535,0.421108437298358,-0.0961060364317193,0.0531746276656113
0.744446417123495,-0.217468594345145,266.555232727087,0.584443097551571,-0.174355937539643,-0.286680874361679
-0.935309359962059,-0.116524300253191,266.674931915922,0.119699188835853,-0.199625906276154,-0.135785142606027
-0.318645254144567,-0.205408400312992,266.766280961226,0.0913490453031045,-0.213742482508335,-0.172430462380715
-0.767165903292456,-0.303910248727805,267.223186735248,0.456905774022403,-0.26298872886086,-0.0374833355298536
0.221611698621871,-0.241626756398003,267.384994575958,0.161807840710139,-0.270639955189975,-0.0561971676713706
-0.0554206522831016,-0.273069162883772,267.720720570909,0.335725994950963,-0.242344201664727,0.212345888180832
0.0507029912646332,-0.186710266286566,268.179762276838,0.45904170592928,-0.11652222056758,0.307860315305238
2.27017822007117,0.0707685894394851,268.907475861571,0.727713584733181,0.101463513703986,0.240750600057917
-2.21370042089824,0.470984817210348,269.476411586372,0.568935724800554,0.488360361391454,0.962474149006979
-0.352689769543328,0.532307447488079,269.498701878145,0.0222902917732881,0.508752105714143,0.86694995195469
-0.261481106090185,0.51456656395254,269.947208425019,0.448506546874171,0.613978134198461,-0.406174122196106
-1.13405190289812,0.486640360456735,270.217441639204,0.2702332141846,0.431102553279033,-0.884781220805153
-1.08045016097362,0.354374818700287,270.407280839508,0.189839200304391,0.233565435009392,-1.16856754911622
-0.106944908921444,-0.546556732601426,271.022177802715,0.614896963206434,-0.552478064239997,-1.15360571982192
-0.274732705614135,-0.759627700049617,271.293249498575,0.271071695860371,-0.756444819200187,-0.290189026483934
0.672336981235738,-0.709525857015584,271.360538455253,0.0672889566773733,-0.767905651174943,-0.0504262617809956
1.00407724947428,-0.5566196893119,271.628843321809,0.268304866556434,-0.634193018710068,0.965400988960072
0.312801273221274,-0.545313708377592,271.79623013281,0.167386811000881,-0.436780631742148,1.3525196463994
-0.930257516193513,-0.377356441567667,271.80623013281,0.00999999999999091,-0.423210523685298,1.3613906038505
0.499102236613135,-0.4065870137983,271.856814062247,0.050583929436641,-0.354965261393201,1.33463582772643
-1.53793695220917,0.0471859290393534,272.201852684132,0.345038621885863,0.121949455737272,1.36359495198278
-0.605247912930661,0.482341028524954,272.71711609671,0.515263412577383,0.458326648547558,-0.102283561749953
0.93283422797102,0.19765820470202,273.181072549686,0.463956452975708,0.238226726870836,-0.75146333181688
0.0770842068083521,0.0524039535952797,273.489219060183,0.308146510497238,0.049354567353729,-0.459389761667227
-2.05151608641307,0.0182643932251548,273.499219060183,0.00999999999999091,0.0447712945211548,-0.457291141468886
-0.443595997246049,-0.259196429716027,273.891186862897,0.391967802714134,-0.259866101124608,-1.03381408411254
-0.0383246064066618,-0.460126243316904,274.103522053964,0.212335191067552,-0.45921210687805,-0.81931185128881
0.259672951267826,-0.584905720702656,274.508049846636,0.404527792671502,-0.616209826049547,0.0834511271023187
0.0415349068864014,-0.41738209097964,274.969449743308,0.461399896672049,-0.356082780322922,0.891834541666671
0.852656272818707,-0.0870935441774633,275.216350135195,0.246900391886697,-0.127774462219269,0.929355166508468
0.106464170291032,0.515025401386573,275.864363866146,0.648013730951334,0.50456970048255,0.827945351080713
0.542079787642145,0.578791505276452,276.194493053765,0.330129187618979,0.652235032292154,0.0293056424303284
2.43810334369023,0.467154238783959,276.739004401273,0.544511347508376,0.41881327870731,-0.704988708712736
1.12681110143975,0.310844642169224,277.196273123185,0.457268721911589,0.281089909745462,0.109618051171464
-0.495451463541673,0.359496652449374,277.206273123185,0.00999999999999091,0.282205942206827,0.113576153322454
-0.333458138515532,0.321279008050649,277.487922092675,0.281648969489822,0.267331570147405,-0.209335483770844
-0.482185094196571,0.179598368958936,277.736184790009,0.248262697334667,0.191836869960311,-0.386404384132968
0.119948019629034,-0.222527689277245,278.333795503491,0.597610713481174,-0.118770909843104,-0.577622203890652
0.939180638287206,-0.0958741573566405,278.343795503491,0.00999999999999091,-0.12451413976381,-0.570992570823797
1.38068719356208,-0.26707777234831,278.891448893636,0.54765339014557,-0.211325775103055,0.236644294503082
-0.801094177841671,-0.0887843821691227,279.151078845561,0.25962995192458,-0.0964054752185353,0.628204737534206
-0.553008895234299,0.0447794153446845,279.555763892147,0.404685046585939,0.076081730206299,0.214686646659541
-0.765947646264792,0.115138479224076,280.044810692651,0.489046800504468,0.0866587506698185,-0.157850976220254
1.52819101089992,-0.195362309584155,280.746788825556,0.70197813290514,-0.182705666357518,-0.52117210208625
1.40071630756967,-0.156550927646973,281.354668879494,0.607880053938004,-0.116328496876403,0.660537207014748
0.2503625689087,0.504578143394335,281.987019562939,0.632350683444429,0.467012071882708,0.998492959185075
-0.271264415449864,0.507497632342676,282.675562142738,0.688542579799105,0.592033246222335,-0.639540531744303
-0.980096078895913,0.286048831288397,282.959002442031,0.283440299293147,0.345256589045079,-1.02890262695715
-2.11641923327434,-0.0550701293632646,283.367711159429,0.408708717397758,-0.146135184441341,-1.2879364959393
0.35168030273636,-0.435513947335312,283.594297774087,0.226586614658572,-0.459650958089917,-1.43569727353083
0.852158592309405,-0.828217523019248,284.041593173616,0.447295399528514,-0.764841493922577,0.20398176889003
0.937405254084956,-0.641710816595914,284.22542153846,0.183828364844317,-0.657492678987875,0.920651479628338
0.0907277093449306,-0.432711572876995,284.393399978921,0.167978440460843,-0.464912374594654,1.32972355008946
0.339310033309431,0.384972843227696,285.058224024669,0.664824045748333,0.38753276056787,1.00709355322391
1.2078010119616,0.784500438613388,285.611826194391,0.553602169721842,0.658163950191407,-0.146044681420179
-0.55083931449913,0.281403159630746,286.267829853837,0.656003659446128,0.384149225084969,-0.472871246840331
0.998095074606446,0.241748568945766,286.468355239644,0.200525385806259,0.265503341922841,-0.692390188527699
0.536072809372643,0.0463288493349625,287.037338119116,0.568982879472401,0.019831803876793,-0.143995992714495
-0.685417352316473,0.143109736372256,287.354233230952,0.316895111835606,0.00229941003325801,0.0305644693794688
-0.982973508243727,0.064875698292021,287.685251370974,0.331018140022024,-0.0238723345364461,-0.17994785725241
-1.51666050342776,-0.200355904596425,288.247503723126,0.56225235215237,-0.230375686376712,-0.495571180412813
0.135888582450199,-0.462557656549874,288.553282603421,0.305778880295293,-0.407275157842939,-0.626072343878676
-0.145235295288338,-0.523095310120394,288.845569462365,0.292286858943896,-0.515188207357403,-0.0972783209808565
-0.75007336095168,-0.491963486094555,289.052995462291,0.207425999925704,-0.501617981573068,0.219789362198836
1.19353683746414,-0.39201991285656,289.435833279482,0.382837817190762,-0.377620296746252,0.383064621491008
0.110905476116461,0.230982415161083,290.156778082841,0.720944803358918,0.249768066277596,1.12488703491307
0.621083710764064,0.518277844203163,290.404398758054,0.247620675213284,0.488980170822032,0.773429085357687
-0.450356020687282,0.72688260323509,290.876395804739,0.47199704668509,0.654433912069089,-0.132628930825723
1.29696620528085,0.515502195697252,291.238563286976,0.362167482236998,0.437494649878352,-0.950313628302317
2.49169923274966,0.20073696296701,291.520650075292,0.282086788316519,0.201084676660215,-0.692521559061753
-0.587329865173826,0.125865929784146,291.706086771822,0.185436696529905,0.11408569712691,-0.246333805929955
-0.137964576682354,-0.00482305950073482,291.916113343737,0.210026571915023,0.0483504881248647,-0.372563937951567
0.76348098436059,-0.0282059514507989,291.926113343737,0.00999999999999091,0.0446224971867173,-0.373010522070064
0.602531545925437,-0.0490809248498193,292.145484336953,0.219370993216103,-0.0161206966497432,-0.179881152639981
-2.47064399862079,-0.0540913276936292,292.284629318415,0.139144981461925,-0.0341575923622206,-0.0796942244201306
-0.850396821171474,-0.499641363212378,292.901310164055,0.616680845639962,-0.454728035139965,-1.10537773487647
0.0952343704674683,-0.670848829706898,293.064556212311,0.163246048255303,-0.616861137483017,-0.856166688884967
0.089639481329114,-0.705271865259389,293.441794791679,0.377238579368566,-0.703689249588988,0.404832441212056
-1.19215748966614,-0.452243582795599,293.669398444314,0.227603652634514,-0.545146395861434,0.929942200505147
-0.301521829768436,-0.160498272274369,294.029067640877,0.359669196563004,-0.231745572415305,0.737411933619899
0.23721296197146,-0.183820177035951,294.110548564962,0.0814809240852128,-0.172311303896097,0.719455633294751
-1.99505069419577,-0.140071314003876,294.26482337137,0.154274806408466,-0.0594562834257967,0.736939183498234
-0.0302137709406898,0.0758556307183475,294.502953285704,0.238129914333399,0.0522162619289597,0.202699697535227
-1.82017194931349,-0.0101586589661151,294.638955835971,0.13600255026688,0.0774795484822729,0.168014154163207
-2.27983325160816,0.104241520700793,294.690947193804,0.0519913578334013,0.083445704372681,0.0618412714669287
-1.45827175493816,0.0306469670134053,294.956319282844,0.265372089040113,0.016871638669994,-0.54403420656239
0.281915198121327,-0.374602898672711,295.409774717171,0.453455434326372,-0.325519384987124,-0.889768073111054
0.427946569298411,-0.517460447148819,295.63018679457,0.220412077398919,-0.4797168624718,-0.491176342777062
0.237790464545208,-0.463224160948729,295.742779661689,0.112592867119247,-0.520862180591982,-0.237617797778224
-3.1103500927586,-0.524891500389284,295.778204152505,0.0354244908158421,-0.527956969266111,-0.162904506163359
0.185949177208272,-0.527175366295381,295.881787193137,0.103583040632202,-0.551132398219909,-0.281004118761574
0.21267298797428,-0.509489149393903,296.189631029447,0.307843836309871,-0.532286319121464,0.379743138730935
0.137970345763581,-0.367918947481448,296.488154818726,0.298523789279784,-0.352890943866427,0.767099276751348
1.13419212493027,-0.125418444685487,296.803927258264,0.315772439537511,-0.0918237479276675,0.845752361375348
0.467599947058119,0.123290472243575,297.093956548999,0.290029290735276,0.182254158845291,1.01246077736528
2.06029804853031,0.441576792740271,297.334705641584,0.240749092584736,0.407526158714821,0.832101250008792
0.645793851201796,0.778411917423788,297.771583433128,0.436877791543679,0.750209922549754,0.562128866310254
-0.824164305316745,0.80284801498809,298.044571200773,0.272987767644906,0.77629575802672,-0.362672675208129
1.04583985575328,0.487551901762736,298.371766618121,0.327195417348207,0.464755919916647,-1.37278448976761
1.34658049791717,0.209103592460763,298.604630854648,0.232864236527405,0.16471090654492,-1.16704672735455
-0.488839338969261,-0.0400928144306633,298.887828916193,0.283198061544397,-0.0970728362419615,-0.66799328409681
1.30384881299586,-0.300482083151606,299.135035143827,0.247206227634706,-0.257206240597132,-0.612203286285612
1.47513675753985,-0.200506237194839,299.165959844649,0.0309247008217426,-0.27507888463287,-0.543558702833375
-0.663240335980459,-0.286865361448295,299.313520872374,0.147561027724635,-0.328995966428329,-0.187103132967322
1.47068567706073,-0.266705456342186,299.381336190593,0.0678153182194023,-0.341043947195462,-0.167815723605461
0.0302298993243193,-0.231379215322941,299.66177668677,0.280440496176993,-0.296664249575716,0.461916484815972
-0.246914499074405,-0.124017749362793,299.991905356634,0.330128669864109,-0.125701447635133,0.545997867830008
-1.39178991955694,0.0631094185326906,300.3232280458,0.331322689166029,0.0353593038426486,0.411677940351986
-0.740331149504887,0.0797648241931945,300.342059185501,0.0188311397011489,0.0428157584070957,0.380259203560706
-1.78671600871602,0.099704855409831,300.930051409481,0.587992223979938,0.0917816865655868,-0.19508242302931
-0.210272982441788,-0.216432842828917,301.389303692082,0.459252282600289,-0.168985672546616,-0.872800960895652
1.88596114541139,-0.449594503860905,301.722805246529,0.33350155444748,-0.415278847264152,-0.566330746892761
0.125681845614382,-0.244748752530055,302.300716160091,0.577910913561936,-0.219066823165892,1.0838402312167
-0.537564077716169,0.0157783593834693,302.490257298738,0.189541138646518,-0.0152685876050942,1.05266589556449
0.361104033857758,0.116363297527104,302.612087534262,0.121830235524897,0.104856510636206,0.915718530597203
0.438944597143676,0.262841177871271,302.972046425949,0.359958891686347,0.398802282913338,0.670763724842026
0.1587817038764,0.520775941677324,303.383858070218,0.411811644269733,0.564278328050719,0.0879250825365311
0.0422759380383078,0.431986052396998,303.714491701737,0.330633631518708,0.496841415546519,-0.4565684383292
-1.1057299863729,0.245649634846849,304.161025818958,0.44653411722112,0.207716506730976,-0.740812633135233
-0.620938267935895,-0.217168963236495,304.565462234382,0.404436415423277,-0.163215258286743,-1.03048800786227
1.26584354819697,-0.441567704412293,304.939676395048,0.374214160666156,-0.507767859112138,-0.736921220182938
-0.00896694585376923,-0.549940761374269,305.265152660914,0.325476265866428,-0.565679998575268,0.371338737517605
0.376292685563968,-0.459446971705994,305.405205860231,0.140053199316867,-0.497295118604751,0.592621409516875
0.0122487867030192,-0.595013830131663,305.415205860231,0.00999999999999091,-0.491285120978979,0.60931081741483
-0.468970693465236,-0.238939899361351,305.763787251679,0.34858139144842,-0.227814222324563,0.833607130279571
0.397895822407742,-0.010201185388463,306.026772759109,0.262985507429789,-0.0267275799020352,0.67906399919808
-0.822982456981933,0.315366789403996,306.552040370055,0.525267610945434,0.311653666192519,0.54319753276395
-1.27913300745536,0.414545166439872,306.718006755658,0.165966385603213,0.375500209621879,0.223902273865659
0.688901416637085,0.228639439415518,307.030990668112,0.312983912454399,0.332820339676959,-0.469353997620633
-0.277250596932437,0.24281949409195,307.17788620298,0.146895534867951,0.265492133140539,-0.442151565869044
-0.534411194139586,0.3580392316222,307.18788620298,0.00999999999999091,0.26103684863171,-0.448888448767055
1.10700975360324,0.00107333471459022,307.650955753474,0.463069550494197,-0.0164625041528597,-0.690541277075752
1.18309347172106,-0.183567464471174,307.706311831165,0.0553560776909308,-0.0523966388986944,-0.607441752848657
-0.567958066879754,-0.293555926492213,308.132344833393,0.426033002227769,-0.16504974855448,0.0721840316392027
-0.0532579534280158,-0.220561140499266,308.244362290916,0.112017457522711,-0.158548595922547,0.0438641845845663
-1.09368922065524,-0.194996181831579,308.254362290916,0.00999999999999091,-0.158096905518034,0.0464697927183119
-1.28780037227889,-0.22485582472915,308.476094415011,0.221732124095354,-0.166316892747903,-0.116859637233934
-0.377762436850799,-0.334383155875831,309.197684679013,0.721590264001406,-0.412912786550575,-0.447782633667003
-1.21391319405157,-0.457085228292159,309.460737724588,0.263053045575077,-0.491428962460775,-0.138291643688691
1.11268850177118,-0.500157352869794,310.056239265478,0.595501540890837,-0.491594398931313,0.123885654977822
-3.03304969690682,-0.196195759840134,310.520545467069,0.464306201590375,-0.201919948652768,0.996417337326447
0.95251973813294,-0.0315625713068353,310.979500205537,0.458954738468492,-0.0686073818252601,-0.384249456337291
0.116922175226857,-0.196949902608328,311.610035760281,0.630535554743858,-0.065656325667408,0.353119749880755
0.86516829895367,-0.02386464746113,311.831156079436,0.221120319155261,0.0128810111106797,0.351457073966485
1.12282301386953,0.128040586044078,312.03868297639,0.207526896953425,0.0985024764116267,0.465687887080346
2.21187221371422,0.329990573660075,312.504152207264,0.465469230874021,0.363813096722967,0.609614668440536
0.189266393378884,0.492055655924471,312.742636875449,0.238484668185095,0.528422491072209,0.735515565745279
-1.48629893867349,0.587016117480121,312.964281460852,0.221644585402998,0.637397908023145,0.228099545246436
0.0283280824641897,0.450912111684076,313.35639909987,0.392117639017499,0.437793894001326,-1.11053037694975
0.0814418349030974,0.0820477577959892,313.681917402886,0.32551830301685,0.0648512406435807,-1.11867907179749
0.0892391617425459,-0.396470409854112,314.238091127842,0.556173724955897,-0.424446451745552,-0.540878507910527
-0.226605249502742,-0.528021389710086,314.49841380345,0.260322675607711,-0.507405980212536,-0.0870963052285746
0.371230373796556,-0.444163133443385,314.856805886436,0.358392082985574,-0.450461945150463,0.371707825689137
-0.862137964357097,-0.198439873239395,315.321251207094,0.464445320658456,-0.158446577172397,0.788357276942049
0.0442506623547075,0.0419630064655967,315.639972760152,0.318721553057742,0.0404665434318277,0.446982560597366
-0.370370321621298,-0.094507906951785,315.649972760152,0.00999999999999091,0.0449231346726346,0.444316257354346
0.00515925488880035,0.148888736495134,316.171462156719,0.521489396566892,0.174947156126096,0.0465112270519614
-1.24050765433,0.227196193468655,316.434619151578,0.26315699485923,0.173947497442533,-0.0518324451043942
-0.228625267250007,0.0624877290920197,316.700229892315,0.265610740737543,0.107649720038727,-0.432053985037112
-0.814632916382437,0.158369730752315,316.720693541616,0.0204636493001544,0.0987609257760399,-0.436662217875622
-1.25778876283563,0.152116047457584,316.730693541616,0.00999999999999091,0.0943545309123581,-0.444593155281353
-1.69722352465606,0.0534179134139137,316.886112903311,0.155419361695238,0.0114251823807489,-0.615951887379246
-0.337604537496341,-0.249442959588899,317.232039486582,0.345926583270909,-0.271432132146563,-0.971513881649538
-1.27790344575982,-0.51059533070189,317.585168050484,0.353128563902601,-0.544063450837525,-0.510889034177676
1.06402512217756,-0.579629889509638,317.77070038401,0.185532333525316,-0.62102228977819,-0.304903433929253
-1.57091362325389,-0.468231667909846,318.15662327461,0.385922890599886,-0.485662863196812,0.904034746237585
1.02484169173808,-0.375977132723443,318.298964903177,0.14234162856701,-0.363847128804394,0.795238207225099
0.322070628708492,-0.0507128250321004,318.656244221649,0.357279318472081,-0.00514367630830336,1.14555790342371
-0.0941887995779816,0.209531580749575,318.943949300511,0.2877050788627,0.305771841967453,0.98336679750028
-0.23360692174368,0.394864790241052,319.047645913979,0.103696613467719,0.40002745027933,0.829526483078076
2.84989752185205,0.506595454065003,319.583799201206,0.536153287227364,0.541620333974413,-0.32255814031027
-0.502006558599174,0.468966827070793,319.918373625771,0.334574424564835,0.50189569986884,0.0868005617616771
-0.0837100468667787,0.376685327358322,320.253318135403,0.33494450963218,0.418152690509727,-0.543744336842628
1.17622883740072,0.231142012253721,320.647636370927,0.394318235523997,0.153560897256633,-0.734007185780924
-1.15333150300238,0.0599918931774062,321.357108213264,0.709471842336768,-0.0359564752328513,0.189801780565007
-0.127980761621245,-0.053650833962293,321.528371416751,0.171263203486717,-0.020446633770671,-0.00676070577776832
-0.636075415023604,-0.0699107131249586,321.538371416751,0.00999999999999091,-0.0205184141495891,-0.00759547503069383
1.46577676892154,-0.0365679543448283,321.711520494397,0.173149077646485,-0.0303897783449256,-0.104453498850558
-1.30693982385532,0.0743670254696688,321.788792265332,0.0772717709347717,-0.0337962672796209,0.0156026032800032
0.108975414948171,-0.0408481462366077,321.910585675904,0.121793410571797,-0.0409462972389801,-0.131231199939262
0.0426608192265582,-0.118790260917546,322.552710025303,0.642124349399523,-0.0701909708450381,0.0373972930512414
0.248823199437427,-0.0631308313746257,322.749223434852,0.1965134095488,-0.059853247139965,0.0666395441712044
-0.00275179945050957,0.0388322432030892,322.999640593546,0.250417158693551,-0.0334981547964178,0.140068762832927
0.221504699054342,0.0585542020636566,323.712817551347,0.713176957801068,0.05040666132412,0.0786780396653233
-1.05971832175005,0.165607588064179,323.925813828108,0.212996276760748,0.0686675619337021,0.0912301881362292
-0.270761992149599,-0.00422875693358098,324.242841295825,0.317027467717878,0.0382925201165915,-0.269940443295796
-1.77633715896572,-0.151446682081862,324.675619716605,0.432778420779869,-0.0896983290953568,-0.301625233238675
-0.374772455688361,-0.228383227476156,324.981639341046,0.306019624441035,-0.242042408385912,-0.665896061502471
0.534126840493266,-0.444722086056258,325.325183902277,0.343544561230203,-0.429080853816202,-0.390318551931278
0.0966228932569287,-0.458918143171961,325.335183902277,0.00999999999999091,-0.432884743388485,-0.370450785434304
-0.949119743686742,-0.495957671350196,325.506156887073,0.170972984796776,-0.472927092978451,-0.0960461237787819
0.807366652085522,-0.446971123638714,325.813689090185,0.30753220311118,-0.475384653722818,0.0762628143357233
-1.0772561389646,-0.428586681170059,326.073756127866,0.260067037681267,-0.385586692102127,0.58405693388228
-1.72020302259471,-0.189333849394407,326.486633244032,0.412877116166499,-0.191198951700693,0.32321264185059
0.961573194258588,-0.215704831682179,326.894249216497,0.407615972464953,-0.177865908021703,-0.240621162644252
-1.21295622136162,-0.214739210294711,327.253317126736,0.35906791023848,-0.173138961328273,0.251355670734601
-0.607720671172424,-0.140381560010026,327.468486281095,0.215169154359501,-0.141417570805389,0.0445314982500332
0.697037361035908,-0.108054165017057,327.54820803887,0.0797217577752463,-0.138918976646208,0.0182490446459769
-1.7082421554294,-0.125080076453474,327.727844478824,0.179636439953924,-0.120437201192194,0.183763805610836
-0.494771032466197,-0.0851803011767618,327.737844478824,0.00999999999999091,-0.118677059735851,0.168278087064959
-0.610136259768899,-0.0012952056041018,328.05564854537,0.317804066545307,-0.0827432098286759,0.0567338575204423
-0.473944183759274,-0.0312766456642676,328.271402783639,0.215754238269085,-0.0811707557943058,-0.0405230796589738
-0.222603672822542,-0.129806923612435,328.904232692072,0.632829908433621,-0.152165288193776,-0.160666586162749
-4.24861757927937,-0.0864178030234099,329.360277749683,0.456045057610936,-0.203128380966925,-0.0571182699251495
-0.821589519193997,-0.206607108353952,329.381657669435,0.0213799197517801,-0.205208237722482,-0.137280516833035
0.480761875436174,-0.219914317390988,329.538815424734,0.157157755299238,-0.230133779770982,-0.177613406672057
0.957210011982461,-0.237503873173647,329.943382484738,0.404567060003785,-0.216419517368274,0.228895207485563
1.8869681968803,-0.021688848783689,330.237378853266,0.293996368527587,-0.0978548747099401,0.555672413365144
-1.44283328601542,-0.091319536111888,330.247378853266,0.00999999999999091,-0.0922079352108741,0.573664065339761
-1.43525834765685,-0.0404971854134107,330.396114859639,0.148736006373724,-0.0240957978119014,0.341632983453723
-1.30139472866867,-0.011945141400052,330.406114859639,0.00999999999999091,-0.0207573402546264,0.326078367869697
-0.561373698862451,-0.176488349263528,331.113666276999,0.707551417359184,-0.116282167714547,-0.521223608013552
1.25152902372599,-0.275736407879561,331.425823228479,0.312156951480461,-0.275730504147164,-0.479782334053517
0.341404324023268,-0.0957730895072619,332.097797288783,0.671974060303512,-0.144398848769525,0.753583978208708
0.424174326125428,0.283188929606323,332.65692952504,0.559132236257483,0.271124370648346,0.651575606836968
0.0201645480223651,0.389681658019346,332.750251414121,0.0933218890806415,0.329325641028156,0.593150250978909
0.0137975032810579,0.475454126683893,333.289852284419,0.539600870298329,0.457809032088764,-0.136818314484678
-0.873956305829163,0.334951773114959,333.555828766048,0.265976481629423,0.380229653157822,-0.423905362848866
0.339271805957017,0.209089689117674,333.858053073426,0.302224307377571,0.187247796988904,-0.811284802163787
-1.34509595603857,0.238026204162428,333.870750854551,0.0126977811253823,0.176973945037267,-0.806873452079951
0.94981812473386,-0.266502959084854,334.274415285895,0.403664431343657,-0.228676902493659,-1.1334138272258
-1.09317036309343,-0.455784780029049,334.850175884767,0.575760598872023,-0.486231764815155,0.280531139969503
-1.3125891000342,-0.38086763528217,334.937002871354,0.0868269865872549,-0.460876851932485,0.301346047968984
-1.43237711380168,-0.441301575374633,335.05219504692,0.11519217556588,-0.426883946095427,0.285766735028679
-1.16178177298072,-0.472942595769664,335.363668627349,0.311473580428526,-0.358749478209566,0.140281653514804
-0.57210457460789,-0.33369793321984,335.747981031698,0.384312404348805,-0.328313464748604,0.0148381204738794
-0.335589755241848,-0.255608091846108,336.221042826972,0.473061795274248,-0.297496728207189,0.103290543292994
-0.964481356618664,-0.152473500374999,336.686755033581,0.465712206609339,-0.222212220118504,0.198354410123949
-1.85211582885832,-0.243203027090397,336.985538814188,0.298783780607266,-0.188704733189033,0.0258772638996381
-1.30203337919648,-0.286160438770221,337.243310993187,0.257772178998948,-0.227863015594375,-0.317836575196092
-1.51479902070198,-0.481521172137587,337.748310441262,0.504999448074386,-0.437628973682474,-0.441790486135572
0.814380283696566,-0.505644081940499,337.832669535298,0.0843590940360173,-0.474678503879604,-0.433945451911102
-1.11525794768732,-0.496323050584035,338.158604848085,0.32593531278701,-0.482483823317005,0.366280058874574
1.2409216502649,-0.429911183158065,338.495778779304,0.337173931219468,-0.358304750589854,0.338393410440426
-0.177688888487821,-0.295751818712694,338.714503930422,0.218725151118235,-0.240472897479529,0.717442210522862
-0.270471613235884,0.28490309151266,339.475900892605,0.761396962182801,0.204334602142947,0.351409096871864
0.632471017128402,0.229811539182486,339.773142099626,0.297241207021102,0.26775185254651,0.0731912552678708
-0.591599134008578,0.404945531041522,340.306417112598,0.533275012971956,0.297253900233968,0.0308553343273473
-0.283941287692687,0.228149789698864,340.601648508871,0.295231396272413,0.251902241602048,-0.322204424485177
1.22613641333952,0.129279485257282,341.055397983036,0.453749474165022,0.0533514334949773,-0.50950872997001
-0.803058494055274,0.0620888682578127,341.251233636601,0.195835653565496,-0.0198453612921471,-0.23765252975163
1.07000117345284,-0.224640245044632,341.673874409764,0.42264077316247,-0.166666753583467,-0.428087445930211
1.20219906553598,-0.163861397342928,342.101020932348,0.427146522583826,-0.202104734347184,0.24444518983212
-1.31002137070833,0.150891058110204,342.639125562472,0.538104630124394,0.107603492014527,0.820499035411438
1.80160637596712,0.219969594833055,342.86045578082,0.221330218348385,0.240442876010577,0.37587064162308
1.16134597991851,0.517737289185507,343.38198916777,0.521533386949329,0.53137705876651,0.619688357263765
0.763793642452247,0.610400166485506,343.39198916777,0.00999999999999091,0.537525453640081,0.609913026276243
-0.227782089740577,0.575819131855344,344.015982799691,0.623993631921735,0.581447709898834,-0.443573890461175
-0.0737203817632024,0.440362892044207,344.122440880951,0.106458081259575,0.522921659995379,-0.647256577654291
0.480154351371129,0.466002865529278,344.132440880951,0.00999999999999091,0.516374347916476,-0.662126293228432
0.465296916849191,0.165139747647648,344.597683064949,0.465242183997532,0.172609454195606,-0.709399203273789
2.35957130462986,-0.0595585401379884,344.931934591048,0.334251526099024,-0.0318981829946372,-0.496273507674337
-0.753919609078825,-0.0872987879596743,345.244038808524,0.31210421747619,-0.060302748228723,0.296547229762527
-0.291216506911123,-0.0143427877735833,345.354692342083,0.110653533559287,-0.0323043353817863,0.20925907263131
0.782551441626582,-0.0967013133563817,345.448512799934,0.0938204578508817,-0.0141614078186224,0.177188934221805
0.535421418356714,-0.0179663562088155,345.580331814237,0.131819014302778,0.0151847199424265,0.265787724683015
-1.05046183740022,0.119850018544501,345.82155174108,0.241219926843428,0.0883901254426668,0.333775333487384
-0.590697898757856,0.118081988446192,346.180191981558,0.358640240478053,0.120039268645662,-0.146944622653615
0.116082796449033,-0.00777505337955381,346.628455075225,0.448263093666412,-0.0105077722254971,-0.405437932492987
1.19628022982482,-0.0936595181191725,347.207262214082,0.578807138857428,-0.171819011424548,-0.131335036704136
0.226596626998194,-0.137635367677895,347.5153463833,0.308084169217921,-0.138608987242397,0.330868523198313
2.25920264156373,0.190443518981192,348.081749650434,0.566403267134319,0.0781470470768103,0.389343381271939
-0.299259950426406,0.522061888290503,348.591473133501,0.509723483066978,0.472894791563604,1.02518520235778
0.125618331099492,0.556490608567132,348.645472451612,0.0539993181106979,0.52480678988626,0.895404822765407
-0.375059401811823,0.610901357236506,348.848326162729,0.202853711117029,0.657623177995759,0.389530785943966
-0.473337628471558,0.60794979227835,348.9399681609,0.0916419981710419,0.679301106869867,0.0830218518044166
0.759292900932987,0.641174611247265,349.248994027558,0.309025866657691,0.555697442611412,-0.807942222253071
0.0732275339989452,0.535807115773733,349.272947476322,0.0239534487648143,0.53612599696013,-0.825674343038671
-1.07491407076443,-0.0213674947859601,349.778957337197,0.506009860874599,0.0472924289031093,-0.955926939286468
0.954321555068831,-0.395231183754944,350.180772551984,0.401815214787007,-0.366889539598621,-1.03291394245465
-0.345489307159176,-0.478914077390287,350.49068423388,0.309911681895983,-0.556361446182026,-0.159267839662297
-1.17311070086009,-0.569027532753557,350.50068423388,0.00999999999999091,-0.557868709345473,-0.142188245458489
0.700934253759141,-0.508782881687483,350.592620738276,0.091936504396358,-0.567166237474933,-0.0597393785138893
-1.47296709400389,-0.233306228271277,351.203660758845,0.611040020568566,-0.198218723365386,1.02695742238243
-1.15522497574261,0.0687911871381331,351.513984526099,0.310323767253692,0.039616425679191,0.49359521428181
-0.079274627726598,0.115219399007295,351.813353026545,0.299368500446292,0.120780864417224,0.0511552690468302
-0.639453054303414,0.0718284113991039,352.015456687522,0.202103660976604,0.124003706712918,-0.018330542770821
0.532326298557874,0.131938220559221,352.240712277886,0.225255590364895,0.0984481604797229,-0.202982468966303
-2.4381744525465,0.0672570285378426,352.797135497654,0.556423219768021,0.0545062799301536,0.0419809124993324
0.151488627746029,-0.240398445797814,353.384182592203,0.587047094548609,-0.302933778396457,-1.12245452623334
-0.756134049599179,-0.652753209662106,353.798661950085,0.414479357881874,-0.604514142589325,-0.249071346872701
2.46359307314646,-0.469166731884103,354.363464427446,0.564802477361241,-0.497562238839159,0.516351988707157
0.669580499099318,0.510001525225622,355.048243106722,0.684778679275382,0.467763002727339,1.90731850641561
-0.823883275821414,0.933822406444389,355.519975976252,0.471732869530797,0.972936015179071,-0.141018188247469
-0.393369444877929,0.906460751665826,355.576657288268,0.0566813120156553,0.953437633374005,-0.542118456146181
-0.164800154283908,0.72048085468512,355.780446916662,0.203789628393963,0.731688490931739,-1.51896556874615
1.70315084560985,0.013109632030614,356.193790539166,0.413343622503703,0.00777737893765961,-1.75011638748543
-0.595657153484599,-0.349900262798139,356.497830161312,0.304039622145808,-0.395874472519623,-0.870626427096734
0.665475868474839,-0.558746017261393,356.674987731228,0.177157569916062,-0.532177667224024,-0.650128603688813
0.0388053206775946,-0.579547405982012,357.012951250448,0.337963519220807,-0.583563700769433,0.337867837151788
0.125199052570729,-0.624199116779585,357.022951250448,0.00999999999999091,-0.580084070549043,0.358017218477653
-0.908879310180202,-0.389227760998948,357.291539652652,0.268588402203363,-0.421827909890457,0.769252037091535
0.0302323879251183,-0.0744047387339978,357.69149207327,0.399952420617979,-0.148751782138057,0.544639801791964
0.0195399868406239,0.0449120960794762,358.012764150505,0.321272077235278,0.0234379254299878,0.508974326807188
0.861088155148461,0.211926589414226,358.152448657049,0.139684506543745,0.0913946755824156,0.461353850604496
1.52444082347153,0.136067316558147,358.299397779746,0.146949122697265,0.163326867812856,0.513088010562401
1.28181621865999,0.709345318084897,359.018487296207,0.719089516460883,0.625641612119271,0.512128081464922
0.436990037669569,0.569031432601292,359.54009397779,0.521606681583421,0.657218526755342,-0.373944681661309
0.522064924188076,0.288138416643935,360.026022486622,0.485928508831989,0.318718869805368,-0.836822132879917
-0.200401746865134,0.0248999428983354,360.35492560731,0.328903120687357,0.0645591094459301,-0.677054205173981
-0.135172522035692,-0.202121403254081,360.68057830956,0.325652702250636,-0.148039428881711,-0.606635112163256
-0.0285747854682485,-0.347112442592006,360.952958036652,0.272379727091561,-0.291540649411935,-0.432992900126325
-0.118464541819478,-0.505475975606368,361.336534968528,0.383576931875666,-0.384953413585201,-0.0438224957404858
0.358635669731069,-0.298115090435271,361.743852739031,0.407317770503369,-0.330617038844309,0.28435349171712
0.735568263141004,-0.279838454744708,361.753852739031,0.00999999999999091,-0.327720843410201,0.294876976850504
0.507866338140978,0.0410878488673884,362.271398781238,0.517546042206789,-0.0305215750343561,0.765204654446845
1.19935430130774,0.0978263561519961,362.421372357285,0.149973576047671,0.0854300891857731,0.775103635651484
0.446250799207731,0.297135975333182,362.622797933519,0.201425576233589,0.251659176669354,0.860282645913556
-1.12239116788859,0.577090526437912,363.031513688534,0.408715755014782,0.52795105192971,0.422143556681208
-0.00233659604206143,0.580729024882859,363.189103524631,0.157589836097657,0.555461088432284,-0.0711755560660451
-0.386948508196347,0.4403810433458,363.34307127177,0.153967747138609,0.522708393742168,-0.345367308172142
1.20586865323074,0.0743738337546409,364.011688598894,0.668617327123684,0.0228038614035133,-0.919418327367317
0.892506133471524,-0.176743312996662,364.534165602644,0.522477003750112,-0.221955166348842,-0.00885596231568816
-1.76547534821802,-0.120378679436117,365.020067900786,0.485902298142037,-0.0810902388481175,0.538231654807664
-0.910222704862401,0.0197229946027289,365.450001328638,0.429933427852234,-0.0193717838659342,-0.23220329396551
-1.07650498087306,-0.0865978332408673,365.833051206059,0.383049877421058,-0.154895640672875,-0.449977621878605
0.170492990449634,-0.534850531228858,366.442784328653,0.609733122593525,-0.466550045159801,-0.45758457727538
0.236894531021989,-0.494043338758315,366.452784328653,0.00999999999999091,-0.471033612209212,-0.439106127448292
0.765142479737829,-0.520343690421167,366.864477803283,0.411693474629885,-0.485151033324298,0.348204550930321
1.1951885566061,-0.464039204819746,366.874477803283,0.00999999999999091,-0.481562920799032,0.369413152030425
0.109743139497584,-0.130712040769051,367.295509601257,0.421031797974365,-0.149007231055133,1.0966096414016
0.342169012406627,0.308135733654296,367.789312948114,0.493803346857078,0.335748699775098,0.785744132471249
-1.55315577895605,0.548678576595663,368.078500559328,0.289187611214118,0.514934022795121,0.420581502846059
-0.522815847023044,0.0876025186204422,368.740810625214,0.662310065886004,0.135155426741763,-1.28024789298431
-0.110269652822862,-0.430862266424139,369.217085779859,0.476275154645293,-0.444444206449111,-1.040243419355
0.71763930450183,-0.682659251446484,369.42138395418,0.204298174320854,-0.614554829392863,-0.596028752964961
0.740613956794251,-0.601920286150549,369.705279981401,0.283896027220351,-0.642570594594369,0.385960186778217
-0.551433747706491,-0.654059264541159,369.759871086208,0.0545911048074004,-0.616928321969525,0.550852690612985
-1.74947657539245,-0.59890863411676,369.77313309054,0.0132620043315796,-0.609485838887846,0.571370149683375
-0.357530448155873,-0.37926523184101,370.137020159411,0.363887068871804,-0.411285537254197,0.450082296689693
-0.0842861515895426,-0.2614273091224,370.332261763271,0.195241603859301,-0.315007270069303,0.522446432347798
-0.653558849253979,0.0652611488233257,370.850862601514,0.518600838242889,-0.0249775535694276,0.532487883438403
0.449017810510822,0.130421168632652,371.288152526369,0.437289924855179,0.118937598710979,0.119205338505227
-0.262955596435916,0.106501417688743,371.298152526369,0.00999999999999091,0.12013673256088,0.12061749531116
-0.851252850821646,0.0541230607033219,371.83112868315,0.532976156781444,0.107526031253369,-0.153037673088781
0.646444556657459,0.0941065552333778,371.842955041632,0.0118263584814713,0.105646710834599,-0.164751040902887
-0.326144151220389,0.033757587845848,372.189142001687,0.346186960055093,0.0792758990725609,0.0105399831132181
2.42211226950847,-0.0212297934311587,372.721816425294,0.532674423607318,0.0233542001748486,-0.200681020929725
1.67619232608771,0.0732181722184648,372.845165987708,0.123349562414091,0.0171300434173268,0.0969559680513518
-0.783899173155485,0.00157468844252877,373.116419872903,0.271253885194596,0.0981786927043268,0.484310580694492
0.674435786265434,0.0415327255206731,373.396773645948,0.280353773044908,0.18476437965363,0.132207241569117
0.296586727962621,0.245336143654399,373.424445920155,0.0276722742074185,0.188500678193417,0.137770533467822
-1.17846329870689,0.189192312988224,373.721019319508,0.296573399353235,0.220370824039084,0.0745602204259992
0.228799675284257,0.246984877830874,373.815217439606,0.0941981200982127,0.219912332840854,-0.0830340003686683
-0.115396231232031,0.0955539235910665,374.257881808093,0.442664368486078,0.166643892405261,-0.145135202431474
-0.0125460330841323,0.170421988018666,374.447969387096,0.190087579003034,0.132500519105143,-0.210537334374639
-0.424631203650905,0.186783855054558,374.699665496357,0.251696109261786,0.0751754133762056,-0.239152682487442
0.740400978189743,-0.060576236585628,374.98099743751,0.281331941153098,-0.00741922174583989,-0.337836085763346
0.198491516740581,-0.0705437135007021,375.267613158722,0.28661572121166,-0.0659785766472357,-0.0715005444022577
-0.290223872607971,-0.0542393309010792,375.521383570487,0.253770411764435,-0.0725073533123105,0.0187048487914102
-0.491104629098317,-0.119780748635523,375.531383570487,0.00999999999999091,-0.0723279322271577,0.0171792691883442
1.06409118926225,-0.0166139658874995,375.683025449416,0.151641878929809,-0.073687150412584,-0.0343818762706704
0.332851075996767,-0.0617960258233936,375.938618157877,0.255592708460256,-0.0441739383567023,0.256505266953466
-0.432955597342741,0.0570597557271934,376.242794318393,0.304176160516363,0.0442559792243625,0.314405091604842
2.93082879467736,0.0510764225777073,376.880891278882,0.638096960488497,0.103432368087163,-0.118763180884355
2.44282934839229,0.156582804589479,377.013307317536,0.13241603865464,0.111553175980425,0.2371014100494
0.832716785553171,0.32718535664497,377.397969586358,0.384662268821842,0.338899318621199,0.883997064084452
-0.0636181873978988,0.668676356576377,378.039273347775,0.641303761416964,0.664020988505023,-0.0471456102239577
-1.96971923931725,0.218305769109297,378.65279118316,0.613517835384982,0.257588082751678,-0.980567687326664
1.69642618537451,-0.129676795732656,378.978092881154,0.325301697993837,-0.150295522897588,-1.46553208454927
-0.0455847928404014,-0.469293802221942,379.492646975785,0.514554094631023,-0.495569794194789,0.174908132622518
0.316628417449704,-0.132015558207812,380.155174739737,0.6625277639518,-0.168881896098467,0.640231334122278
-1.17006828866789,0.380546679588052,380.998896048209,0.843721308472027,0.352120873646684,0.431944913025727
0.78705494264057,0.341647697269894,381.165293987328,0.166397939119861,0.391897371264441,0.0469487188677877
0.64610125912526,0.412987210633394,381.570308535392,0.405014548063662,0.385601056149015,-0.0720818701559389
-0.018285989278146,0.419898885904406,381.774944668382,0.204636132990174,0.363769598926677,-0.137104059972321
0.804171333238735,0.253602510490237,382.195484832819,0.420540164437114,0.240107588247103,-0.411191257238131
-0.467648829709748,0.211564238720853,382.205484832819,0.00999999999999091,0.23601886079063,-0.406536512268496
0.0784217364294501,0.175231678178706,382.215484832819,0.00999999999999091,0.231913855574484,-0.414447524768549
0.00298795080248594,0.17295980591081,382.425624862051,0.210140029231809,0.14139429900228,-0.438649085847411
1.83286197760772,0.109056388265754,382.52507194229,0.0994470802389742,0.0975691016676115,-0.441090800523527
0.397095329835779,0.0114311153118501,382.652636836665,0.127564894374757,0.0563414067377132,-0.205954098265811
0.898576224327226,0.0427499740052546,382.859493778996,0.206856942330774,0.022272291578822,-0.122508007219214
1.38985646223506,0.0222148902810063,383.335922095592,0.476428316596071,0.0605464307400167,0.261551319174108
-1.27743948931912,-0.000706280551404051,383.408258650305,0.0723365547127059,0.0823686968367104,0.340773332895185
1.08358517477184,-0.054978960661441,384.082227725641,0.673969075336686,-0.0244351775859422,-0.579248972149956
0.413135916978694,-0.100248909147271,384.460380082741,0.378152357099339,-0.140054570334802,-0.0339355659686108
0.742546204475813,-0.112149294684557,384.510124958848,0.0497448761079227,-0.140853178886996,0.00169500345333277
-0.611659852074906,0.0133938995889613,385.062070588751,0.551945629902491,-0.00331234951851436,0.448594238091491
0.895609372126633,0.0155031214760638,385.390595883598,0.328525294846827,0.0973361239777437,0.160747869012179
1.21528411780249,0.178272446759497,385.560047105892,0.169451222294583,0.132853449044492,0.254919037377681
0.277749237032091,0.171972889837091,385.741084893742,0.181037787849903,0.191239738808323,0.383928255850639
0.906016543982477,0.281199477893981,385.907130339057,0.166045445314751,0.24981291601353,0.318055851211534
-0.942040327600651,0.342378187255127,386.2846162334,0.37748589434284,0.37229697464405,0.304374268100722
0.547661198383612,0.327222070409835,386.653725870764,0.36910963736409,0.346473538953085,-0.415199823430975
0.581712806514472,0.272970846363446,386.913966160243,0.260240289478588,0.237910963912839,-0.403838181561104
-2.26507165014779,0.289734304809442,387.12248257731,0.208516417067699,0.160310764519716,-0.334679512939867
2.2415366440549,-0.135238990400644,387.561073050675,0.438590473365252,-0.187986049581768,-1.16897643196593
0.995331342845045,-0.298393575061965,388.124751952089,0.563678901413368,-0.317654310437166,0.662144863193717
-0.0992418989760978,-0.106603096966359,388.370452555968,0.245700603879243,-0.118200438528017,0.933205779255201
0.257582376270247,-0.0125362892087874,388.480262514879,0.109809958910432,-0.0180557328967343,0.887386998965378
-0.622668821012422,0.292197162219352,388.852119070412,0.371856555532986,0.287271869256083,0.715321725595058
0.774275117124629,0.376367201816699,389.068448739409,0.216329668997275,0.400628501342691,0.324088222988258
-0.789038987581698,0.381464212447417,389.473305251272,0.404856511863613,0.479613534331958,0.0486992597289985
-0.585453841589387,0.448263639271951,389.830219329161,0.356914077888518,0.362959623676889,-0.647339989529813
-0.339943763799204,0.238084111772729,390.059089696507,0.22887036734619,0.188772901068692,-0.849674461929096
-1.9612032862405,0.133310781190009,390.069089696507,0.00999999999999091,0.180260346793286,-0.852820522204292
0.230524771593275,0.0283768643201813,390.192512929357,0.123423232850314,0.0613005772262453,-1.06703470725465
-0.89963000818342,-0.33504100474726,390.709101918793,0.51658898943549,-0.366429936740087,-0.517652014047319
-0.996161422216973,-0.446978059700645,390.855095898802,0.145993980008654,-0.437405390774881,-0.44783691676397
0.479487353513106,-0.523126380408932,391.132341051702,0.277245152900093,-0.53515935470609,-0.236830059241302
0.931892471721864,-0.45307693680843,391.560944679277,0.428603627575797,-0.429442003005283,0.652779836572728
1.14903099307805,-0.253204931291511,391.702357014412,0.141412335134362,-0.320431341575431,0.875691333821818
-0.587276841995266,-0.18730155984306,391.712357014412,0.00999999999999091,-0.311599298993587,0.890618717715284
1.43121707201997,0.0736164500409028,392.03235992258,0.320002908168306,-0.0523251361386222,0.699899713018466
-0.223082385935509,0.0198722047468094,392.162246905403,0.129886982822597,0.0478439365453998,0.836672581799948
0.23262367491939,0.113667978879234,392.172246905403,0.00999999999999091,0.056173576358642,0.829246541172423
-1.31256902631124,0.183723690450798,392.348646785306,0.176399879903556,0.196434379966117,0.75279909483016
2.40475447600456,0.331284005360615,392.792380915075,0.443734129768586,0.315910231712817,-0.206406487735967
2.44817514058936,0.356333965809062,393.023314550781,0.230933635706151,0.313094833870102,0.175013282900541
-0.717801972669056,0.453512873878606,393.360564169798,0.337249619016575,0.450239940028747,0.594289242089638
0.792594744000195,0.47712602872784,393.656859105151,0.296294935353046,0.517857949131573,-0.13858109433174
-2.44238107363751,0.373205659222976,394.247812518699,0.590953413548107,0.340023478974408,-0.364030760905352
0.209184710456313,0.0167237442810149,394.640268986949,0.392456468250032,-0.0100490206965956,-1.32820406526688
0.950429666587637,-0.45220129246298,395.051526294372,0.411257307423114,-0.453712400603163,-0.755772426417127
0.0739454589521799,-0.560835203313925,395.210398049344,0.158871754972495,-0.538264327089063,-0.301774024968965
-0.047615405175726,-0.505313828483183,395.477795666676,0.267397617331653,-0.544551260489443,0.244234214602991
-0.970328683869366,-0.253943729141727,395.919490198367,0.44169453169053,-0.311379595942149,0.70829180186975
-0.506652414019328,-0.0986513072572973,396.174752688569,0.255262490202085,-0.153341468510221,0.51512969952716
-0.529038214038384,0.00428331523119643,396.441639242354,0.266886553785412,-0.0341401816218552,0.370029165039039
0.174653361671098,0.0566454780950737,396.741251898375,0.299612656020713,0.0463723828917373,0.164490527603282
2.88816729151216,0.246830691469926,396.918102772487,0.176850874112233,0.0751477566302679,0.159262222852994
-1.16130300377842,0.128118407650748,397.02056446794,0.102461695453087,0.105088912628455,0.42185152382538
-1.9245873785327,0.168782621590932,397.415130897305,0.394566429364886,0.1498680376154,-0.181612099566835
0.778212361217031,-0.0200997100408751,397.752174010973,0.337043113668528,-0.0221123577322083,-0.800974749587724
-0.134472954471237,-0.0267381928411591,397.762174010973,0.00999999999999091,-0.0300611552528878,-0.788774691087309
1.60572692465186,-0.212517217713519,398.089631327337,0.327457316363166,-0.262938047018523,-0.6081643912606
0.650098254061945,-0.391572428757492,398.434143175927,0.3445118485904,-0.322478730728565,0.249343717019096
-0.970778492260127,-0.423194789804977,398.473992518983,0.0398493430556073,-0.311496834166281,0.301394889231093
-1.37562508414492,-0.19103085877455,398.960264323551,0.486271804568787,-0.2173766083259,0.0720247852522485
0.721864369884264,-0.277215993026604,399.367235459039,0.406971135487197,-0.259180771048106,-0.258069273303795
0.984486608655057,-0.252588497536793,399.678299508763,0.311064049723939,-0.270360946305063,0.176613083604563
-0.658463147533747,-0.101301688982934,400.10388669047,0.425587181707442,-0.0766603390539052,0.680427687142254
0.510377861413184,-0.0160062726951146,400.11388669047,0.00999999999999091,-0.0698984058455878,0.671958578746943
0.890109713858111,-0.0337588596763604,400.224949147342,0.111062456871991,0.00633039910814023,0.697679930533567
-0.879202326217096,0.136605436960058,400.390158451049,0.165209303706774,0.127538641768128,0.761845642148614
-0.352474426305389,0.286878544437886,400.928228523891,0.538070072842288,0.301074348167943,-0.121579463026491
0.753595727863221,0.278262922101973,400.938228523891,0.00999999999999091,0.299807191836448,-0.131832523172783
0.430677609712845,0.280223165593616,401.424105174776,0.485876650884563,0.251856608915474,-0.0563961771317409
-0.876029032795971,0.215039585936067,401.646371820246,0.222266645470825,0.236679254527287,-0.0781382583196262
0.628347855153097,-0.0703696514375695,402.189921251108,0.543549430861447,0.02419045710233,-0.632302615649395
0.955270286128406,-0.177338473872316,402.53738724101,0.347465989902616,-0.136972429171633,-0.285981509109985
0.802048178647331,-0.114124398912677,402.80636622189,0.268978980879979,-0.164556143748034,0.0756694887040307
-1.32483970711521,-0.0987258230147237,403.232764855224,0.426398633333179,-0.0429948820373118,0.46151393495256
-0.406422664648364,-0.0457147836696152,403.273718698866,0.0409538436424555,-0.0253276065996361,0.401263970419121
-0.054564214174746,0.146989470037026,403.757208763463,0.483490064596992,0.0968672833272165,0.0964418908688075
0.707405388928583,0.0681307626245979,404.040996866009,0.283788102545998,0.112073704139999,0.0111901639396436
0.655202637919924,0.129525742256495,404.496271176865,0.455274310855827,0.160393559659674,0.185980420245132
-0.0608763019942571,0.303071158302758,404.843379873573,0.347108696708119,0.234169625625078,0.226823042660334
0.0353407141731335,0.28870176237817,405.196301989916,0.352922116342597,0.269350693049542,-0.0261384794543516
0.203431932746514,0.17876458623984,405.575396346066,0.379094356150574,0.221797831335252,-0.209983070196587
0.498939141422268,0.116199714034636,405.633511807751,0.0581154616843946,0.209296006597304,-0.219884175382444
0.652764161197562,0.116150376514708,405.951883237896,0.318371430145419,0.148965094360241,-0.152936206561452
-1.50958462419567,0.207137960953803,406.046036220658,0.0941529827615568,0.136420769712443,-0.113393034953779
-1.30342443198355,0.0250171737747736,406.41139136276,0.365355142102089,-0.00980225455717535,-0.651771716437087
0.454203396072107,-0.416519176958516,406.917609594578,0.506218231818423,-0.418127144675638,-0.855459701411034
0.0280841897169076,-0.621091142352611,407.332020585974,0.414410991396153,-0.568016270361917,0.158963021065277
1.58001115528278,-0.527944186246502,407.608825386451,0.276804800476498,-0.457121902412681,0.600812708087027
0.13383158789465,-0.354044754374335,407.750916916459,0.142091530008258,-0.346967895796098,0.934014823476071
-0.995767898785778,-0.301039575182718,407.791171955062,0.0402550386027656,-0.308948497755382,0.953915313189858
0.107489955010961,-0.114903466344834,408.127284706407,0.336112751345354,-0.0415645037748966,0.609543408208558
-0.597828888780886,0.341857213232211,408.763309473933,0.636024767526351,0.277993084945178,0.33061092022338
-0.915279257136416,0.359500522287968,409.107201815548,0.343892341615003,0.307564081357258,-0.150414891803128
-1.99693269541265,0.289340265639002,409.413177981649,0.305976166100379,0.194222808657877,-0.562430717214164
0.425216556494545,-0.198984804457999,409.847563815658,0.43438583400922,-0.215815614760707,-1.23715708265405
0.13071483785071,-0.497237497462282,410.108511740752,0.260947925093774,-0.478298534199291,-0.740415440839306
0.173621513548652,-0.63988172382635,410.526331056859,0.417819316107511,-0.588310973041334,0.230378646719641
-0.880681892544258,-0.458178582300902,410.794051426127,0.267720369267693,-0.457048043056578,0.702909040152462
-0.112121989396094,-0.0588022207501749,411.281233077306,0.487181651179299,-0.148910037329322,0.485292605157235
-0.932010000030775,-0.00361941913189005,411.528804459215,0.247571381908756,-0.0325672720249351,0.445144457457982
-0.117545763506853,0.101867208786992,411.711352544159,0.182548084943733,0.0302983334900034,0.242869805992679
0.968105934225619,0.149598178004645,412.396533182892,0.685180638733527,0.115011971693526,-0.00184973584182243
-1.11699922038066,0.164231212867704,412.553847522982,0.157314340090011,0.123501342791194,0.107843020130327
0.289129693098029,0.0838808631014357,412.846529065804,0.292681542822095,0.0967568901078932,-0.278244277102904
0.606646926753757,-0.00953781342998351,413.214617515442,0.36808844963781,0.0132273690078376,-0.168466756361597
2.02693549980328,-0.0232230221164371,413.484944695831,0.270327180388392,-0.00830845404699096,0.00710759898059217
-1.81351699025547,0.160201538297351,413.796079916282,0.311135220451661,0.0861561500397753,0.575346272480706
1.35334715219978,0.161783611353805,414.080666797183,0.28458688090052,0.158561765941893,-0.0591582788967025
1.40251655403354,0.108608158628544,414.090666797183,0.00999999999999091,0.158022404853794,-0.0487193048427982
-0.722699514064352,0.154840999431179,414.288776005247,0.198109208063954,0.169078205403996,0.156062421123871
1.62223667923958,0.151872852089111,414.558944485574,0.270168480327015,0.17003440156076,-0.142321431054726
0.0140528238957423,0.153643985831191,414.711526202829,0.15258171725543,0.163529621230616,0.054942730084221
-0.956852866363747,0.167755131708577,415.12253546443,0.411009261600952,0.157016143742694,-0.0808514975288805
-0.743012958111068,0.15166546428247,415.13253546443,0.00999999999999091,0.156145271588028,-0.0933063981684431
-0.145752960970054,0.128362838481158,415.355869306826,0.223333842395562,0.11123012961885,-0.30121080126355
2.31313621773555,-0.0198944805684071,415.534926456889,0.17905715006367,0.0544245419087655,-0.329288140107579
-1.50078465360184,0.0592765368003272,415.990452122267,0.455525665377195,0.134451138601127,0.630922270633595
-0.899539547769404,0.222635225527344,416.426725526415,0.436273404148778,0.211054345316349,-0.261179475182094
-0.779553663042216,0.00650595512548265,416.793405307524,0.366679781108644,0.0439988631665115,-0.615588870165564
1.27530871504502,-0.199012518133296,417.127587934763,0.334182627239329,-0.183402493230697,-0.715692692983629
-0.424720513441547,-0.270776608646919,417.242920561986,0.115332627222188,-0.252261750416509,-0.477097372567365
-0.766621262123413,-0.385812024018685,417.601636341997,0.358715780010982,-0.388784091270519,-0.261080558235636
-0.420924464271441,-0.490204368916735,418.009111737251,0.40747539525438,-0.451224803338793,-0.0331096052957838
-2.07003326505346,-0.308038793723488,418.488613533825,0.479501796573629,-0.371632007028192,0.320360998839606
0.253296602744053,-0.371810697540445,418.741283358229,0.252669824404279,-0.330818699088506,0.00286504531269759
-0.98419866498896,-0.189665138255085,419.294796139295,0.553512781065876,-0.188733146259304,0.447793115373157
-0.144297772378312,-0.155408334001276,419.850508875015,0.555712735720078,-0.0728369885213564,-0.0320094448844702
-0.00931988581735201,-0.103241684271361,420.337870905572,0.487362030557563,-0.0852186422520168,-0.0172860926413386
-2.18521030189444,-0.116145285447509,420.486843925232,0.14897301965982,-0.0859100642168109,0.00772885530589918
0.120748331510171,-0.222440441063692,420.872143720594,0.385299795361561,-0.219696940693362,-0.660539708034065
-0.252710275446144,-0.255867930196866,420.927290137091,0.0551464164971094,-0.254651812051746,-0.606524038765618
0.140347208387951,-0.438053020217432,421.335222454493,0.407932317402583,-0.43262034925696,-0.231571863242327
0.171356190856191,-0.371455198998562,421.671008253516,0.335785799022574,-0.425911610927683,0.255799014807717
-1.01492651917262,-0.245377340250175,421.913655468145,0.242647214628903,-0.330972912215285,0.505491083748827
0.95102266742564,-0.340430875000676,422.083424197279,0.16976872913375,-0.252440735893135,0.413707012553766
-1.11343678194182,-0.136211030750078,422.284316106212,0.2008919089335,-0.145125916559529,0.641442443175824
-0.447418855130352,-0.10235992293926,422.294316106212,0.00999999999999091,-0.13876782468791,0.630150632575358
0.876975993429592,-0.208024179811506,422.331715238064,0.0373991318514868,-0.115540746586727,0.611723330026591
0.265223147298292,-0.134565842355134,422.392270549489,0.0605553114251052,-0.0770770030422803,0.657564020542638
-0.851629305169692,0.0487054046534194,422.576747209961,0.18447666047274,0.0443845746465058,0.651776006536466
-0.391505800266551,0.245896420938756,422.948192158598,0.371444948636338,0.195032645804226,0.153693694189221
1.54982604690388,0.174581388806601,422.958192158598,0.00999999999999091,0.196524820391598,0.144741934685718
0.120821884576278,0.234277800760948,423.248479918898,0.290287760300657,0.278273426722839,0.401022687899357
-1.43503160392918,0.309869019306867,423.258479918898,0.00999999999999091,0.282246327675554,0.393530719275633
0.693540180632136,0.299082565192778,423.565727824615,0.307247905716565,0.296227472978091,-0.287307772843205
-1.18698295997356,0.157711275348316,423.897565387664,0.331837563048509,0.211870284190009,-0.209417937230417
0.174280044350424,0.056567962832473,424.313556477093,0.415991089428985,0.00918321934653385,-0.715437720169678
-0.448031167893079,-0.206661970632787,424.590261101995,0.276704624902607,-0.16529488430923,-0.532820424800416
-0.392360014255095,-0.359404793567667,424.947708482755,0.357447380759652,-0.33547013095728,-0.393113722906135
0.0551569984308759,-0.357808349350893,425.423982938198,0.476274455443047,-0.432307378399212,0.00403674306428907
-0.12808233606095,-0.29512001905817,425.809400567704,0.385417629506094,-0.343790594518841,0.416705878255222
1.61718391635218,-0.164897964157906,426.227688940462,0.418288372757615,-0.141872238049282,0.50421856341444
-2.29191315767686,-0.0759158552244761,426.348978501524,0.12128956106227,-0.0690876389340547,0.690833952230942
-0.426913614837321,-0.0439931806915154,426.691870072571,0.342891571047062,0.0228065104901059,-0.141459951656206
-0.917920158376634,0.0236281289112169,426.986929125255,0.295059052684337,-0.0341979013159962,-0.236944357341846
-1.67341275251736,0.023644751313399,427.036372670974,0.0494435457189297,-0.0467890611204362,-0.272027517493321
-0.868246628034628,-0.325941650708936,427.636104860078,0.599732189103463,-0.409473614753562,-0.807295162645922
-0.778625600550407,-0.443768272421694,427.732419425892,0.0963145658140547,-0.483495444232505,-0.724466423973942
-0.449582525073021,-0.599799487942028,428.011100000058,0.278680574166117,-0.630430636891471,-0.293569375582203
0.438044016652537,-0.44888778450724,428.644064680676,0.632964680617988,-0.429063944624523,0.719957220053034
-1.24194425795259,-0.182048162506267,429.024952062904,0.380887382228707,-0.0920011556460215,0.974153197544616
-0.227385431885907,0.0460101245328007,429.268739192041,0.243787129136194,0.0972896098552108,0.571369204501923
-0.691578603926686,0.278755038442514,429.759964178938,0.491224986897123,0.277799032624973,0.142414385791044
0.578460043392285,0.139131324948286,430.362243191303,0.60227901236567,0.13524547954355,-0.539830452798023
1.64655283076919,0.0386276536583743,430.608927411626,0.246684220322891,0.0212460853664505,-0.377912281962538
-1.29082332621607,0.0777613889348618,431.199229693971,0.590302282345135,0.0894770706796356,0.548769928056045
-0.230218654066815,0.16131120286655,431.680930355377,0.481700661405796,0.153221200084472,-0.262850799398239
0.924640181741115,-0.0269381662629321,432.26038611497,0.579455759592292,-0.0432212580542663,-0.370028630854882
-1.60572486214324,0.0240868486671292,432.788067587683,0.527681472713823,-0.0756121817947476,0.226533055864175
1.87630211117816,-0.13969497892114,433.155285192507,0.367217604823793,-0.0931976368301488,-0.303681856381199
0.217074416415698,-0.231740252493314,433.212998255341,0.057713062834182,-0.107046145506327,-0.176549840338542
0.43679730073391,-0.189316582969823,433.692398978348,0.479400723006904,-0.131532037249291,0.0688413369790303
-0.461597958303629,-0.00168129437424144,434.111738788597,0.419339810248516,-0.0505802200673185,0.296964411298198
0.219405396781977,0.0577751503183052,434.25648685444,0.14474806584343,-0.0130741200603077,0.220372518397269
0.0986099769910502,0.046949486091144,434.655497944947,0.399011090507031,0.0803013758257209,0.234544105628547
-0.535141115026436,0.174791171624192,434.931493854991,0.275995910043434,0.13681962896641,0.17080266157942
0.0485971907758555,0.173382410374675,435.335460139581,0.403966284590751,0.134627424833932,-0.169705609612547
1.88075189332571,0.111168921499817,435.664240883066,0.328780743484685,0.0735158884709748,-0.194091486743314
1.11554793512069,0.18474991275282,436.237393001539,0.573152118472763,0.232135474930055,0.670516987756339
1.11136760984072,0.251907128698819,436.247393001539,0.00999999999999091,0.238852984509706,0.67295075069906
-0.455717390976597,0.54544284894312,436.705044295767,0.457651294227958,0.532857547622388,0.51886631533036
-1.07537743854038,0.560209144816886,437.099345647764,0.394301351996887,0.535937839527632,-0.470937188305332
0.937636200468112,0.424270463604889,437.354685345008,0.255339697244494,0.341403428595723,-0.999790426572624
-0.208107405244513,0.284443355814359,437.434567893817,0.079882548808655,0.263583013979171,-0.945444688290583
-0.369905332232314,-0.138089619839944,437.867085581283,0.432517687465804,-0.145822849809151,-0.885356535589122
0.213901320583966,-0.109148321105515,437.879756030971,0.0126704496888124,-0.157009412929916,-0.88035190838785
0.621514029415518,-0.443501714241473,438.367962331965,0.488206300994023,-0.438569463854797,-0.218298963143741
-0.405480259197757,-0.483252376433476,438.780839049496,0.412876717530537,-0.366275590152494,0.51915290094783
-0.136005356488358,-0.369535494081118,438.794778473248,0.0139394237519923,-0.359009476087301,0.523300082327472
-1.15500056138369,-0.163729209397633,439.11796892254,0.32319044929244,-0.173057818952815,0.594359895664266
0.928117520916678,-0.00155798678172297,439.547763526296,0.429794603755397,-0.0239393532405519,0.0947672628836114
1.7472600506065,0.0555271400048156,439.824554984314,0.276791458018181,0.0352082906789893,0.32187829489402
-0.144150462900031,0.0342797281899807,439.906186090283,0.0816311059692225,0.066401286448038,0.440694450247582
-1.11359791248226,0.171944281809357,440.400798084118,0.494611993834326,0.212643602591026,0.134960438966639
-0.207490266246143,0.0866520012576008,440.968459895393,0.567661811274945,0.0524933210391824,-0.62586010009324
0.264559044734108,-0.162787722930319,441.212060437714,0.243600542321076,-0.0970441039155153,-0.590239628617285
0.714917678258975,-0.333176734857306,441.609993441684,0.39793300397065,-0.263824668841224,-0.231642281381204
-1.57037727811266,-0.223338157949167,442.014734108408,0.404740666724138,-0.243617688144628,0.308784150544398
-0.164059208021657,-0.295058137397084,442.733798678993,0.719064570584464,-0.305229691281042,-0.412645334837626
-2.08526988487943,-0.423946386270428,443.208728546742,0.474929867748926,-0.398969149895136,0.0298565130535128
-0.356837391512138,-0.43708105760111,443.465360096646,0.256631549904284,-0.42200259139684,-0.199954904047005
1.31068695817833,-0.444631753210219,443.769567979984,0.304207883337483,-0.437753491247843,0.0927666144549255
-1.22548152473853,-0.244833692022621,444.112743771514,0.343175791530939,-0.272110417106143,0.813083092175068
-0.166630660993926,0.049587448108005,444.750656082549,0.637912311034654,0.00145525277097212,0.0219775338374218
-0.343027176226654,-0.0847653371213166,445.313830578323,0.563174495774035,-0.0121461460591892,-0.0636049318554236
-0.234406232500751,-0.162308921671874,445.827752607072,0.51392202874888,-0.0755377061856441,-0.167463801828094
-0.0972610715678806,-0.115375144847609,446.195684693557,0.367932086485041,-0.134209670007843,-0.144341165137316
0.918346786408014,-0.190129476149856,446.706450698239,0.510766004682125,-0.171979327125735,-0.00203479621701856
-1.54906598549778,-0.179451152754218,446.716450698239,0.00999999999999091,-0.171935345208661,0.0108199220104336
-1.04529518238756,-0.179266679528264,446.836679276625,0.120228578385706,-0.17901419624364,-0.126841809405311
0.763277712902992,-0.211500265373078,447.194000400273,0.357321123648092,-0.256857801022332,-0.291331110460572
-0.969472590174045,-0.396783037771869,447.502080649095,0.308080248821511,-0.276086881622919,0.15793455177923
-0.69405540860391,-0.256330849319095,448.029639701248,0.527559052152981,-0.249925014421973,-0.0560566467143204
-0.619114451783767,-0.207338611664847,448.314017523279,0.284377822031729,-0.268590378915613,-0.0721571974422675
-0.308565222069747,-0.270440620502042,449.040216023977,0.726198500697933,-0.298257278847563,-0.00211953157213646
1.83417145744567,-0.199664307554655,449.054517905948,0.01430188197088,-0.298244568264993,0.00388981872470782
-1.41594490312551,-0.0522812001991645,449.440391895209,0.38587398926137,-0.124427019245634,0.83833349515764
-2.0984159829807,-0.00143456634175917,449.828598485095,0.388206589885385,0.0763791330775519,0.190788246340558
1.88222894970647,-0.00416752109616603,450.134960731675,0.306362246579795,0.0298805834728928,-0.472376606099498
0.695320531167159,-0.00621632802905793,450.521756794744,0.386796063069085,-0.00325825503502619,0.280805470741281
-1.00284430844746,0.233573558531521,451.141449272659,0.619692477915123,0.24137250289808,0.442670533545543
0.582165066173934,0.260549960957793,451.358938195017,0.217488922357802,0.295372164720158,0.0548347793737857
-3.42435038724843,0.192889157091583,451.377665168978,0.0187269739610656,0.296370031322949,0.0517294431238978
0.916333841221613,-0.0997790117689716,451.821638245689,0.443973076711814,-0.0480013632334365,-1.48201385004979
1.88487649580676,-0.21654111391176,451.987850326041,0.166212080351045,-0.268454201043407,-1.16024255745047
0.841290966475487,-0.436529581797165,452.400306155691,0.41245582965081,-0.465905579479881,0.214697523883483
1.39374761411736,-0.314770551994014,452.760026216364,0.359720060673055,-0.270002861823368,0.806997684362794
1.72601611345589,0.262868747761273,453.272212989918,0.512186773553594,0.289568577352511,1.25087293329086
-0.8654040706293,0.766955287640307,453.623445977789,0.351232987870958,0.713126880639977,1.01776258658274
-1.52741177725097,0.621222365335271,454.160812852188,0.537366874399254,0.562664825596941,-1.32740668283336
0.0820044516693039,-0.137315606560742,454.615542892569,0.454730040381151,-0.214519551248287,-1.8926893108828
1.89333455415777,-0.434548927339763,454.735263477307,0.119720584738104,-0.428912339671421,-1.67547337485329
0.270061034322855,-0.678221350625421,455.29212586578,0.556862388472382,-0.61598546159174,1.00372989598165
-0.521530639466851,-0.379931874060865,455.439898201696,0.147772335916557,-0.448514000200031,1.2339871504829
0.0460375033892097,0.0694776284400703,455.916725114539,0.47682691284291,0.0884698148279482,0.917013468113039
0.227442456918117,0.329180519705967,456.287583455323,0.370858340783684,0.373211385525102,0.577675292018656
-0.84464064406376,0.46314825707118,456.527162134254,0.239578678930798,0.477142100737125,0.276114836963767
-0.163261756159382,0.451974110429888,456.76426956637,0.237107432115749,0.474038161786534,-0.290305495301516
0.844076848441105,0.412499125456469,456.858022229424,0.0937526630548291,0.440567787049389,-0.419999997679565
-0.558059082135425,0.462769577068612,457.041164079561,0.183141850136224,0.36150109005375,-0.432572114672547
-0.460131915801921,0.159441765699148,457.28045608745,0.239292007889333,0.226250391221321,-0.674945424988323
-1.32753561761078,-0.121779078425234,457.671194578066,0.390738490616343,-0.0663778079128031,-0.778107549650703
1.20020672216043,-0.697993154547048,458.420520432521,0.749325854454469,-0.681303774257224,-0.517199394518552
0.60961128667058,-0.818977143964487,458.466488829951,0.0459683974306699,-0.700394316784554,-0.312853458417984
-2.11321911900339,-0.238839452089892,459.141292346789,0.674803516838097,-0.218679903598357,1.29070964802445
1.21779584474652,0.0923730751751486,459.7435147214,0.602222374610221,0.115560268365262,-0.176380411218535
-1.23773961052021,0.0647495728644269,460.095639956117,0.352125234716993,0.117160409046064,0.174863044160486
1.04648048643681,0.163882370864666,460.105639956117,0.00999999999999091,0.118830744905496,0.159215536741365
0.346417263782241,0.238156576693554,460.472510179045,0.366870222928355,0.218916900734534,0.365157352784232
1.1453155061098,0.290915755316373,460.580073580761,0.107563401715538,0.256136460033788,0.325348201658151
-1.12222893698875,0.412578964176554,460.906930983498,0.326857402737346,0.375704198850321,0.381763598950152
0.0387605953774599,0.30152974168631,460.916930983498,0.00999999999999091,0.379405275555107,0.358446958287489
-0.436392563742482,0.423308804364596,460.929474883446,0.0125438999480139,0.383808810763492,0.343642895477521
-0.154861073148738,0.331880275701182,460.954812980273,0.0253380968272836,0.391982078270618,0.301444393014946
-1.21719485138514,0.429817262800392,461.024832970519,0.0700199902454983,0.409651078718795,0.202901043163691
-0.0202627367485303,0.550295393552767,461.280989496671,0.256156526151813,0.383007950031414,-0.392997592990619
1.03052501351009,0.179198492361458,461.781934642941,0.500945146270851,0.11897026846148,-0.585376999341794
-0.177357556915609,-0.0331683659699243,462.466156012287,0.684221369345153,-0.016238299872974,0.177034173164497
0.773836266092717,-0.0134152101642264,462.673887041313,0.207731029025979,0.0151925723156069,0.124316508067144
-0.170980726773874,0.1703775888962,463.238697781683,0.564810740370262,0.172417081549932,0.3878546873851
-0.263173299861782,0.324927598039872,463.661903161575,0.423205379892352,0.265541897686748,0.0460995116784446
-0.00854612303703036,0.263378744836071,463.671903161575,0.00999999999999091,0.265957410648728,0.0370109402306662
-0.117084177614273,0.373161663041601,463.980564227007,0.30866106543175,0.247989338932377,-0.145894644725234
0.588429526949065,0.0889497225691425,464.196143216768,0.215578989760729,0.203537756065859,-0.260002569288761
-0.0540602089759682,0.18164390769617,464.206143216768,0.00999999999999091,0.200951196025056,-0.257309763951028
0.000723745594940183,0.0884858485004892,464.383460149939,0.17731693317171,0.150336589155711,-0.309110939599863
0.178554073864798,-0.00176581846278234,464.574663227982,0.191203078043031,0.0891745129603617,-0.326037463514
0.157980496062656,-0.0635376636343119,464.900414621776,0.325751393793382,-0.00545677347507501,-0.246670347369408
-0.0490701877624865,-0.089036047628124,465.155604894841,0.255190273065011,-0.0580593073429114,-0.162862322661915
1.15273734048028,-0.0741168057332888,465.219269604265,0.0636647094247564,-0.0681141580347996,-0.152834911800798
0.0913031262348773,-0.00533752554251482,465.505604717281,0.286335113015696,-0.0579782868710546,0.213833812138663
1.64086079124518,0.0455228639239916,465.759485296166,0.253880578885116,-0.00173030243090116,0.224234507273855
0.338589004340222,0.104169924499302,466.049272200817,0.28978690465118,0.121977651453392,0.607911153827095
0.076683461484898,0.393614468242667,466.450022340696,0.400750139878426,0.334446923505151,0.41816978308706
1.24938452303159,0.374312428601171,466.469275516355,0.0192531756591166,0.342313535493239,0.398949814256332
-0.324697526528022,0.394551513835139,466.57559653194,0.106321015584854,0.385336983941413,0.407244074835951
-2.01505531224183,0.390570932201757,467.151347198378,0.575750666437955,0.357945924814493,-0.447557071116222
2.21507698714076,-0.0575700263477966,467.580480892096,0.429133693718541,-0.0408237701549802,-1.30549155814025
1.97699072787752,-0.29360291449752,467.930829551381,0.350348659284691,-0.310994929700748,-0.226883900010251
2.11713636569055,-0.251621260186882,468.254530840013,0.32370128863181,-0.24219841855301,0.61677329267512
0.353607336741625,0.0337417286626922,468.523008247464,0.268477407451314,-0.00118440093450775,1.142029894497
-1.41497786959678,0.428840944417011,469.009766170393,0.486757922928405,0.48393181579283,0.742836362420088
-0.952417968444814,0.602764183360989,469.168668370248,0.158902199855902,0.558802845335556,0.194580430435013
-1.79277146020578,0.531453364452849,469.330550737314,0.161882367065346,0.551189138856354,-0.280824864367978
-2.10629291700522,0.32726062204161,469.675489050866,0.34493831355195,0.273372663920695,-1.22490593072595
0.889702231790461,-0.22325420125093,470.023071254699,0.347582203833497,-0.251662761588029,-1.71427600980362
-0.945509497591653,-0.621699280893615,470.379293284976,0.356222030276285,-0.677787929428108,-0.56735039356439
1.09170480239664,-0.7304880439896,470.569952339711,0.190659054735022,-0.741563954719044,-0.089647274226638
-0.5773735958807,-0.64644543260126,470.700016643293,0.130064303582174,-0.714879705101805,0.487831766691482
0.579688162598726,-0.43295283113162,471.141285542273,0.441268898979786,-0.354623816236565,0.950505233469329
1.06379153236927,0.127244450159564,471.630043534775,0.488757992502769,0.169123687965033,1.08640599128069
0.281509174158367,0.63372524870818,472.070569046664,0.44052551188912,0.613429501055755,0.791610085334468
0.973232889433421,0.622861566588024,472.568519417132,0.497950370467322,0.65073724453767,-0.607077224709239
0.500280116246345,0.545032619871518,472.689963102536,0.121443685404643,0.568388429135371,-0.735122056675827
-1.4402849865172,0.371524325321234,472.912540446687,0.222577344150807,0.385057605519803,-0.872437257754168
1.01744225697355,0.0467231061995135,473.182693562578,0.270153115890366,0.0886464229873712,-1.27334591294295
0.536793268485264,-0.42826900035931,473.888171303436,0.705477740858157,-0.36539916970624,0.0521146275947841
-0.209987524577364,-0.28498952404773,474.252158136492,0.363986833056288,-0.258955120784526,0.496026363464753
-0.191601521145305,-0.0304632665717978,474.70375584472,0.451597708228121,-0.0401732783341506,0.436023026734409
1.08379538140806,0.112151040057167,475.13028096769,0.426525122969963,0.108143417474415,0.244726272530065
-0.340199051135752,0.166831211157426,475.201065956118,0.0707849884275333,0.127262760649904,0.294681659914353
-1.21665703833607,0.0792865708816003,475.280497415862,0.0794314597445691,0.148274977852905,0.234145549062212
1.35055447952139,0.085931357149133,475.387026345914,0.106528930051752,0.163949998589675,0.0610216687190978
-1.17509275154265,0.146073103126862,475.70090956607,0.313883220156185,0.226843569363379,0.324349394490798
1.12565387518476,0.31511393960337,475.81930339661,0.118393830540185,0.252330544026555,0.106878510777418
0.104051713769726,0.248446951858349,476.180780186976,0.361476790365202,0.317556747252023,0.237358852063983
0.696217952860113,0.319038536684802,476.570717822112,0.38993763513696,0.34701800308111,-0.082843682659735
1.55085954176719,0.338281077235983,476.807485413796,0.23676759168336,0.32368354208453,-0.110309572767813
2.03024497726698,0.331130771749208,477.240705029964,0.433219616168458,0.34604331871498,0.196331177749345
-0.474281485933005,0.510251386824097,477.495280422247,0.254575392282561,0.425373399958811,0.408139064299692
0.101613633798367,0.387508027572648,477.913195713856,0.417915291609518,0.428283426243637,-0.367421516076852
0.302113673345017,0.443604640396317,477.923195713856,0.00999999999999091,0.424561389373307,-0.376940900676772
-0.754897950482304,0.207633981449891,478.331349346562,0.408153632706046,0.232490569303199,-0.511190715098137
-0.417880728076538,-0.0541703341398689,478.853945646859,0.522596300296073,-0.130378655263243,-0.79637313495169
-0.777621900809367,-0.23897791581084,478.928055645963,0.0741099991041096,-0.188592302004112,-0.773042222758299
-0.156865607737111,-0.404534925001832,479.232949167231,0.304893521268411,-0.413226153638563,-0.66407470410422
-0.711554554051143,-0.504302420408035,479.495677235524,0.262728068292859,-0.534600435823262,-0.240065907092341
2.07166107951797,-0.491400074326609,479.672391571696,0.176714336171869,-0.557135488276992,-0.0139989295543593
-1.52946875556001,-0.314693923311933,480.046868961114,0.374477389418303,-0.311775381212938,1.20517021371209
-0.125092468445203,-0.25127599332067,480.154799898243,0.107930937129368,-0.190229733395922,1.04211857002308
-0.471555261249511,0.0707158134797481,480.45802676983,0.303226871586617,0.105456149930622,0.88093661092812
-0.100420856900383,0.103315777867192,480.46802676983,0.00999999999999091,0.114208832245014,0.869582510662114
-0.60974869181638,0.431224098447378,480.93240567197,0.464378902139572,0.409121488718727,0.347366451106366
1.19600305836236,0.303638363075322,481.533260029673,0.600854357703895,0.290380914155661,-0.639602829640146
0.872045102376607,0.270140392308523,481.566009546473,0.0327495167999814,0.26987879813915,-0.612168635721207
0.278240362844645,-0.00216134895162189,482.413214902868,0.847205356394454,0.0272708773593873,0.0680076532344635
-0.0971692399987292,0.0502015980578294,482.617663516761,0.204448613893362,0.0447895852109882,0.101584904612502
2.35289608939578,0.0989704533796862,483.024459765935,0.406796249173851,0.0660217990841871,0.00320804008702251
-0.801275618667285,0.174324631025958,483.329957999827,0.305498233891626,0.163797636480517,0.610473409354952
0.157121153248697,0.353155995543908,483.78870378089,0.458745781063556,0.284064892764752,-0.0857466027008087
-0.214878054241542,0.290382531085411,483.897916824528,0.109213043638022,0.271940247760814,-0.135145367836644
-0.448956664012616,0.175935028253912,484.445292124141,0.54737529961227,0.106203638125111,-0.417471516971089
-0.340939896007927,-0.177181537987118,484.965803429376,0.520511305235402,-0.147114754099724,-0.506370910340031
-0.702367791521239,-0.119040975764653,485.037344453812,0.0715410244363852,-0.182706091586126,-0.487724549456171
0.197077960765369,-0.316414173834563,485.467500251467,0.430155797654606,-0.380616553367295,-0.38959307050768
-0.223457732506915,-0.381143350928632,485.84991464252,0.382414391053089,-0.421775097937402,0.168238047714309
-0.67959273556348,-0.345366754702755,486.054204769125,0.204290126604633,-0.3703532129354,0.324812559368738
1.16452663288938,-0.44434280589027,486.064204769125,0.00999999999999091,-0.367097685033146,0.32626973227496
0.910310326462891,-0.0951028080048206,486.458746775183,0.394542006057861,-0.110747475093984,0.903212910008185
2.07590334980102,0.363904143306772,486.951561205139,0.492814429956013,0.372784377734898,0.959162997748005
0.200480020570237,0.879841727547838,487.515150554056,0.56358934891739,0.839114478310121,0.358711940583909
-0.322727146977112,0.707739288104073,487.829575160249,0.314424606193029,0.735374954016056,-0.918397983476631
-1.90679097892717,0.248046042052307,488.245122046267,0.415546886018205,0.187486228175076,-1.48423954970864
-0.997535314763029,-0.0123475382291038,488.335737173926,0.0906151276587934,0.0470698192748349,-1.60926484859161
0.153501700102275,-0.259653648552332,488.539993110958,0.204255937032372,-0.282778519767599,-1.59492114835871
-1.02664149213956,-0.437030557489202,488.647835149209,0.107842038250794,-0.444334342527224,-1.39131353196831
2.12185368571344,-0.840659659964194,489.227695843186,0.579860693976912,-0.848167235237207,0.299143277735242
-0.300715245888745,-0.830620016680299,489.254120296744,0.0264244535583202,-0.837940292875162,0.473945092857294
1.82916594627767,0.0832168930259565,490.011801531787,0.757681235042355,0.0248226877950073,1.15007238347643
-0.987660179790999,0.823512541770013,490.639298719128,0.62749718734085,0.80704328257327,0.916417728871914
1.92870101916938,0.692958137315623,491.071739810702,0.432441091574788,0.664976560883754,-1.36428011983809
1.16770319949303,0.214489002211521,491.348903178767,0.277163368064748,0.3120231321281,-1.09688207398545
-0.458460523627582,0.158686114879774,491.499285708617,0.150382529849821,0.159287488251144,-0.925740098392719
0.0752819217118921,0.228433337350521,491.509285708617,0.00999999999999091,0.150013735205112,-0.928915441678526
-0.667251386968961,-0.145532379527206,491.798503557787,0.289217849169688,-0.102205495503334,-0.793482660222867
-0.999680684405166,-0.0526828470249828,491.808503557787,0.00999999999999091,-0.110142840242194,-0.794017025994856
-1.33551013893478,-0.643440739230649,492.560598579035,0.752095021248692,-0.635943196921616,-0.323513189212818
1.05026470154694,-0.716111405300356,492.588805056543,0.0282064775072399,-0.644510801383431,-0.283735063107767
1.38522335598591,-0.646038305193114,492.836324142104,0.247519085561521,-0.601407012718437,0.599140695019823
-0.630159467610977,-0.0870598935953146,493.280570540733,0.444246398628934,-0.0970098485287192,1.47865484477666
-0.912928073936777,0.174812765709341,493.48380444632,0.203233905587069,0.1761602197252,1.19503450116554
1.69906327398523,0.549300071400278,493.946544243994,0.462739797673692,0.493572114281201,0.11930479314138
0.0427374571766094,0.508642130667505,494.574571119702,0.628026875708031,0.551862449616121,0.0322013410981902
-0.500495782321982,0.377159548887624,495.093634037257,0.519062917555004,0.356731557775984,-0.659763270528386
0.661253176929105,-0.0479447513080284,495.600517241694,0.506883204436747,-0.0612449565052238,-0.891077485669581
-0.459068071148073,-0.261517054364459,495.920974231248,0.320456989554259,-0.277533505170303,-0.441886063553235
1.22985234122491,-0.332464380909274,496.481688806106,0.560714574857968,-0.428537073440244,-0.0576384164535421
0.112321929862163,-0.194912796383399,496.985244093532,0.503555287426195,-0.184389178900659,0.908821655281312
-0.159843746469039,0.0834023973114419,497.318615463564,0.33337137003241,0.109724464998812,0.823859053343152
-0.423683157699976,0.28313342539377,497.526240911114,0.207625447549958,0.261501770558006,0.628148982070338
-1.02791960721095,0.363068216512718,497.890692528658,0.364451617544091,0.392979965143091,0.0802983967747314
1.08040379525521,0.400528588951421,498.077915260377,0.187222731718862,0.371441939977213,-0.301528244583339
1.9442485268517,0.388390437345842,498.213565212752,0.135649952374308,0.333101598052263,-0.260864833611847
-0.0235645364404047,0.308338864282636,498.834795575698,0.621230362945994,0.393726731040865,0.396202972058541
-0.0371066283055157,0.492169159394965,499.048439187852,0.213643612154272,0.447106438679792,0.0998447785325226
-1.44475482971942,0.525476320478145,499.127767837324,0.0793286494720178,0.45056254526665,-0.012198741225231
-2.4251661362271,0.386376803573548,499.333656627895,0.205888790571578,0.391808099443889,-0.539902857969587
-0.913526810487692,0.317028198207935,499.527257138338,0.193600510442593,0.231662473116132,-1.08736424677143
-0.140234721072497,0.169899688017902,499.543308168871,0.0160510305326511,0.21409591764332,-1.10122959397163
1.77357447338795,0.0959624044768473,499.553308168871,0.00999999999999091,0.203080922157222,-1.10165162485804
0.384945662747718,-0.0783650779277348,500.12002366488,0.566715496009124,-0.095153396734216,0.0526056384986441
-1.76741983214806,-0.0520506519530668,500.356941860713,0.23691819583297,-0.0681426717388818,0.170816234790351
-0.280367148840072,-0.337988339423434,500.97027552974,0.613333669027497,-0.249007758832235,-0.673276977262052
0.333057632369602,-0.2902789002022,501.238635052107,0.268359522367007,-0.401564244947571,-0.443895849065401
-0.770129921487133,-0.437025369730634,501.551475526736,0.312840474628899,-0.455191850266807,0.100354272952505
1.17195334413346,-0.455779449775538,501.561475526736,0.00999999999999091,-0.454160355269137,0.105935050115264
-0.365921113705816,-0.363934919391243,501.830936865375,0.269461338638962,-0.342976987907642,0.68366679906164
0.784255873658599,-0.00262254289934498,502.402678287227,0.571741421852096,0.0161320444316727,0.496350312986549
1.82113724791777,0.0440991021878309,502.412678287227,0.00999999999999091,0.0211204419211231,0.501354971848125
0.395250475785565,0.281030222113901,502.737442611486,0.324764324259036,0.253200227788101,0.888287471718616
0.436416747245819,0.703955465643608,503.322451102484,0.585008490997836,0.581038135386436,0.107810464248993
-0.490542777493029,0.514619959965865,503.675040288695,0.352589186211219,0.517846863427742,-0.424981024384782
-1.01393888413718,0.143564122281262,504.171425012356,0.496384723661095,0.137180153114723,-0.963088156831891
-0.801481253594164,0.0700516987525255,504.181425012356,0.00999999999999091,0.12750915842012,-0.97107665832424
0.541667971453552,-0.16101327319267,504.56864142976,0.387216417403636,-0.269821319267364,-1.02289111976847
-0.222868736765787,-0.510758088061231,504.775325829441,0.206684399680739,-0.441640070011689,-0.623116141241798
-1.17069504791669,-0.558974110353643,505.279339120521,0.504013291079843,-0.544670696506045,0.229801937658333
0.279424539881772,-0.484297248288358,505.540673306204,0.261334185683211,-0.469286471517544,0.325581080362288
-0.187282734904365,-0.415003410782059,505.75404570383,0.213372397625847,-0.368448362832648,0.597912922880983
0.823899599283806,-0.245489761620923,505.920621284075,0.166575580245194,-0.263840262829516,0.64717856913211
0.705253436515217,-0.255161171201783,505.930621284075,0.00999999999999091,-0.25731293059064,0.658243642395834
1.12737083681974,-0.169376523353359,505.940621284075,0.00999999999999091,-0.250682082791309,0.667891144804269
1.09751235374621,-0.0942892296972728,506.187257394479,0.24663611040404,-0.0506143519075046,0.929424116042703
-0.469465540496206,0.607097456759151,506.935237931099,0.747980536620219,0.66028485581152,0.630899975406421
-1.12567621334569,0.732532159439747,507.312712511076,0.377474579976649,0.639483318690923,-0.686030735334149
-0.901542662055076,0.444865641324641,507.541662028905,0.228949517829506,0.409392090161643,-1.2575770334673
1.16466122339784,0.112010045242243,507.771039515763,0.229377486857288,0.0941942518581884,-1.45031217947485
0.52972822796668,-0.313978014477195,508.06261738597,0.291577870207675,-0.249034184781803,-0.881076714934857
-0.931550499501837,-0.472734662265471,508.443662655839,0.381045269868707,-0.457219428571685,-0.180175436836309
1.21896977132698,-0.471142648784232,508.453662655839,0.00999999999999091,-0.458993502756984,-0.174626403246715
1.59029453696253,-0.408074106499898,508.708647124947,0.254984469108194,-0.419048441786539,0.465653027216952
-1.25894849779129,0.188945445166276,509.299004018113,0.590356893165961,0.176945926687558,1.35446317823789
0.817296863684588,0.43443964729498,509.583392359704,0.284388341591068,0.459435578124022,0.600581550294531
1.62421009096036,0.464771194454591,509.612888739278,0.0294963795738568,0.476753286192797,0.573272582595761
-0.412549385876006,0.690229190569162,509.945257199249,0.332368459970667,0.639635834779107,0.351393214750182
0.548870559485082,0.266398719472729,510.577255652167,0.631998452917799,0.322760099949314,-1.05557626848398
-1.60650987311529,0.252062494673781,510.617117240886,0.0398615887194183,0.280929210016586,-1.04236321253011
-0.313302288792501,-0.111473626441676,510.963423913305,0.346306672418621,-0.159713892564323,-1.43450056764003
-1.43691654614485,-0.614731031064851,511.33344563536,0.370021722055867,-0.606833095704156,-0.874752845350284
-1.53113719162583,-0.811658681973795,511.739207005612,0.405761370251241,-0.794918282832207,0.0432306868504803
2.51268398619305,-0.617338620305307,512.304960013739,0.565753008127672,-0.49563252072431,0.722581623658047
-0.342749577387968,-0.52354955142524,512.348792248328,0.043832234588308,-0.460441968135782,0.881114742417763
0.26318987204331,-0.484665411873583,512.378852367733,0.0300601194049932,-0.433694680026087,0.897768198474861
0.291412773736752,-0.161214752302311,512.697628829429,0.318776461696189,-0.11468281679045,1.04498090158263
-0.352917777453561,0.153141892451375,512.932123940849,0.234495111420529,0.126009324104404,0.98970486519379
1.50584687777138,0.383946102147556,513.250140519488,0.318016578638549,0.375522136020487,0.550668581410086
1.89231716586526,0.540230146340114,513.653191080086,0.403050560598331,0.586226099565269,0.419717216195478
-0.802743445108561,0.688138906496045,513.879911711433,0.226720631347121,0.663601773233492,0.242957699244408
-0.107192567374118,0.233343188425251,514.528823023276,0.648911311842653,0.206151508284376,-1.27071468594955
0.673455711823529,-0.368164371824438,514.93337196927,0.404548945993497,-0.273287950709079,-1.03612962691994
-1.46236763827166,-0.63089737641665,515.528088402514,0.594716433244116,-0.498477117292897,0.318017306073085
-1.42709700821644,-0.45894451765307,515.868630589696,0.340542187182564,-0.400863387968166,0.229789194789324
-0.779196201862378,-0.423531830392738,515.878630589696,0.00999999999999091,-0.398586509677255,0.225577336510753
0.521671724236122,-0.306126229071399,516.154644648929,0.27601405923258,-0.331611420230078,0.246846183321011
0.283348499006355,-0.117808073148928,516.444745802229,0.290101153300725,-0.214520090486181,0.535392106710595
-0.953439999330818,0.149719933041441,517.090213053812,0.645467251582204,0.168359556026729,0.561117027067532
-1.50399920738146,0.254888272538201,517.416198277491,0.325985223679368,0.264785365924612,0.0304531314578356
0.130142112838434,0.290803829529614,517.426198277491,0.00999999999999091,0.26498298503015,0.0090873784401631
0.143565387004089,0.295459139414907,517.8142643994,0.388066121908992,0.234405843559316,-0.155385197762802
2.00935828002952,0.229244840853627,517.992323222226,0.178058822825733,0.20236483215897,-0.201229217155028
-0.331172569658588,0.129782892576488,518.141622040734,0.149298818507873,0.190608124955802,0.0414636145834712
-0.716292326290371,0.232264716176203,518.457779983745,0.316157943011376,0.167517829983616,-0.178640477307408
-0.832367709591554,0.106880207479481,518.794542776153,0.336762792407967,0.0581059418408032,-0.449844502206304
1.52836542602627,-0.0882338813067525,519.136786181618,0.342243405464615,-0.129435588852238,-0.619294913178319
-1.53776484913639,-0.247330320195639,519.467002871556,0.330216689938311,-0.21896809470667,0.0703856017153377
0.267322516702084,-0.18334737045399,519.477002871556,0.00999999999999091,-0.21831830590684,0.0595778270292446
-0.162500545281332,-0.235462349527643,519.735824479718,0.258821608162179,-0.180372902492765,0.225751215148126
-1.1467788235874,-0.186399027908351,519.844092933003,0.108268453285405,-0.155387879554437,0.234612716741809
-0.800997819249318,-0.184277339801299,520.325757131197,0.481664198193698,-0.147527060808501,-0.186252513032559
2.14166218852476,-0.31853574857862,520.732279658963,0.406522527765901,-0.248147736755961,-0.287560887139396
-1.0016508690915,-0.265673557547297,520.994783142099,0.262503483135788,-0.22844536230855,0.419570173490667
-0.509780655722538,-0.189941554826458,521.370584867297,0.375801725197675,-0.124557478532694,0.126604416491267
-0.162057244843118,-0.134994087265177,521.691148291239,0.320563423942417,-0.100465656558083,0.0236525543340371
2.07198358154754,-0.00277895092031043,521.795337705298,0.104189414059533,-0.0978397763658365,0.0266296077967337
-1.10057439831988,-0.0343461180404556,522.059028093382,0.263690388083205,-0.016688343548492,0.56949578986126
-0.314901398366385,0.034437302099326,522.317930649405,0.258902556022804,0.0846358790956541,0.212079007197516
1.6237106921748,0.158779341011288,522.615416784228,0.297486134823771,0.121216753798339,0.0343463520647803
-0.372866191365915,0.146404988129291,522.834919191693,0.219502407464461,0.159827813072618,0.309151871954562
0.58924854125592,0.149168451207569,523.1834390031,0.348519811407755,0.213936754545914,0.00228470969811409
-0.0404697293786682,0.207776166709991,523.697186959229,0.513747956128213,0.227716797276464,0.0461825743581745
0.0234296545150112,0.233575338803143,524.079543027585,0.382356068355989,0.205876216111435,-0.150257907881706
-1.13360626121507,0.145065255682786,524.282893724273,0.203350696688403,0.168777448052666,-0.21040746066152
-2.27921046073228,-0.0248644914897027,524.772189206149,0.489295481875843,-0.0727914344620498,-0.714489119550082
0.583517018837939,-0.155776289259959,524.948243715682,0.176054509532719,-0.223749544125616,-0.986074661899281
1.31471036438664,-0.373347190527999,525.045189194873,0.0969454791917315,-0.311630758357311,-0.823773742358946
0.480666793998299,-0.370729768741298,525.055189194873,0.00999999999999091,-0.31974315945415,-0.798697990994914
0.0718947601321444,-0.521441567095085,525.252506642438,0.197317447565069,-0.4421779130462,-0.43128305978835
-0.0340759025261265,-0.50748504220962,525.636076415466,0.383569773027261,-0.484134678763229,0.206233504525096
-1.35620579248371,-0.379516291790181,525.986999324332,0.350922908865982,-0.341567650795979,0.556704488625292
0.757203906416168,-0.263245745852149,525.996999324332,0.00999999999999091,-0.336038598894073,0.549144894361858
0.592301141310133,0.0150847215343637,526.470158214076,0.473158889744354,0.029083091500779,0.907531690934722
-1.17588373793091,0.583923565288837,527.061163423146,0.591005209070318,0.506826052758842,0.565882763210891
0.0666166887732918,0.575203662852494,527.403955201989,0.342791778842297,0.51577666988363,-0.486063636584971
0.136406171554138,0.556749525227709,527.470316145445,0.0663609434566297,0.480598701505128,-0.571429889354867
-1.12511566057736,0.382173015439934,527.578737791234,0.108421645788326,0.412982568146876,-0.668845060006974
1.79011915576173,0.264762818885594,527.752597511365,0.173859720130963,0.270457415914192,-0.950910209130709
-1.62657686268081,0.00402570418844988,528.328913002166,0.576315490800994,0.0208054351023324,0.0879604620829548
-2.45112328236383,-0.228674668036494,529.026511063953,0.69759806178763,-0.26947160252734,-0.791636015279918
-1.91869807460974,-0.461060773731241,529.227744404933,0.201233340979798,-0.452585657407202,-1.00034096824745
0.801859596897309,-0.855381667164583,529.738201183246,0.510456778313142,-0.835371010553298,-0.237819688850525
0.286541658479588,-0.84509159493498,529.782444566519,0.044243383272601,-0.84051147282764,0.0050268907710955
0.562871812326309,-0.536807561802754,530.202626019303,0.420181452784277,-0.492208402850437,1.36821329561605
-1.822357165468,-0.101725684953172,530.445567618413,0.242941599109713,-0.133448090510591,1.52980231591816
0.159635718599761,-0.0704836624602198,530.472732344558,0.0271647261454291,-0.0927506974065562,1.46628382907021
0.018436408852119,0.0368299091478169,530.527014339094,0.0542819945360407,-0.0137997198544116,1.4412626598429
1.12862339538606,0.431505717812126,530.887678024332,0.36066368523791,0.441238449268926,1.01523195307931
0.0349051477306493,0.69740556551362,531.292600150582,0.404922126249517,0.739910094874417,0.328358019576215
0.326027840403586,0.757674065380896,531.650211801734,0.357611651152865,0.637571778435449,-0.805949255912434
1.09222869440963,0.607441690605778,531.756132468468,0.105920666733709,0.543325326741726,-0.960154990484115
0.774099914378944,0.187139580107384,532.180642969591,0.424510501123109,0.166823190287895,-0.716691124358846
-0.754821002467498,0.230409122193375,532.203319985036,0.0226770154445148,0.150773079352753,-0.698843494518502
0.250513275549285,0.0839119441429635,532.39857441905,0.195254434013918,0.00290794438026924,-0.803853412040925
1.06771163280061,-0.241054348286086,532.845313236572,0.446738817522032,-0.274663795108482,-0.404395721894804
0.466684122303152,-0.299053858833664,532.963250974552,0.117937737980355,-0.30894266704004,-0.17693138897421
0.320486519985534,-0.192069376799751,533.560404861785,0.597153887233162,-0.202258432031709,0.467004137388141
0.745488490997023,-0.0176413251760894,533.865471897496,0.305067035710749,-0.0417135647581017,0.56461499961866
0.263488335872375,0.139313205088208,534.141136098391,0.27566420089488,0.129725924487429,0.660793614258983
-0.0448143381920453,0.27862626735231,534.232868901635,0.0917328032438718,0.188752245838086,0.624241276629746
-0.288254801365904,0.472840200511464,534.839141355266,0.606272453630822,0.388821387461123,-0.00272935662920372
2.03390168841898,0.44432949326287,535.039666970517,0.200525615251649,0.362235199895633,-0.254504919607549
-0.278995966168193,0.387639704256854,535.143701665227,0.104034694709867,0.342297110057442,-0.128558155214298
-0.384674819995097,0.266580673664908,535.331279877196,0.187578211969367,0.300126187340238,-0.313465561008495
-1.00218732052593,0.120303440232887,535.742155918979,0.410876041782785,0.108475277255503,-0.574889772230682
-0.605530456616932,-0.325128215596423,536.298357584736,0.556201665756703,-0.305649616502002,-0.81507937449521
1.56104105626417,-0.306603890219627,536.308357584736,0.00999999999999091,-0.313772191051587,-0.809386599370124
-0.394570474486425,-0.471541839641614,536.564275414844,0.255917830108274,-0.428097031756026,-0.0792873334900302
1.06268358992764,-0.324109524158984,537.029757023362,0.465481608518076,-0.376855995575738,0.267267889968349
-0.976833746936198,-0.186019564261482,537.340891834494,0.311134811131751,-0.211410255218577,0.754286957503527
-0.237345592684206,0.0263826116940699,537.762336496147,0.421444661653027,0.0150896602823025,0.302202622674272
-1.01461011032424,-0.00382416571483034,537.991740354721,0.229403858573505,0.0727176747596145,0.197721043594394
-0.0623275428691648,0.00767140372607349,538.001740354721,0.00999999999999091,0.074631870779952,0.185128108653238
-0.877618165695274,0.0751914795564866,538.04410885368,0.0423684989594904,0.0821977734363681,0.171950453268266
-0.204950991157175,0.083317495988967,538.192562971566,0.148454117885422,0.0954197480448129,0.00752119038282625
-0.44302247698436,0.176157689249144,538.348028098093,0.155465126527702,0.0918425836925048,-0.052563889994597
0.548665074706736,0.0795152789328773,538.589764594058,0.241736495964687,0.0625938367266596,-0.18428295144871
-0.319702456339409,0.168077100992684,538.599764594058,0.00999999999999091,0.0607767581155689,-0.179131973540575
-1.55673137418199,0.0349904714281188,538.842629526226,0.242864932167777,0.00821588616359698,-0.248008363442978
-0.449945100603978,-0.02523986377806,538.852629526226,0.00999999999999091,0.00566358435318834,-0.262428052502322
-0.414818489584966,-0.152969854248863,539.543889896679,0.691260370453051,-0.214607968593851,-0.315046532841481
-0.349527889412179,-0.313971512778055,539.976456829617,0.432566932938585,-0.321045564026257,-0.158692564565576
-1.22119001121035,-0.337055618173082,540.258453933805,0.281997104187781,-0.343835760936675,-0.00268184072014631
0.759542807141566,-0.341598758751258,540.885365580075,0.626911646269832,-0.396595910580862,-0.13562982315072
-0.825979648924184,-0.398282040768152,541.105210349991,0.219844769916563,-0.381148511099914,0.266292534698973
-0.281462539413929,-0.229660484264561,541.521862453113,0.416652103121351,-0.275498472000094,0.215866796487597
-0.468749025459919,-0.256213720565616,541.742607445208,0.220744992095547,-0.222807195861935,0.255108028730877
1.09720411497367,-0.181351272527438,541.843198188353,0.100590743144721,-0.197734137693756,0.242400930245229
0.207706987656509,-0.0240334359774897,542.192006840429,0.3488086520764,-0.0380037709991801,0.640758953569997
-0.81474206379208,-0.0928934582367729,542.202006840429,0.00999999999999091,-0.0315982314523421,0.64031859033737
0.685571337995486,0.19656308155656,542.784371187626,0.582364347196403,0.146404152506903,-0.0325850890756727
0.613116597118651,0.16650021629832,543.209455405827,0.42508421820105,0.165474016360186,0.113850990922907
-1.24385589507456,0.159102551590647,543.456455741039,0.247000335211624,0.198780237427346,0.151620797337685
-0.558600675310724,0.163816061920873,543.756230698439,0.299774957400359,0.168854758424101,-0.33519963157103
0.104581423395961,0.0380314036535975,544.110001045143,0.353770346704437,0.0121579980193815,-0.525076279091832
1.25703041777767,-0.0963418657104094,544.706979911823,0.596978866680047,-0.21443596518094,-0.199821385776029
1.03330706675213,-0.246060542184466,545.013883184623,0.306903272799218,-0.192826683704507,0.324149024394828
-0.516059264414283,-0.1408953719583,545.023883184623,0.00999999999999091,-0.189520844949027,0.336996168665978
0.975817446065619,-0.0904019598498392,545.500140860691,0.476257676068258,-0.0694901221522605,0.152944280557378
-0.348300528088507,-0.093504288643226,545.72493886173,0.224798001039062,-0.0105793953369427,0.362753279931384
-1.25738143068747,0.0955204834496483,546.201631464222,0.476692602492449,0.0986977744938932,0.0888522347260925
0.494241113324476,0.126553149397329,546.536857911037,0.335226446814318,0.04893915983998,-0.367012125756785
0.542913835408607,0.0124258254971815,546.743869710611,0.207011799574389,-0.0140643925458458,-0.239520155939444
-0.202099523182791,-0.0106340242255155,547.346633848846,0.602764138234761,-0.0354979908154925,0.152639217471386
0.875050286169754,-0.0448523210538517,547.405604979321,0.0589711304752427,-0.0268635872683338,0.140094816813743
-1.03706741829818,0.0846150544195892,547.59627658188,0.190671602559291,0.0145689344442057,0.289473341720395
-0.303605133998448,-0.0124136596818792,547.760880017661,0.164603435780805,0.0459027460851268,0.0922214178239559
0.96399495266502,0.050684221725692,548.260354387406,0.499474369744917,0.0396476881920085,-0.107739262791928
0.104274574299539,0.105145309755089,548.729656762624,0.469302375218376,0.0847967338744239,0.277581273897563
0.790365628171863,0.274865504587642,549.180733130135,0.45107636751095,0.182511368330141,0.143857893109665
0.800414084038957,0.179143762728863,549.332155535449,0.151422405314065,0.207682812001309,0.186453960058657
-1.87762222582197,0.234131242664276,549.513583366883,0.18142783143378,0.244938941920134,0.220602475683072
0.981295745222086,0.196615870292011,549.814530427802,0.300947060918816,0.200963866928654,-0.488665891043325
0.770833189884582,0.0331680988208139,550.131580063832,0.317049636029651,0.0886527890445303,-0.213416524048124
-0.797092442410477,0.0360350948497023,550.41829723902,0.286717175188414,0.0560736705687939,-0.0153617488934249
-0.881454439391212,-0.0860935704362038,550.924719804583,0.506422565562957,-0.0531837349844326,-0.38172240366009
-0.55135607878737,-0.252357928895397,551.130224546781,0.205504742198286,-0.142330746643095,-0.477666003632712
0.544506352595285,-0.15734510760522,551.140224546781,0.00999999999999091,-0.147108086280992,-0.477759156657592
-1.10154581296985,-0.179098689365779,551.231540185465,0.0913156386834544,-0.186109791954688,-0.375838932127536
-0.779120340537904,-0.355243095463382,551.74757013187,0.516029946404842,-0.415759723925285,-0.443280169748736
0.97971337926166,-0.522592760909155,552.336653419268,0.589083287398694,-0.524255071211228,0.107355319290674
-1.14469683779589,-0.297501048631533,552.788497520101,0.451844100832318,-0.249832393244363,0.97833706815756
-2.79452835199289,0.0492023348168082,553.252442202127,0.463944682026749,0.0665765977590828,0.35676955494643
-2.02333448795404,0.0781744715308,553.304424263771,0.0519820616439119,0.0809445237002272,0.196475898677029
-0.269670290344562,-0.101785117095333,553.79756372149,0.493139457718826,-0.0757536304326411,-0.765461643212513
0.627166990168757,-0.325775229051033,554.153965673343,0.356401951852718,-0.320271690676811,-0.573637104321839
-0.226008529240399,-0.426209825068729,554.277271189298,0.123305515954939,-0.377612621377716,-0.354150666973915
-0.44183866059796,-0.329112520452751,554.794689347291,0.517418157992779,-0.420003673219324,0.183155065573253
-0.0250409644170029,-0.356418430074704,555.192690947977,0.398001600686143,-0.307305967766116,0.347216369512439
-2.31426794305123,-0.233308549016827,555.537097769687,0.344406821709754,-0.164172806069089,0.457118288399107
-0.43493821330861,-0.144692805700553,555.840863070996,0.303765301309113,-0.124568539315944,-0.18456870976797
-0.706725990092816,-0.216137125414428,556.38450185886,0.543638787864438,-0.225124729655486,-0.163573377803726
1.62877758051985,-0.267885465497329,556.528239465353,0.143737606493346,-0.249594875044166,-0.175099926032938
0.465403222923404,-0.0984221443999168,557.005210538355,0.476971073001323,-0.0958573342534138,0.750301364410242
0.333885621986875,0.0892036135607769,557.238168358768,0.232957820413162,0.0831971744715266,0.772404918677878
0.810176953871147,0.294614881798852,557.805386066049,0.567217707281202,0.436563132770058,0.383521289442432
0.0401447431631807,0.391189107091569,557.815386066049,0.00999999999999091,0.440364511505436,0.376718491425683
0.229136272360513,0.429504194946239,558.083092504187,0.267706438138248,0.486920208316303,-0.0307831360647818
0.718629418119852,0.50042758670463,558.271889692477,0.188797188289755,0.459083917854049,-0.255778554767272
-1.18034731385004,0.321678084135763,558.892407177972,0.620517485494702,0.255649939206208,-0.311666967243087
0.418900092352332,0.228584024545314,559.055702183,0.163295005028431,0.18450696451113,-0.551100591574432
0.467162715531412,-0.0647470816604693,559.556762706979,0.501060523979163,-0.0353104517899397,-0.298088315773329
-0.935345711253862,-0.147617230802216,560.010650605992,0.453887899012898,-0.0983161958634581,0.0183366263105604
0.680784705658425,-0.0978886360833809,560.446181721951,0.435531115959066,-0.154272719661358,-0.256124279754552
-0.545630820090409,-0.203495860625047,560.657572611406,0.211390889454265,-0.183190412086579,-0.0191569125400347
0.604321185501793,-0.174840139405553,561.100114037648,0.442541426242315,-0.203169638495571,-0.0656029784646824
-0.339539946058225,-0.221027159796999,561.335185063958,0.235071026310266,-0.189728204843214,0.173882267757891
-1.96472245316318,-0.213349404908474,561.394477307611,0.0592922436526351,-0.179455202059901,0.172376452191413
0.466150903455693,-0.477505888870603,562.074410155169,0.679932847558348,-0.393512327033544,-0.676364045282008
0.555327461529723,-0.504718177983285,562.336234568386,0.261824413216345,-0.500876382320564,-0.131710980991782
0.100552309956684,-0.424588421631269,562.707715175976,0.37148060759057,-0.406820749245238,0.584261200703451
0.272417619550475,-0.109273216798357,563.171011257913,0.463296081936505,-0.0788001273179448,0.748947511568434
-0.821303598142422,0.249333778172733,563.587029894482,0.41601863656922,0.220099142236677,0.646799141789963
0.0360289672494673,0.263859583451581,563.849323865842,0.262293971360577,0.331154037993753,0.194373601452483
0.573404538042799,0.346818618439799,564.175591684112,0.326267818269798,0.346440315108559,-0.0958319162949194
0.128702031310925,0.368371417191675,564.223388118661,0.0477964345485589,0.341549893415403,-0.108609243170335
0.113375741209425,0.262567148303177,564.536197125198,0.312809006536781,0.27790308374557,-0.282221554924759
-1.77228032097679,0.123401464198004,564.83830122885,0.302104103652141,0.178953516315931,-0.35696349191931
-1.08406027663215,-0.0842210117393984,565.190836507034,0.352535278183836,-0.0547759040075477,-0.923048556804697
1.93054245289724,-0.484325460669202,565.608518001476,0.417681494442832,-0.454901236833665,-0.906176769356254
-1.47206771396076,-0.601668657619788,565.832040142206,0.223522140729187,-0.559838786461767,-0.0256636378631386
-1.22543422940175,-0.511438971387014,566.533254975349,0.701214833143581,-0.479596590662262,0.180279480635155
-0.428834004540555,-0.36559409394208,566.746367738114,0.213112762765377,-0.438467346808949,0.197829216234316
0.708471634051254,-0.405944663941487,566.871945371963,0.125577633848707,-0.408016938259971,0.283247451391601
-0.978797816219337,-0.0877413384422445,567.43023517105,0.558289799086879,-0.053351040899963,0.859216738815816
-0.344465530505141,-0.0228264572641906,567.44023517105,0.00999999999999091,-0.044823885787555,0.846213024574599
-0.887636045621389,0.336949116103332,567.944163807629,0.50392863657919,0.271102792454283,0.366157211377026
-0.0508388879476568,0.154687638655158,568.612921331032,0.668757523402519,0.159963559958143,-0.604712434787613
-0.258855807809528,0.129841542312673,568.732288622321,0.119367291289223,0.0875505626280038,-0.605356743917339
-1.17982078952637,0.0466272217552333,568.825769245171,0.0934806228497109,0.0305524951396267,-0.612278044688327
-1.02369750644659,-0.0978010352009255,568.900313999912,0.0745447547417371,-0.0175696352490884,-0.677199723517437
1.48226222904531,-0.184513930393628,569.16814998046,0.267835980547829,-0.216631355583519,-0.786892529943595
0.0598032099403148,-0.215019788749239,569.17814998046,0.00999999999999091,-0.224382359282299,-0.763270618331489
-0.562573058232855,-0.484950243407524,569.66119598983,0.483046009369446,-0.453787143077908,-0.138750370551164
-0.369449202754969,-0.368508791168985,570.233472538263,0.572276548433479,-0.399544617112272,0.281203317428447
-0.543612852753911,-0.262460353653785,570.687929380461,0.454456842198056,-0.233019745384014,0.401786252492577
0.0742864454093297,-0.133963015435182,570.794472733321,0.106543352859489,-0.19162758758141,0.373493696336736
-0.155336375036349,0.069927622006159,571.229342861216,0.434870127895351,-0.0143497617403495,0.412156027278671
0.195356852888938,-0.00382188008177361,571.239342861216,0.00999999999999091,-0.0102449835611811,0.408792556511068
-1.25313527587242,0.213672346746581,571.727178596826,0.487835735609451,0.175521440253513,0.323799985025182
0.437920221579495,0.247732637452726,571.937879541323,0.21070094449783,0.204427195305221,-0.0455200880586245
-0.860289484103313,0.173999317926128,572.293194357712,0.355314816388272,0.18961557676079,-0.0358660289746563
0.368211056848146,0.208655224574386,572.41436184944,0.121167491728102,0.176289632696732,-0.181934484731445
1.3875269662211,0.182183024269924,572.42436184944,0.00999999999999091,0.174474321910001,-0.181118908765298
0.513091261496133,0.134171832526767,572.772336608908,0.347974759467888,0.175897443282739,0.178568533435078
0.120542193568178,0.246708614787177,573.137582170549,0.3652455616417,0.24036904420487,0.16440856365337
-0.520903007345645,0.250016951803228,573.458942005964,0.321359835414569,0.266228974737444,-0.00308921541523314
-0.530742388526725,0.075452210430155,574.104045807918,0.645103801953837,0.0691939167991125,-0.524146527766878
0.413075817725842,-0.0751629172795643,574.320042543299,0.215996735381623,-0.0514157906160081,-0.582784611397595
2.02412324934899,-0.186794101859475,574.952819438935,0.632776895635971,-0.23592242341709,0.0150874729637176
-0.264575787066136,-0.0793623033410908,575.389552326102,0.436732887166499,-0.0120030509118867,0.937694351376469
-0.58463059189714,0.135575357486417,575.530433904347,0.14088157824483,0.112382179611196,0.823453717682106
-0.920378810377573,0.218482263474422,575.692892343724,0.162458439377815,0.229130630328145,0.608922798972775
-2.55350955952924,0.232205009253085,575.702892343724,0.00999999999999091,0.235132533821949,0.591424941354462
0.811812066726839,0.0192588696179244,576.340358694377,0.637466350652744,-0.0167007671215581,-1.2145745098069
-1.06796211879461,-0.352480585023331,576.807065212462,0.466706518084607,-0.398404131365361,-0.367868281011523
0.729650400299216,-0.499697070153645,576.975048023929,0.167982811467141,-0.455801180225928,-0.308654116005695
0.22554555988113,-0.441948744821286,577.262866922735,0.287818898806563,-0.452101171085924,0.318176512940253
-0.675398191338257,-0.239860556402159,577.558082536908,0.295215614172093,-0.306633008927405,0.629160481750214
0.625287490342083,-0.29533916454549,577.70459694011,0.146514403202104,-0.217911989152887,0.576001136624243
0.90007109168372,0.018757486916528,577.943344497254,0.238747557144507,-0.0612038568698673,0.719434956601757
-0.458404269807705,0.298180040486091,578.338959134368,0.395614637114136,0.256480333447004,0.836047700046982
-0.59839298573556,0.308466217807865,578.478223467037,0.139264332669086,0.357837267691172,0.613997197045398
-0.674350211345485,0.403864196637537,578.933148559419,0.454925092382041,0.434203383676554,-0.270762467125492
-1.22089015330808,0.161983907648648,579.460202283408,0.527053723988161,0.10352441011329,-0.860541988572774
0.690205583510596,-0.632754121933166,580.251174301654,0.790972018246862,-0.667817993900532,-0.705531254933352
0.698449567463184,-0.713991099530653,580.586379154297,0.33520485264205,-0.678436543095348,0.609696849799175
1.14800130736755,-0.399769741921008,580.839551642105,0.253172487808456,-0.438669930286988,1.20205434536699
-0.583221199172013,0.463347251688604,581.440939858908,0.601388216802661,0.439556127364306,1.47356330559649
-0.62784329905825,0.498842501272025,581.563737227178,0.122797368269971,0.598816443691814,1.10411109192894
-2.53978857029596,0.776575795563985,581.848274684887,0.284537457709575,0.75373456858492,-0.0556949913253669
-0.747681325473933,0.687000383582267,581.858274684887,0.00999999999999091,0.752870243861932,-0.117102081816656
-0.156429644476944,0.780404423590138,581.868274684887,0.00999999999999091,0.751483383924928,-0.160209977179716
-1.42291580790688,0.578931491917693,582.117074410279,0.248799725391791,0.610878931015341,-0.900489910048305
1.36775587225368,0.255991409883189,582.410824803586,0.293750393306709,0.23723669584663,-1.53717006309942
0.750357544056944,-0.246628073419723,582.903592825346,0.492768021760185,-0.285168997387322,-0.52804633643156
0.864841138103408,-0.342496954592709,583.220343957107,0.316751131760839,-0.36456415359717,0.0274076483464363
-0.600240998457906,-0.0829568357599542,583.840677027551,0.620333070443849,-0.0660221327284823,0.801719745817263
-0.156691343806443,0.329742228388285,584.416115472221,0.575438444670567,0.224176643619983,0.175397472176185
-0.0660016033991554,0.226419830083911,585.099375785964,0.68326031374329,0.180841876408354,-0.262581504271317
-0.447098120450553,0.110166025716618,585.162535308163,0.0631595221989301,0.163641469438539,-0.281541274302327
-1.3825984154466,-0.171506341776837,585.832920884108,0.670385575944238,-0.119964881177089,-0.486242670617746
0.279424634405929,-0.166785016662909,585.924494366453,0.0915734823454386,-0.168026857751104,-0.561165376721952
0.125033150400604,-0.172844019875634,586.0173829521,0.0928885856468469,-0.216068106462992,-0.472012650015535
0.257408602463523,-0.263941777276448,586.677905136406,0.660522184305819,-0.319945199281116,0.159310556756612
1.0999297096848,-0.215555309450023,586.940375701417,0.262470565010858,-0.247932275735891,0.374489938523225
0.109336055998424,-0.207730161837005,586.950375701417,0.00999999999999091,-0.244113379427755,0.38925295109755
-0.477191693446043,0.0671937054041006,587.581443076447,0.631067375030398,0.0446199316933125,0.454164042370397
-0.239931712938597,0.0865549864732078,587.602038727078,0.020595650631094,0.0538047798035456,0.437710970030515
2.93682507235709,0.171625432907297,588.22550525909,0.623466532012003,0.199565535295104,0.0168504059661265
0.310493392297982,0.59961890925878,588.850594471141,0.62508921205108,0.602818867690334,1.03689180554075
-0.87526558330348,0.720304241300188,589.084547391621,0.233952920480192,0.764222834713161,0.299024320052338
1.05522861073537,0.554092816341135,589.441057736016,0.356510344394792,0.592289955725688,-1.12097217576142
0.443104091155933,0.321416970695163,589.71174767754,0.270689941523528,0.289445159051086,-1.05004287508571
1.71511259238875,0.192709647706394,589.746047621806,0.0342999442664222,0.25360933127486,-1.03894207590797
0.296356081038176,-0.0269432976236536,590.247861746635,0.501814124829366,-0.0373877471373058,-0.107218813079502
-0.369221128686641,0.0466300273335364,590.257861746635,0.00999999999999091,-0.0384386890914739,-0.102969347075673
0.00870205454632638,-0.0852767586521179,590.69853987561,0.440678128974355,-0.102058886912458,-0.173400299334304
1.05018447476372,-0.156891120599807,591.086575144464,0.388035268853855,-0.144906660934188,-0.0453865972372556
-0.921789177773592,-0.169168527263964,591.320642658502,0.234067514038884,-0.11937518071908,0.255381148513846
0.210493900109384,-0.0927159337566698,591.652992885392,0.332350226889048,-0.0788390469334248,-0.00889035929395179
0.954050944915058,0.0456220985745274,592.125589601785,0.472596716393127,-0.0454217148483997,0.138938149855825
-0.776035792577389,0.0316376204492058,592.33671044201,0.211120840224908,0.00433187924144282,0.325560920448335
-0.443511430520211,0.0510955912619197,592.619814823163,0.283104381153521,0.0583696421122459,0.0573883302153052
-1.07839210837727,0.0709939225301789,592.92080394869,0.300989125527394,0.0500885233865829,-0.107403773945952
0.00953206074008425,0.148490964462642,592.93080394869,0.00999999999999091,0.0489583543357642,-0.118610738465944
1.54690959100386,0.0533642855224764,593.266618690539,0.335814741848822,0.00901120713620747,-0.114890107924742
-0.926365197066046,-0.034961232560151,593.545796139762,0.27917744922263,0.036019217189447,0.296239839791239
2.99923521495771,0.0107036879477928,593.670100119068,0.124303979305978,0.0639986764407172,0.154219444108645
-0.513780224308741,0.0268997805349067,593.680100119068,0.00999999999999091,0.0656801948075506,0.182056279017931
0.164270882695893,0.09073592047218,593.885814818552,0.205714699484474,0.0876232133146497,0.0322769791057117
-1.61183795597843,0.0673447492930624,594.287790490211,0.401975671658761,0.0976624962789263,0.0167568625816269
-1.02776890234087,0.0199570454563651,594.621691788846,0.333901298634828,0.00883923308175201,-0.523369698794697
-1.0923307796739,0.0174202045836334,594.705122617159,0.0834308283126575,-0.0374121848335088,-0.583712743790978
-0.495397861452047,-0.38284193963672,595.129671937153,0.42454931999464,-0.32879792229202,-0.730622752371884
-2.14935845298379,-0.44665605206701,595.41213401155,0.282462074396676,-0.498281578520301,-0.439091345652299
1.25438153791623,-0.685201793695056,595.946758925197,0.534624913646894,-0.704263912865967,-0.198476253997913
1.33955876883559,-0.742840592842888,596.081533301851,0.134774376654491,-0.690789593414784,0.388948688912645
0.209248976697728,-0.471982733479824,596.313783365529,0.232250063677498,-0.502493417014163,1.16215208954628
0.627791086285983,0.0863036262791113,596.779547496707,0.465764131178503,0.0854935132593098,1.22617992816963
-1.91318822318742,0.780577457658577,597.411309707722,0.631762211015143,0.686837054357431,0.405084066880972
-0.956972067132225,0.533227801682579,597.686420307866,0.275110600143989,0.611730942050964,-0.890411155098622
0.313059583836079,0.458946268975727,597.853685689266,0.167265381399943,0.428849514092946,-1.25980582250492
0.406106371644868,-0.111145509405615,598.343969567215,0.490283877948627,-0.146174093490396,-0.978482132022681
1.31273527127478,-0.161706175911164,598.392854723413,0.0488851561975707,-0.192537320571686,-0.91764453747181
0.913459866668917,-0.361085159205814,598.573115651654,0.180260928241069,-0.321207121577264,-0.50444442100061
-0.418603133094215,-0.13243949078587,599.311586260777,0.738470609123283,-0.184238971878166,0.735345165579279
0.565139564632223,-0.183015611840321,599.364107729883,0.0525214691058409,-0.146189326528289,0.712872490586369
-1.06494290774951,0.194654207410985,599.859293323205,0.495185593322049,0.234731130004758,0.756031935956451
0.187936472214613,0.183487472364291,599.869293323205,0.00999999999999091,0.242192456972502,0.736228426259449
-0.639625482350366,0.487231250797291,600.315200944582,0.445907621377501,0.471642651311436,0.241274934118803
0.628219970755303,0.417947102477115,600.647980022555,0.332779077972305,0.433295755285918,-0.441201299345589
-0.435248593342116,0.449762408219833,600.787751087527,0.13977106497191,0.368513217211708,-0.478676092891978
0.156294722900166,0.345399998898323,600.995829839904,0.20807875237756,0.247087784714568,-0.670532970258424
0.370443145275618,0.091995075646657,601.191943991068,0.196114151163783,0.116352684776099,-0.652238019185819
-0.393892699335792,-0.0770703801255049,601.44188314211,0.249939151041985,-0.0297051481472271,-0.507110055719769
-1.83752757131315,-0.102800177625966,601.664139424379,0.222256282268745,-0.142472010840149,-0.498933858662194
0.808918936602999,-0.257923625347688,601.842297710759,0.178158286380267,-0.249978327590621,-0.696741231040424
-1.13023997665053,-0.409553412768803,602.47571273449,0.633415023731004,-0.323699706294267,0.43004674094895
1.00862766488242,-0.171471901043933,602.643688846508,0.167976112017755,-0.259781290446164,0.326569660966737
0.165400924124877,0.350537150065635,603.520343552981,0.876654706473801,0.371209833289122,0.851319615449051
-0.834508755743354,0.577195109536715,604.046613078623,0.52626952564151,0.585115619485209,-0.10705159446183
-0.322485441114715,0.344590790038468,604.402601423679,0.355988345056517,0.386821991355143,-0.913624211179616
-1.04273058666041,-0.00145520686874768,604.764784095661,0.3621826719816,0.0235149742715735,-1.0288056147103
-1.2093049283183,-0.231625320239165,605.011272396397,0.246488300736019,-0.241568812925418,-1.09634682508854
0.4757470163032,-0.537775256015759,605.30379085726,0.292518460863334,-0.550860322117662,-0.954213457290972
-0.368383005926324,-0.741857347718342,605.600742166087,0.29695130882692,-0.690490016553409,0.0450092184291605
-1.3631978469283,-0.374379103404709,606.119399602283,0.518657436195895,-0.401196143556534,0.855830929381873
-0.376966407177983,-0.311215080626386,606.383420476693,0.264020874409312,-0.206622924496923,0.594823359217078
0.188338226511809,-0.0617135593672613,606.765913977361,0.382493500668033,-0.00596490148725765,0.431555214164074
0.111033148244805,0.141209407375228,607.172886654819,0.406972677458157,0.159259531977193,0.359063742315255
-0.181057205456366,0.266143026803823,607.480584745551,0.307698090731833,0.247609302108773,0.207112374066765
-0.274074277311898,0.309494405128283,607.738234031247,0.25764928569663,0.272504503133608,-0.012389036768374
-1.02907711320205,0.173505522206609,608.181282275754,0.443048244507168,0.187993518554118,-0.33889985371542
1.37535181808135,0.0650936274724266,608.426072061412,0.244789785657986,0.0708660097509996,-0.601777347513844
0.482682689753764,-0.0245698602960023,608.613864850872,0.187792789460104,-0.0147806712945308,-0.309540564220693
0.840857593226115,-0.118915278656971,609.061790848865,0.447925997992115,-0.0845744097997149,-0.00292991833541089
-0.782078494164962,-0.050087008178218,609.093496878265,0.0317060294008797,-0.0841601253781658,0.0289717141518971
-1.24338650104265,-0.0910551109457276,609.322967776543,0.229470898278009,-0.0933361208112977,-0.105628941463476
-0.768022877236266,-0.0959205505729843,609.504259761719,0.181291985175108,-0.128117917930247,-0.273221974460281
-0.23213583529207,-0.249702843567413,609.775525345034,0.27126558331554,-0.212845605659611,-0.340572101313048
-1.08425632943144,-0.330671125322248,610.211063628133,0.435538283099277,-0.313892903009183,-0.109094569110333
1.16467633676146,-0.363117310349475,610.668550381693,0.457486753559351,-0.380583429883212,-0.160855808623662
0.578760523819884,-0.257473193553669,611.025825493443,0.357275111750482,-0.301794983900326,0.561670352748948
-1.66618822951388,-0.277947932589128,611.070342231053,0.044516737609797,-0.275796270904875,0.605502468277526
-1.50578624444196,-0.239848605639638,611.294809557681,0.224467326628087,-0.174581214603485,0.291829718824755
-2.95959887148153,-0.115774905914707,611.568148318029,0.273338760347542,-0.141989381508137,-0.0490576669847303
-0.165105470007389,-0.378793939809175,612.00133741538,0.433189097351828,-0.383076670637619,-0.978406912847045
-1.00805411274849,-0.610394441269926,612.300915299525,0.299577884144128,-0.599093592231901,-0.415089983397077
0.26520082854362,-0.738974283285062,612.492276807736,0.191361508211457,-0.649422590941385,-0.103200534985875
0.427372002910845,-0.41427350618439,612.954996616806,0.462719809069768,-0.426513986567977,0.906644574931278
1.72559581172352,-0.217489099996065,613.124879794171,0.169883177364795,-0.258675115804759,1.04935942982611
-0.0290750806410206,-0.117478479034614,613.216159211752,0.0912794175809495,-0.155867915021495,1.19790080528589
0.470027436103973,0.379438161632856,613.712493435136,0.496334223383997,0.357851821751751,0.786927682073173
-0.00343943452338651,0.529324391349907,613.980893711327,0.26840027619096,0.529126721038418,0.457950757323023
-0.373227169340372,0.381231352625646,614.614363015231,0.633469303904462,0.419941244444561,-0.666737112468515
-0.752053433143889,0.185587393111328,614.984044512416,0.369681497185297,0.116569904121153,-0.907233791934714
-1.30890269143949,-0.38292109111279,615.460003998864,0.475959486447437,-0.337739079354546,-0.916273768066287
1.47576778721041,-0.539268800456822,615.640696255548,0.18069225668421,-0.49937919243979,-0.851068787402103
-0.338803439126769,-0.534903324622487,615.891324130463,0.250627874914812,-0.596593619330122,0.0829513356017575
-0.0229183697323099,-0.412668991493865,616.33075649038,0.439432359917532,-0.415707885230397,0.637507001836238
1.09659319261382,-0.233637946257083,616.604866976001,0.274110485620326,-0.219660353806698,0.758193204548698
-1.24705050317314,-0.229258690662714,616.614866976001,0.00999999999999091,-0.212018346469107,0.770153753330469
-0.749053666316936,-0.0166172978985206,617.058554688701,0.443687712700353,0.00300207115335734,0.186420870134885
1.7687187125253,-0.00578685169650305,617.388624972137,0.33007028343593,0.0194219784552397,-0.0813214777193243
-0.291082239156471,0.0987474766506007,617.695978796995,0.307353824858069,0.0734453737088023,0.414459841638037
0.0862046679395865,0.111687510864457,617.941844874584,0.245866077589199,0.154644799401317,0.242239383740101
-0.520939514955747,0.196011703621423,617.951844874584,0.00999999999999091,0.157048956242379,0.238580915135647
0.129742112073825,0.1333959230559,618.142964881204,0.191120006620167,0.184890888408772,0.0535569415843489
-0.14010893602252,0.164903784505698,618.947616094291,0.8046512130868,0.143883349749959,-0.128836497725183
0.861889811748973,0.167685605982367,619.107887331352,0.160271237060442,0.118722885912128,-0.18289372304837
0.717714236216836,0.145895730829671,619.800387311407,0.692499980055686,0.150525847754684,0.241141820782504
0.173539841978193,0.306661265125275,620.27329939543,0.472912084023164,0.282323508207302,0.286003839802676
0.686738478214512,0.236731053471288,620.313271042586,0.0399716471559941,0.293232839130237,0.259708570273256
-1.79134203703363,0.345898421837214,620.754111484228,0.440840441641171,0.382446629396402,0.125216201215476
-0.9349177749897,0.350149452655829,620.984089920299,0.229978436071065,0.337756460660409,-0.494966089691683
1.7090452136865,0.298509732888268,621.062304708783,0.0782147884840469,0.294495398377847,-0.608525216340602
0.983858937151835,0.181766256783302,621.518108348943,0.455803640160298,0.161909426295408,0.0294703392921644
0.876028227903174,0.194128281446744,621.950874242516,0.432765893572878,0.226165954219171,0.247625105882372
1.07089185359066,0.254439806989328,622.410168445066,0.4592942025497,0.351354662893862,0.265230503797341
0.782253080228079,0.455028753118958,622.826557527047,0.416389081981265,0.451068711972175,0.185400765729036
1.0490513693643,0.406228580299024,623.06886076629,0.242303239242801,0.47535442978762,0.0133934323989879
0.701855217053725,0.48236516680779,623.199841474873,0.130980708583252,0.473372164624057,-0.0428138687518046
-0.468694743436352,0.264459223873082,623.896538386558,0.696696911684739,0.31886061956097,-0.301440029494557
1.636369048358,0.344563396608369,623.931100106092,0.0345617195345085,0.307785956330383,-0.339087647588508
1.11596482581994,0.296544990933612,623.941100106092,0.00999999999999091,0.304447388217745,-0.328637945627032
1.32279939739628,0.177692680330172,624.265718960483,0.324618854390565,0.229194641412264,-0.128010650356848
1.56261853843864,0.242098855073897,624.817833687278,0.552114726795253,0.280220820902699,0.279785333909157
-0.188598159871482,0.550024833414491,625.216122007606,0.398288320328334,0.435405586335919,0.452953131993338
-0.0253417703396981,0.516026739951311,625.534153966057,0.318031958451115,0.489676337096021,-0.111912683585805
-0.147805101519963,0.473011344881401,625.637297451291,0.103143485233886,0.470253147555475,-0.261596789782986
-2.05632083516243,0.238338269366212,626.024061816507,0.386764365216095,0.282326388887586,-0.645801991802792
1.79892242990701,-0.0582170772199525,626.426485014774,0.40242319826632,-0.136989708483337,-1.35078310794832
0.72374759944425,-0.42858215189544,626.870675387983,0.444190373209381,-0.442059107688617,0.00842876290247128
1.84447316014148,-0.136670345737792,627.434684633051,0.564009245067609,-0.174048824633892,0.808128215034613
0.0455509390436064,-0.128474564103764,627.538781522563,0.104096889512221,-0.0806330054084237,0.981466995119268
1.64907345014118,0.0600212831793048,627.730045421914,0.191263899351043,0.0998629306593006,0.895674281012418
0.557503386912364,0.425852055595436,628.051884086155,0.321838664241,0.424006209444249,1.06007617103303
-0.940666092963645,0.791989432768664,628.536084736214,0.484200650059051,0.713522696945686,0.00296567839781695
0.269569397891656,0.715847830283795,628.590218458425,0.054133722211418,0.707618934469884,-0.219568606345808
1.04783671485434,0.421650726595137,629.055443205316,0.465224746891067,0.387822751277294,-0.951305455321459
1.09243104170983,0.310942192215881,629.065443205316,0.00999999999999091,0.378333234052353,-0.946549405800356
-0.313020705449812,0.177146691843439,629.276342322259,0.210899116942528,0.195342713283299,-0.770973687668023
2.16971243565322,0.122518527307013,629.481691588292,0.205349266033068,0.0324037175858439,-0.803066531492379
0.260493562486638,-0.0134622190172958,630.016946301384,0.535254713091945,-0.045924856426083,0.467022903701431
-0.909109462959996,0.000361671391491892,630.076665618536,0.059719317152144,-0.017857365913253,0.472356577282579
1.23690924964428,0.0884349996681092,630.493153088118,0.416487469581625,0.0808510444909922,0.00407013914469575
-0.182229686576758,0.195623307714116,631.033176507984,0.540023419866543,0.218467909958451,0.456040874913712
-0.946985372484126,0.369892419324705,631.215285053691,0.182108545706342,0.285890046521048,0.280985722868572
-0.37396614669597,0.181329944556822,631.758829247457,0.543544193766024,0.194746496188772,-0.551948404113476
1.3358308767531,-0.28839034145387,632.429693583097,0.670864335639976,-0.219029816388024,-0.579900851040747
-0.937559966649205,-0.302850559399229,632.711170710403,0.281477127306289,-0.297736653442668,0.017925404688509
-0.116198282806054,-0.270023278370153,632.974625868968,0.263455158565421,-0.300330101267014,-0.0360387165237081
0.14662506048004,-0.353158865762019,632.984625868968,0.00999999999999091,-0.300658628937484,-0.0296699056338434
1.06587291588596,-0.210460075363653,633.219090564445,0.234464695476277,-0.284004233721648,0.165749829503918
0.826210671632915,-0.269982765164707,633.398790843839,0.179700279394183,-0.22881561943691,0.43938066240627
0.0565184849212806,0.12791834736571,633.951723186807,0.552932342967893,0.135576054700991,0.789403640767754
-0.974488241708799,0.207750050569988,634.143288851012,0.191565664205541,0.273624682906446,0.642465878280819
0.232013569595953,0.351325128236692,634.187781877249,0.0444930262365233,0.300269608344113,0.554933056786268
-0.336794723473403,0.462717896235986,634.769557359721,0.581775482472608,0.452985299298408,-0.0646556961573817
1.06454463086708,0.38863097106967,635.002679775144,0.233122415422713,0.395714306334075,-0.409311556966138
0.786039830275501,0.259392846853341,635.323871755897,0.321191980752928,0.280713312824665,-0.287163373133527
-1.15731211746574,0.172565553433027,635.960821291854,0.636949535956887,0.17204251081725,-0.0359723238583056
0.168421338848443,0.167214772279345,635.998387496265,0.0375662044115188,0.169634187774953,-0.0920266378142024
-0.408998222663791,0.175830027773823,636.189585809902,0.191198313637074,0.149666076625865,-0.114962158202898
-0.347237039587099,0.101216427990921,636.300155791909,0.110569982006609,0.133016801325956,-0.184841717339436
-1.11774686719467,0.0465395023380612,636.822683179378,0.522527387468699,-0.018560356478561,-0.35996424673809
-1.67284171395685,-0.0155998686604537,636.832683179378,0.00999999999999091,-0.0222048403288232,-0.368928083860228
-0.0369560459118769,-0.188028463542487,637.127596294505,0.294913115126747,-0.186822053673018,-0.721088522584488
-0.740716408777415,-0.32150594111113,637.513863027197,0.386266732692889,-0.397067441438044,-0.334019731390037
-0.629117028465627,-0.514479483059988,637.899625340659,0.385762313461441,-0.476980467203075,-0.0635016935571637
1.30841789984909,-0.422267011531301,638.106943158086,0.207317817427338,-0.471336936454764,0.113804788558807
0.62149149430133,-0.40239655417252,638.272305835801,0.165362677714938,-0.417216437296543,0.527493896173065
1.49620175035214,-0.246472823289571,638.573018377107,0.300712541306098,-0.202790556997272,0.852471944290775
-0.0508028400101113,-0.108065127031128,638.654344141935,0.0813257648281933,-0.128708626034966,0.966169811457192
1.50458618580057,0.174672417971557,638.878738460359,0.224394318423151,0.077994425094089,0.862293223705368
0.576824118942568,0.429360082374641,639.228819758886,0.350081298527812,0.417197821166928,1.01155790715406
-0.0570602723244774,0.435297075227338,639.238819758886,0.00999999999999091,0.427256443417637,1.00009839758943
-1.14834082382675,0.567815589213536,639.716758001398,0.477938242511982,0.640209394084714,-0.177972905134749
0.693315993093052,0.417111242462076,640.117182067927,0.400424066528558,0.330967510061836,-1.20725200768958
-0.365439600037643,0.092375741422532,640.343480042037,0.226297974109912,0.0757715350619603,-1.0260030390091
-1.00124871686054,0.032477027308057,640.353480042037,0.00999999999999091,0.0655116842257435,-1.02595598353759
0.812291610461393,-0.249379997149801,640.584630921064,0.2311508790267,-0.183303545331589,-1.10519738084401
0.15563493602689,-0.185207478524603,640.594630921064,0.00999999999999091,-0.194267096830121,-1.08748938590281
1.0689687056255,-0.216340312704165,640.67096532662,0.0763344055565085,-0.273834048242591,-0.994837369792117
-0.746384970132006,-0.473450595141441,640.915948074419,0.244982747798986,-0.446398531838575,-0.397607693406415
0.503458359573549,-0.573950630301409,641.520798484779,0.604850410359973,-0.508457737769877,0.197127102727651
0.214468609460118,-0.377231204853724,641.855449604034,0.334651119254659,-0.343782533571337,0.727017300193077
-1.86685026867813,-0.0691965757169824,642.099369875553,0.243920271519528,-0.151230690999347,0.826468538678603
0.426419010195346,-0.0947026936537904,642.400296568163,0.300926692609664,0.00656022214065194,0.221034354419076
-0.931048743106438,0.0822664629460789,642.603368767514,0.203072199351027,0.0568411113056182,0.269892843218293
0.385423668232129,0.0453390961820855,642.65592792656,0.0525591590460408,0.0693973269205705,0.207954570040925
1.31027264288484,0.120310560816512,642.963926773786,0.307998847226145,0.13765804587186,0.227194522456356
-0.75649215312438,0.255124106572571,643.200420258316,0.236493484529888,0.214406128620265,0.410776674360687
1.24762607930792,0.25271145175487,643.567624204903,0.36720394658721,0.26765766410398,-0.114143082114586
0.690604874843224,0.23664196274877,643.797932557911,0.230308353007558,0.259018994979402,0.0372113405578711
-1.71298596527928,0.268479022465034,643.847903183417,0.0499706255063757,0.260959211040018,0.0403779455714225
-0.621830502217078,0.316441928298511,643.857903183417,0.00999999999999091,0.261245969524142,0.0169924842077141
-0.67568157427856,0.217403200049048,643.910137005528,0.0522338221110203,0.260453873067484,-0.0470237014046464
-0.874222740303571,0.161644262139152,644.215645328904,0.305508323375761,0.19196764256749,-0.382874032745194
-0.0452921588472665,0.182560504003012,644.256852808134,0.0412074792301382,0.175272837719984,-0.426968631319234
1.1425032781698,-0.0549819353881314,644.519194131929,0.262341323795226,0.0593265715888457,-0.445292545777883
0.950707244005895,0.076355761805442,645.150133148019,0.630939016089542,0.0213462919746991,0.293202390380652
-0.283095954516108,0.216881637377226,645.660784403938,0.510651255919015,0.245803130060667,0.531501195687427
-0.511123704822737,0.424879761213619,646.252757917794,0.591973513856601,0.346017844953513,-0.191368359973803
1.08128060101979,0.0571787660727735,646.867845690991,0.615087773196933,0.0453726004435302,-0.675138585028081
-0.114743638578418,0.0130558688665253,646.918771124233,0.0509254332419005,0.0127269679076148,-0.606692229033119
-0.0102697408199142,-0.038621533865739,647.035573772992,0.116802648758721,-0.0567278873248822,-0.58009582527831
-0.144898709520992,-0.321817387507528,647.549955439701,0.514381666709255,-0.282421911818278,-0.262152467355927
-0.0254265049372308,-0.371970429561515,647.559955439701,0.00999999999999091,-0.285010180471649,-0.255477337667379
-1.79677777144382,-0.34518891262499,647.970199902843,0.410244463141339,-0.32151496157735,0.0746825256862902
1.06450046245914,-0.3738966153171,648.43826941458,0.468069511737667,-0.388105880442801,-0.323294093211291
-0.203144121510041,-0.407667962836494,648.633917795,0.195648380420266,-0.407718790312108,0.118401767502157
-0.775407013099748,-0.390045126614241,648.838038103451,0.204120308450911,-0.366565076909095,0.276132299789158
-0.543300467268398,-0.397996747635285,648.878555781427,0.0405176779759131,-0.355335073583392,0.277883602119045
1.96000177612821,-0.329133732045003,649.259550087156,0.38099430572845,-0.241549546680635,0.294554661633008
-0.39688451306122,-0.212993924709435,649.392752437516,0.13320235036042,-0.182180565262913,0.590002027407483
0.267589736017839,0.0263766035791626,649.88169506949,0.488942631973487,0.0512651534395247,0.335347483312305
-1.4682769923464,0.0897353314803343,650.022705661561,0.14101059207087,0.098203080712441,0.328178773460825
-0.468051485907063,0.178070943572402,650.306352175404,0.283646513843564,0.119306535252246,-0.169748020374371
0.64883521941449,-0.082660787818172,650.903656964411,0.597304789006444,-0.0666408221308492,-0.402773274875957
0.0928232955526042,-0.192353915493979,651.198534474062,0.294877509651087,-0.141740747026445,-0.105858858941499
0.509927843636232,-0.130846661737938,651.500716855308,0.302182381246553,-0.153721106211794,0.0246723067596512
-0.609598269707625,-0.0463667338968447,651.906984544785,0.406267689476749,-0.0826785631315333,0.304668552984523
-0.382916805186686,-0.082227438087792,651.916984544785,0.00999999999999091,-0.0796615025303532,0.298728879293485
0.206054404923542,-0.0381409213541351,652.420901078248,0.503916533463212,0.0174265184196639,0.0793980170552613
0.133209448286034,0.137498178999852,653.05570390942,0.63480283117201,0.0841003647813429,0.114197427691235
-1.1559307179852,0.114844098168043,653.542798338818,0.487094429397985,0.125412818384661,0.0507090884567634
0.898502902041918,0.00803392748037252,653.954812644524,0.412014305705725,0.0341289557382214,-0.462575673242427
3.28716605460597,-0.118510123366451,654.355356526341,0.400543881817498,-0.0642015249192193,-0.0296845140955273
-0.620354960138071,0.615742734874068,655.112085873885,0.756729347543569,0.692223251488555,1.58203160901479
0.750739207739039,0.629251561510795,655.706435098533,0.594349224647885,0.643442781254542,-1.51132566242524
-2.20360679282586,0.502797101806659,655.835074136813,0.128639038280653,0.443937697251953,-1.56219665681312
0.754280354649455,-0.495449337678353,656.30319616342,0.468122026606579,-0.473113234743055,-2.14229789989787
1.15135511319671,-0.731829050492378,656.809899481759,0.506703318338509,-0.89680683102776,0.74628933998039
-0.285340845659367,-0.396582801529882,657.096684530124,0.286785048365005,-0.490903977694208,1.86670764152209
0.308228275280461,0.691298133661623,657.831315123802,0.734630593678389,0.616542389313894,0.7827101418268
0.434048450518255,0.72163232418974,658.145825677339,0.314510553537048,0.72198748399793,-0.137957773470163
1.48979473046821,0.395261672526716,658.628460616193,0.482634938853948,0.416022366468771,-0.913572845754655
0.848057388000974,0.0598532430373098,659.028352961744,0.399892345550825,0.138267458446481,-0.433571312139745
1.07103648925152,0.111124915802577,659.724715590465,0.696362628721545,0.0362424262839155,0.13165117201716
-0.0572191471372578,0.154810399325703,660.180448215806,0.455732625340715,0.178983089059949,0.458523729514097
-0.911358514676156,0.411887536570648,660.572763106266,0.392314890460284,0.300299671807367,0.146924775973374
-0.0976390863757843,0.287433838986314,660.760087393302,0.187324287036063,0.298309109610968,-0.16310616513728
-0.46798668939352,0.0512107056274676,661.40031612535,0.640228732048058,0.0875871494956768,-0.420699278589469
0.473240983345551,0.127917491909459,661.463465934057,0.0631498087064983,0.0601967161188958,-0.44603133659779
2.13640708190487,0.017583985650657,661.714249480623,0.250783546566595,-0.032214019268841,-0.286519534454261
0.399584678013446,0.124784503190025,662.191341952762,0.477092472138793,0.0783872605413494,0.692811816412017
0.303417316255505,0.358028211471887,662.617675462682,0.426333509920141,0.345315310512741,0.513168106814427
0.26449551296865,0.450109824641324,662.92533344064,0.307657977957319,0.456441963026996,0.191854981585535
-0.379332822780132,0.26001138625182,663.602928743739,0.677595303099224,0.337383005777069,-0.44019999673852
-1.76118443606292,0.348374198564026,663.612928743739,0.00999999999999091,0.332930077453743,-0.450367393965263
1.70597040564642,-0.190499513899959,664.119981243472,0.507052499733277,-0.135594321019859,-1.26741511955233
-0.534909781206493,-0.352917664200445,664.474446985799,0.354465742326511,-0.409180146003386,-0.252445314664535
0.326257649869702,-0.432845569904229,664.662696694113,0.188249708313947,-0.442698092551697,-0.101041346713998
0.368288440272972,-0.407502383240721,664.708742556218,0.0460458621056432,-0.445559869022449,-0.023449046584182
-1.13920981341668,-0.110015183433925,665.422116102654,0.71337354643606,-0.1312791153065,0.72058385712254
1.0161501580031,-0.020709250068462,665.584416021828,0.162299919173506,-0.0310579791493988,0.511581863902175
0.0335216277628798,0.0390367495932098,665.697579540312,0.113163518484498,0.031749059334029,0.595271740447767
-0.817423638952303,0.18111169234727,666.021070592913,0.323491052600616,0.2016246123033,0.438687143522024
0.369815563135429,0.25196983843229,666.266860362859,0.2457897699461,0.264222394307742,0.0708980293415416
-1.38395341656043,0.17595096120889,666.587040896295,0.320180533436087,0.27222930368221,-0.0197659748551984
0.298412419107701,0.0867032631614901,667.08413378077,0.497092884475251,0.0460330855780581,-0.809306760724293
0.204327256109412,-0.0401990413041875,667.242347039461,0.158213258691035,-0.0735465761670007,-0.69744855845325
-0.3538710386198,-0.0830238315152152,667.252347039461,0.00999999999999091,-0.0804857290038363,-0.690368981476837
-0.994365715263945,-0.212452682799055,667.477616558617,0.225269519155745,-0.229418263631716,-0.619969247338381
0.526974826366678,-0.451802462063178,667.857471830736,0.379855272119016,-0.458342789261119,-0.532058335792397
0.555636939583268,-0.474301043790988,667.961075524031,0.103603693294986,-0.501446638117686,-0.297965834260494
0.793802150396759,-0.383247451057883,667.978991488962,0.017915964931035,-0.50640939701059,-0.256003324580215
0.539008063918402,-0.447393667203061,668.290780701494,0.311789212532062,-0.465289745611489,0.487751919197969
0.121493459939398,-0.292448302292146,668.526798847714,0.23601814622009,-0.309736382249626,0.797735800841721
-0.475178173987846,0.03726724773844,668.941146537501,0.414347689786609,0.0339837190322066,0.804523832355243
0.275335867601558,0.353013109550781,669.281892450269,0.34074591276817,0.246434762796843,0.424750321491979
-0.255151643521007,0.407004275698525,669.724639520653,0.442747070383803,0.372636573146156,0.123587268549022
-1.58995491422788,0.381337540216754,670.081166947444,0.356527426791217,0.337274490464843,-0.300728248905053
0.633752721265038,0.261352768857414,670.091166947444,0.00999999999999091,0.3341522935377,-0.323672364219918
0.893315201012855,0.236397248381954,670.353237546182,0.262070598737751,0.250640861836896,-0.302076265534822
0.267265447272366,0.318394656574331,670.513537042169,0.160299495986692,0.208572915979301,-0.220748547835668
2.53973593631511,0.0632765301839525,671.062135299679,0.54859825750998,0.0900673919773853,-0.187232676027884
-1.9304260725242,0.0740990241872688,671.28743102225,0.225295722571559,0.107982571999578,0.334992129557293
-0.499175370174194,0.154112073012835,671.352905806172,0.0654747839218999,0.124966557159295,0.184225485642778
-0.0999988606737366,0.193633090966956,671.50292987292,0.150024066748301,0.143073726126599,0.0577180618998795
-0.856900619731383,0.159803130629206,671.710868543311,0.207938670390718,0.145980412102783,-0.0284953334606908
2.01869706180267,0.0983046238180245,671.959639047063,0.248770503752098,0.105290507439424,-0.289382419648589
-0.229652829475668,0.0682375988103772,671.969639047063,0.00999999999999091,0.102493984938643,-0.269930954131979
0.822067727180403,0.049682565830793,672.39517690768,0.425537860616373,-0.0306197803896664,-0.334091360131661
1.52914972655603,-0.196424261281449,672.720357053205,0.325180145525337,-0.0838326903720721,0.00356910100611282
-1.01664915402818,0.0792499125364405,673.274475745534,0.554118692328984,0.144165465956618,0.741147526072252
1.09980130198103,0.385777208014525,673.586370057099,0.311894311564629,0.289725019882272,0.185668591668015
1.18745405480181,0.380296881512417,673.781589055803,0.195218998704377,0.330807732743092,0.229902232019617
-2.12124000526496,0.309834669057942,673.791589055803,0.00999999999999091,0.333118101551524,0.232143801402619
0.635357587353065,-0.0696129166035012,674.471619489357,0.680030433554407,-0.11214483197258,-1.31829825558468
0.588632837584214,-0.458028734487985,675.006953793688,0.53533430433049,-0.538904201966094,-0.171227312677026
-1.3757406785511,-0.554262129862342,675.263266300874,0.256312507185953,-0.502784222469793,0.430407630272275
1.22645791513654,-0.477694786613204,675.450142840575,0.186876539701416,-0.42400756384857,0.400309012412111
0.738286028111006,-0.3165592732786,675.621091888748,0.170949048173156,-0.325313475474039,0.737862948403994
0.418449538363536,-0.0426862990392268,675.897473867398,0.276381978649738,-0.0864042264245382,0.956136097076121
-0.233133280458764,-0.079975248181919,675.907473867398,0.00999999999999091,-0.0768373822630585,0.957163351600355
0.917455337938718,0.292006190874345,676.387342267889,0.479868400491341,0.291585930503553,0.527080696947634
2.11230518358215,0.348250696640514,676.434957791124,0.047615523234299,0.316592160058515,0.522598681587242
0.838804567949657,0.667126577003224,677.059892289634,0.624934498510356,0.716979827713025,0.492525048531382
-0.0170504257013642,0.498933994086355,677.690423889231,0.630531599596566,0.523260568587881,-0.840244492306485
0.332419161708309,0.390421795730405,677.755806944791,0.0653830555600052,0.465681965970185,-0.917025745641082
-0.410668812364927,0.272445088565594,677.876193865573,0.120386920782153,0.352002206276537,-0.960857286160588
1.62673314833841,0.0930715789080089,678.126370458478,0.250176592905632,0.0943450138212956,-1.06651948055457
0.679610798551355,-0.221190871601488,678.621300253774,0.494929795295207,-0.179530424958598,-0.0349104329642397
0.26851232708179,-0.172104082596243,678.980226686757,0.358926432983594,-0.127230996437737,0.308459406324704
0.917118087973682,-0.021168129198152,679.55488532919,0.574658642433064,0.0853312426908001,0.38557555378247
-0.232335361763205,0.19437419860434,679.913689204234,0.358803875044032,0.249994761924891,0.50458623137182
0.228664758769312,0.251411202573055,680.068908581563,0.15521937732899,0.314970469253215,0.329495083197853
-1.19958187093142,0.382904752877018,680.460739794987,0.391831213423643,0.383108230618735,0.0113693674009572
-0.927711676493267,0.339179439912002,680.749550876507,0.28881108152018,0.299079328391911,-0.563665139400898
-0.288574225150318,-0.00909682604795868,681.126822673496,0.377271796988452,0.0106850845581614,-0.909529766589382
-1.94227618820804,-0.0496682766866789,681.251299175899,0.124476502403581,-0.100856441002128,-0.878235450183187
0.838130356623668,-0.114922581154942,681.299528425632,0.0482292497332537,-0.144670400781488,-0.93766341355799
-0.398280905248844,-0.177670084888683,681.309528425632,0.00999999999999091,-0.153966221381015,-0.921523633420843
-0.0326795651120173,-0.41940631156343,681.677054822584,0.367526396951462,-0.448212667455323,-0.625645215291489
-0.13854670878322,-0.472105291891218,682.06809857881,0.391043756226622,-0.552396488141446,0.109389206430939
0.529925958130817,-0.398841778782554,682.334756788091,0.266658209280422,-0.467761263239469,0.494072757808585
-0.584758107025908,-0.100964587831054,682.783182087378,0.448425299286896,-0.124639138427265,0.929323305356292
0.453849916529778,-0.117193080812944,682.890922803938,0.107740716560443,-0.0294202237438263,0.835473352456747
0.377962756129273,-0.0697208022112009,682.900922803938,0.00999999999999091,-0.0210612243918738,0.836280078770307
1.9510623051255,0.0737232074613828,683.021643984368,0.120721180429769,0.0794249524613848,0.824554543998225
-1.16996998050697,0.0721856407752844,683.105800224359,0.0841562399907616,0.153446687066294,0.93146787647465
1.68352632981596,0.356432288901119,683.488619842718,0.382819618358894,0.357144942235196,0.117999717375612
-1.42357787378939,0.452654284037248,684.061518091229,0.572898248511478,0.50165009268272,0.310078404945175
-0.671792250058741,0.535058681993987,684.109324690579,0.0478065993503378,0.512802749489597,0.156583271599164
0.0911707114009228,0.435382185821867,684.477358828294,0.368034137714176,0.417016602366648,-0.620245955330816
-1.88872750708114,0.397180044852584,684.487358828294,0.00999999999999091,0.410774929111513,-0.628049457651365
-1.91154106620569,0.0349701631059765,684.846843061387,0.359484233093667,0.040960642481911,-1.34200971626025
1.16361479158298,-0.422276499225732,685.173055818263,0.32621275687552,-0.445809090637201,-1.56235411399262
1.25613053612774,-0.743154767788177,685.404863455126,0.231807636863664,-0.706506380727768,-0.631833304449441
-0.297469713301723,-0.576511988310226,685.792002873466,0.387139418339984,-0.602239280703345,1.05083461024913
-1.36755326029643,-0.331128992201562,686.065854457832,0.27385158436573,-0.284547574986585,1.19251439122627
0.585653520333434,-0.00184011174136807,686.393192749471,0.327338291638625,0.0248188001441347,0.673183815852704
0.926895359079908,0.202485977746551,686.67151105474,0.278318305268954,0.214586281970385,0.670827278317872
-0.157745343106632,0.331188204867645,686.857638509773,0.18612745503367,0.339283705079501,0.656998765498565
0.589907425427126,0.406739462971722,687.219301843458,0.361663333684305,0.47648971900917,0.0806800801558284
2.22150193096001,0.361142241998518,687.495821647465,0.276519804006966,0.464007948833899,-0.162168973039836
-0.722184349914248,0.432761892541418,687.563176231918,0.0673545844533692,0.455086699545965,-0.102556303812251
0.300480312980705,0.490207206187467,687.750563762942,0.187387531024342,0.40197573642176,-0.450845246611011
3.03741319765557,0.319144501149647,688.001185153633,0.250621390690981,0.275809044976833,-0.534402970596463
-0.744708670712137,0.232418037532825,688.097731480549,0.0965463269158136,0.236573143259913,-0.278579735588341
-0.36961405249302,0.0776119091417267,688.470908704813,0.373177224264282,0.0657257126150006,-0.601379924084423
0.693807610724024,-0.0518017204197895,688.572204487623,0.101295782809871,0.00400061432014848,-0.615080213115275
0.979697209825236,-0.0478520067538452,688.582204487623,0.00999999999999091,-0.00210044454651995,-0.605099974778384
2.31745816755844,-0.162220528917104,689.028759822437,0.446555334813183,-0.139941609226248,-0.0126777596969333
-0.212921822014039,0.15247752255556,689.506245434367,0.477485611930774,0.119560525379432,1.01501907807195
-0.0511652987557736,0.344607362810137,689.754291793848,0.248046359480441,0.336897512530484,0.717953705883187
-0.0322343880284045,0.586971632280089,690.47133649057,0.717044696722155,0.448193290382224,-0.40189821600162
-0.306639535510131,0.30802385896081,690.831584842537,0.360248351967016,0.24759117477617,-0.656838612549297
0.991597004963759,0.0873924969944117,691.077026834998,0.245441992461565,0.0748144868753287,-0.732382716101477
-0.346598571294325,-0.104622482847118,691.439789938274,0.362763103275483,-0.106567011692314,-0.259643011126126
-0.344269373099337,-0.276193270543036,691.866158936992,0.426368998717749,-0.209980112890524,-0.209561202015449
0.0209395939556243,-0.388020487927046,692.178029141614,0.311870204622551,-0.262317738082216,-0.120613582018719
-0.642486471670932,-0.378677151367968,692.188029141614,0.00999999999999091,-0.263489066014166,-0.113653032909665
0.806049198506508,-0.212803517911648,692.198029141614,0.00999999999999091,-0.264623902557535,-0.113301279367795
0.536564088957729,-0.304281562089473,692.32030784634,0.122278704725886,-0.267539266168351,0.0639887122904528
-0.857903614075132,-0.208924555023139,692.81309737661,0.492789530269988,-0.119137954371005,0.488050657132837
-0.912223709823929,-0.0520584909714456,693.192680994431,0.379583617821254,0.000821613375374797,0.139490674506702
-2.2747311590339,-0.0465085336868343,693.645126691256,0.45244569682427,-0.0304559413443524,-0.257833105456515
0.436040387191056,-0.242510986551201,694.048584400051,0.403457708795486,-0.283140469602827,-0.931464330784332
1.23039989395839,-0.439556731984655,694.543267481459,0.494683081408198,-0.511554713029346,0.056421986905669
0.308909547645037,-0.251967147838888,694.947403130424,0.404135648964598,-0.285631561090124,0.958968557947766
0.146859543021407,-0.205224281722486,694.992276867456,0.0448737370323897,-0.242127173828418,0.978842272680501
0.118478902692586,-0.0919553633530575,695.165486850511,0.173209983054221,-0.0716634507325098,0.977668913033687
0.760945972510942,0.158460695355575,695.403394779577,0.237907929066296,0.150556597527485,0.874311875594681
-1.52047427629829,0.385320088266354,695.619259840922,0.215865061345426,0.335716184655131,0.822657225608384
-0.877520923403174,0.123638979461548,696.46168769715,0.842427856227573,0.080796692942738,-1.14967653646102
0.598256632880158,0.0749984101086246,696.47168769715,0.00999999999999091,0.06927623518738,-1.15429169405272
2.15333440653223,-0.330560853302886,696.913396794338,0.441709097188323,-0.317158397275731,-0.549167354165841
-1.4439922403402,-0.400256613465998,697.214290165824,0.300893371485586,-0.338657933170762,0.386604497964228
0.408859099485455,-0.190463648661565,697.525337631576,0.311047465752267,-0.259042914803287,0.118619156704611
0.46791856865239,-0.217875629337935,697.810612432841,0.285274801265246,-0.190127274401311,0.349851235543107
0.165999733507455,-0.0240096125444189,698.249012869097,0.438400436256188,0.0136835360918055,0.540554819185977
-0.127289727083032,0.182455337575025,698.531793030923,0.282780161825713,0.157586705344363,0.464480122280654
-0.35681770736979,0.234315236236432,698.941367552748,0.409574521824879,0.282502852712397,0.133056214855475
0.340028491241621,0.258210458443214,699.207770497552,0.266402944804327,0.279965594382373,-0.145511533670331
0.168107434956007,0.245880168582491,699.217770497552,0.00999999999999091,0.278497740102105,-0.148058928930775
0.401279170107222,0.215141779616561,699.438101727346,0.220331229793828,0.236885983670635,-0.22366381624682
-0.8849180714542,0.164645943798212,699.757708465905,0.319606738558832,0.167257178101685,-0.202885155040636
-1.48349363719772,0.0204293371716767,700.225087880724,0.467379414819447,-0.0313465359535359,-0.598349035121256
-1.13617432309624,-0.00197031197150108,700.247406963867,0.0223190831420652,-0.0449770109901037,-0.622918471723501
-0.63592713126824,-0.123940380987539,700.369895081356,0.12248811748907,-0.126273055485007,-0.700181826442014
0.0949060995485351,-0.423701480007775,701.003592568754,0.633697487398763,-0.498447287981497,-0.345248407276241
-0.917177142680794,-0.489881707769156,701.2786615304,0.275068961645616,-0.521096143114475,0.174753547834355
-0.111272021419911,-0.451123837875768,701.557028919437,0.278367389037157,-0.449338466113422,0.318784890286455
1.02337343944946,-0.346199758964999,701.805945272041,0.248916352603828,-0.342276213884325,0.517722028665336
-0.292858031209232,-0.0752344800005895,702.144038880226,0.338093608184636,-0.0909001702493676,0.918153098939534
0.467831549895014,0.152741983567021,702.421950797715,0.277911917489178,0.137202112252262,0.706626326134148
-0.193832483219532,0.25377856799701,702.50834856142,0.0863977637053495,0.197441912324265,0.685886235212005
1.23943150426444,0.458009523219349,703.046687533727,0.538338972306406,0.397817362407681,0.0246023773829182
-1.46764871005718,0.383737345662108,703.423960783139,0.377273249412042,0.413610274973685,0.0537075797023769
1.91580658855475,0.370218870642774,703.670564047446,0.246603264307623,0.34989263035106,-0.546777564690418
0.249695148956587,0.267976706345554,703.876028893558,0.205464846112022,0.265997894403668,-0.26492653597092
-0.488965347840012,0.244894965999168,704.14449463833,0.268465744771902,0.188994648261976,-0.298376767162906
-0.766690486351468,0.126408359590395,704.281348311743,0.136853673413157,0.14161615431567,-0.39036509118136
-0.0489801872983871,0.177425333723289,704.420677292069,0.139328980325331,0.0794017083952996,-0.498273869894017
-0.924665002537193,-0.165008794305275,705.017400942566,0.596723650497779,-0.179670298917688,-0.324214165570804
0.556456890144023,-0.353352411188197,705.482435731952,0.465034789385527,-0.352364560727363,-0.374819727272487
-0.518624275129429,-0.332317192283588,705.550785843611,0.068350111658674,-0.374060846685542,-0.259719027410905
-0.0321107861615625,-0.423282824064888,706.215098053375,0.66431220976483,-0.395340769980605,0.180327645325127
-0.73117630802782,-0.331210302092745,706.637819834193,0.422721780817255,-0.250552714340684,0.457281210194156
0.124861695666001,-0.0958594552316673,707.01938087358,0.381561039387634,-0.111884204463304,0.254082320736116
0.244233181708178,-0.0612300578477024,707.062747826751,0.0433669531704481,-0.10065975911092,0.263362357356823
-0.335355339412133,0.0940171018844806,707.581821012555,0.5190731858047,0.0621565438607993,0.332178838844515
1.09272420108388,0.117270550442466,707.900925268229,0.319104255673324,0.13479347344733,0.1203764020447
-2.07273533165841,0.136018896487086,707.910925268229,0.00999999999999091,0.136034655573191,0.127840335542063
1.05353371172742,-0.103842661657598,708.391970664281,0.48104539605265,-0.0557485931460901,-0.852880805919443
2.12388680436171,-0.230461812180785,708.964418025258,0.572447360976867,-0.265251949490946,0.125188926146773
0.0615039091774756,0.00641932805190865,709.304950452372,0.34053242711343,-0.0814492104599849,0.90527688452361
0.403514327627196,-0.0123654305431471,709.384643714435,0.0796932620629605,-0.010165263199774,0.881893971991199
-0.00960314551886729,0.264468124948146,709.753403505006,0.368759790570948,0.299174336228094,0.753925564292413
-1.17744355047623,0.47583680574274,709.935983782885,0.182580277878969,0.416203937436429,0.51752487930975
0.441843516580177,0.406849151059908,710.078748740036,0.142764957151144,0.462959998116676,0.136535149057371
-0.464232794897251,0.428412419731603,710.439795222439,0.361046482402799,0.446192268892641,-0.213362611346396
2.75254038225752,0.401286198361738,710.596456946947,0.156661724508012,0.393352903324385,-0.451603048482157
-1.08376292735808,0.292703294224287,710.736847789146,0.140390842199167,0.348851527037749,-0.181327267488453
0.572397752583374,0.188478523200511,711.160049274256,0.42320148511044,0.127977240734403,-0.793677855149493
-1.12893923678541,-0.0664539512110672,711.482783674271,0.322734400015065,-0.0851958031330198,-0.511562514921839
-0.639575954675502,-0.256508772528326,711.673472660606,0.190688986334635,-0.193726374087163,-0.617131909476115
0.0551531412169188,-0.474259198511432,712.165445816019,0.491973155413461,-0.453157224598231,-0.368365359937959
-0.536144163995448,-0.49424097104673,712.185361621799,0.0199158057794193,-0.4601726577874,-0.336088275920913
-1.53062365730102,-0.498984487213914,712.327625080077,0.142263458278535,-0.496965139361137,-0.1782672287647
1.05641615266628,-0.529823057997295,712.337625080077,0.00999999999999091,-0.498739298342908,-0.176553451444546
0.980487754860177,-0.522527358165932,712.540854028109,0.203228948031892,-0.479162012730803,0.356343109192378
-0.51471864013844,-0.191941021080779,713.008615218636,0.46776119052663,-0.12056599250752,1.04766462237428
0.488735228854685,-0.0648688946843651,713.071825001664,0.0632097830281282,-0.0559970587492352,0.994212553545739
-0.0645523499722579,0.302360355449356,713.43053270468,0.358707703016194,0.291759782094137,0.899372245386588
0.0405565126317777,0.370491693972155,713.611246271567,0.180713566886539,0.431989818648845,0.639547088526271
-0.541326536215906,0.525724025243934,714.084374486784,0.473128215216889,0.535254126936468,-0.216272501810905
-0.382499948781672,0.348885867450519,714.394353268099,0.309978781315067,0.374993630212068,-0.759715006371303
0.0580124742780026,0.41354412149154,714.452546065226,0.058192797127731,0.329179967138301,-0.812857975459205
0.17468136415663,-0.0307369542094484,714.914415462638,0.461869397412102,-0.0459132890179946,-0.744379488966605
1.82403827350857,-0.191884518563706,715.32763477226,0.413219309621354,-0.285888059813035,-0.387984848491453
0.810471922594872,-0.334260013113087,715.483135672743,0.155500900483162,-0.313752357838971,0.0266577721720504
0.847961122216634,-0.128101303900491,715.87472638915,0.391590716406654,-0.19516948210191,0.538224873572206
-1.3501062178711,0.114117775174978,716.255900687669,0.381174298519682,0.0660812295740397,0.789112821370943
2.05501688597527,0.242631095954873,716.635017488808,0.37911680113848,0.226703597360712,0.0570324147290358
-1.04320583522421,0.252613115927718,716.993995793494,0.358978304685934,0.335146495208281,0.512900428091766
-0.234803201780658,0.282304435117697,717.003995793494,0.00999999999999091,0.340167436114349,0.491281099178146
-0.442925788839848,0.427511943879559,717.262956037853,0.258960244359514,0.419298747152285,0.113603368583214
0.469627894875593,0.338553159945887,717.795032983981,0.532076946127972,0.268409449255443,-0.593802085744679
1.18972633122826,0.094412711066435,718.209034712565,0.41400172858414,0.0503866820676327,-0.428915989094038
0.20521551582955,0.0427716011435716,718.771595601546,0.562560888980556,0.0107880811956415,0.26257648801628
-1.03377440522632,0.209611355309084,719.478066225888,0.706470624341932,0.179170333202347,0.175678895973079
0.466165438408726,0.157633886595848,719.809333338219,0.331267112331261,0.158206091866646,-0.286500600530321
0.101825053630635,0.0324290622880676,720.081309916376,0.271976578157023,0.0919291318276791,-0.196208071617775
1.68309325029886,0.0159457678845171,720.683778140845,0.602468224469135,-0.0111527538153011,-0.128241168567208
0.54086408565567,-0.0091724790954647,721.045950693664,0.362172552818947,0.0513322456581562,0.448156891925163
0.0549310505878288,0.0864420090390682,721.209214403477,0.163263709813236,0.126597383485217,0.469197424036291
-0.115002058760632,0.230431878049568,721.492411377477,0.283196973999566,0.238745819480816,0.313127507073843
1.1945529291253,0.201262987422486,721.81127170671,0.318860329232621,0.29536098342681,0.0399137037554072
0.772558972091222,0.269181413680814,721.925350869743,0.114079163033011,0.302777064583728,0.0891621601029988
0.112926644719907,0.321825704890957,722.205424823939,0.280073954195927,0.326082197147539,0.0738114528365778
-1.31707042063537,0.280796960836723,722.303115105874,0.0976902819350016,0.329743249256394,0.00151411315157023
-1.02821739374887,0.161664284382251,722.643740006688,0.340624900814873,0.21573561897876,-0.631781644161966
-0.129800089515277,-0.180733325321865,723.14511835109,0.501378344402042,-0.205114381851486,-0.95740370283084
-0.114896105798534,-0.42941317993818,723.525985768377,0.380867417286595,-0.490317944811133,-0.482844512009654
0.752006513416455,-0.519346919400887,723.661192233911,0.135206465534452,-0.539441023782379,-0.239877825867019
1.38175603417677,-0.390827083806041,724.091045802191,0.429853568279214,-0.410323476002843,0.750207858904446
0.624351284698823,-0.00873190531960867,724.51317184237,0.422126040179251,0.0479336686342611,1.31277218972137
0.666421026736873,0.155829982998229,724.621340780076,0.108168937705614,0.188619511243767,1.28318755769394
-0.249015474392881,0.643654494285465,725.033616418022,0.412275637946664,0.638861710834573,0.766363271664285
1.04952263164846,0.60045279477019,725.043616418022,0.00999999999999091,0.646363998567105,0.734017907850943
1.24078358807746,0.743850947260855,725.55157545424,0.507959036217926,0.704768843965557,-0.49643426563174
0.832596721502436,0.387603466952749,725.943051868224,0.39147641398381,0.438484442490609,-0.731921060920168
0.568581625063119,0.420451419867063,725.953051868224,0.00999999999999091,0.4311608240151,-0.732759303989423
0.628763484866169,0.354938796607442,726.100322033404,0.14727016518043,0.321498708553649,-0.745208672440025
-1.36864101569646,0.263129384777416,726.16022771423,0.0599056808260912,0.277288167017017,-0.72940215248413
0.567357318350845,0.0646217932298584,726.356424421036,0.196196706805154,0.105979916297493,-0.99794888841136
-0.399012748933039,-0.32560119888594,727.022944338551,0.666519917515529,-0.309981685636661,-0.18444414081071
-0.465328128340577,-0.358062757458196,727.517964093538,0.495019754987197,-0.340700478766074,0.0593577748483402
0.990924341336669,-0.215000659129287,728.068992054248,0.551027960709462,-0.264475892565436,0.186998230617256
-0.191656833017769,0.0972722681448675,728.705607507938,0.636615453690524,0.0911192806746865,0.809503702935331
1.18384613345875,0.271665633823507,729.054777197224,0.349169689285986,0.316874921634307,0.458215455770175
1.43643819329494,0.440891188911302,729.421283309934,0.366506112709203,0.480762690681752,0.393430591256777
1.13136081968401,0.56146390984828,729.719877543582,0.298594233648828,0.577348056837915,0.227379909366822
-0.894702572256457,0.393226624205652,730.568989789118,0.849112245535366,0.427031629426109,-0.386839414442953
2.31805689188407,0.16291048422945,730.952139179437,0.383149390319431,0.164810472048395,-0.906802363955169
0.818540486634085,0.0432074685332879,731.139825307877,0.187686128440191,0.0378559948886223,-0.444725919311582
-0.0839659111654665,0.0994532251069865,731.209820388968,0.0699950810906103,0.00911435819974902,-0.376280153681636
0.644780447030301,-0.160589723474495,731.624438535767,0.414618146799057,-0.13174058724892,-0.286006835359829
-0.340056461614368,-0.16300414849844,731.934365715585,0.309927179818033,-0.169632692138156,0.0377088182908021
0.0322583097670298,-0.1549750569584,732.250518475198,0.316152759612578,-0.157945740920661,0.0348162015461044
0.129714567220074,-0.187915057001109,732.861875663865,0.611357188667739,-0.0841298151418377,0.181923778873186
0.182271924241734,-0.0720131090747892,733.235378998421,0.373503334555267,-0.00580111295289873,0.226147430384063
-2.13024263989487,0.243381509615571,733.897457147949,0.662078149528497,0.13910602403911,0.180355425960225
-1.19862423588357,0.127667022039853,734.186088433638,0.288631285689007,0.0913546396164262,-0.489871124650036
0.601476786609954,0.105538185210623,734.244817361996,0.0587289283575956,0.0606734859385892,-0.554015497523929
-1.08661725239047,-0.0090784216685891,734.398232355551,0.153414993555771,-0.0150190690248396,-0.430449199375932
0.660250895900312,-0.321309458865353,734.770063635994,0.371831280442962,-0.221261254171509,-0.64358244196454
-0.236188984486364,-0.296926076028534,735.414658957719,0.644595321724751,-0.309257985684721,0.347132362514795
1.15517186451641,-0.105102173127071,736.002144426711,0.587485468991531,-0.084812830548787,0.358146129756573
0.448410631362668,0.0926910603428951,736.330193187401,0.328048760690649,0.086094979106826,0.656605908673668
0.469093368512529,0.218665442639542,736.46227746333,0.13208427592906,0.171812334129675,0.637272664996556
1.6196481947576,0.330854757711469,736.629311045991,0.167033582660451,0.27405730473209,0.579922325063681
0.515015895104489,0.581485547489982,737.127948862824,0.49863781683348,0.592263698229011,0.564552989235441
0.300564171359494,0.618680336815797,737.264745935887,0.136797073062667,0.649725951369647,0.26860559069728
0.831371607133166,0.616210509680883,737.535518375805,0.270772439918119,0.632005039839172,-0.377857780977958
-0.214500450070536,0.557614102528151,737.736310931943,0.200792556138026,0.531198978156584,-0.598394409208707
1.52703794691267,0.317654333718241,737.988213672279,0.251902740335822,0.3378243863059,-0.890708276569268
-2.10946909804187,-0.0211448625080129,738.46909335844,0.480879686160733,0.066390330635233,-0.209648889439838
-2.62261365226608,0.0484543948117499,738.501009766489,0.0319164080492556,0.0586179795241871,-0.277136456618298
0.986993228102044,-0.0128035526870003,738.536685521504,0.0356757550151769,0.0470892780896624,-0.368745634841209
1.05905500116906,0.0874203175462574,739.235327469017,0.69864194751267,0.0428948406066694,0.316575094854802
-0.107644836700572,0.24176991285755,739.723725913741,0.488398444724567,0.271225560982421,0.563443216918631
-0.610088530786402,0.426741411583718,740.291133561873,0.567407648131166,0.399196324719627,-0.126671843094967
-0.769387957750025,0.331155106725059,740.422335916366,0.131202354493439,0.368856727102203,-0.330771262347896
-1.4436838931389,0.349520132208173,740.539408697323,0.117072780956732,0.319816081092696,-0.501709991802064
0.590507221259935,-0.0879458918377957,741.001645953836,0.462237256513731,-0.078446877166765,-1.12327364793188
0.407759380762698,-0.311331855109181,741.340258814583,0.338612860746593,-0.372531849647052,-0.58087102436341
-0.65307197749254,-0.461449390157932,741.703533208974,0.363274394390601,-0.463488103377154,0.0861261295914536
0.472327515586866,-0.319986281947439,742.260920622701,0.557387413727497,-0.334593592973754,0.310696096968279
-0.798862890993805,-0.200097749034894,742.564610059578,0.303689436876653,-0.194720525023608,0.581532165700544
-0.621038586586743,8.94207875306308e-05,743.152227336232,0.587617276654441,0.0091991087639492,0.0941153383806989
0.315249973932896,-0.00413673105748519,743.588524330314,0.436296994081772,-0.0111213752473464,-0.174411353070908
-0.159319913373221,-0.0662760686423746,743.993581503168,0.405057172853617,-0.046406326118336,-0.000898940542554723
-0.292366872978771,-0.0898030928913834,744.393811773049,0.400230269881831,-0.0515348217877648,-0.0232760244588954
1.10868821326371,-0.0420381138450254,744.55563958622,0.161827813170021,-0.0575148235190212,-0.0499394088669957
-0.0949624666817766,0.153642719129376,745.172846749269,0.617207163049898,0.117323652565965,0.548081653281542
-0.0720421504907319,0.244077059850561,745.669126394691,0.496279645421509,0.298114241094865,0.155669992519068
1.55976980737972,0.263924638406194,746.099375636681,0.4302492419896,0.286689989765923,-0.193228075111863
-0.0541303793105338,0.337113543353918,746.250599823463,0.15122418678277,0.268514854859595,-0.047543833796838
-1.81558481272442,0.275797625024479,746.260599823463,0.00999999999999091,0.268006287282812,-0.0541623920464672
1.37463614554037,0.2769020543332,746.489928071036,0.229328247572653,0.195391030164612,-0.561422099028829
-1.66955729838679,0.0702562427588214,746.878210549022,0.38828247798574,0.0738833077900289,-0.063026426908518
-0.189445626967809,-0.0609962819272865,747.102570089416,0.224359540394175,0.016988682616446,-0.432863339362339
0.0161957751451858,-0.0223195092738001,747.216483085406,0.113912995989722,-0.0321568928829707,-0.428151598605347
0.00133551986747631,-0.17818849958433,747.730567329856,0.51408424445026,-0.199340892267246,-0.199761024058512
0.377602284348727,-0.179959163869604,748.504847612064,0.774280282208224,-0.194007501348351,0.185438940574606
0.819859301467307,-0.0189324162076919,749.114657034739,0.609809422675312,0.0157185607210348,0.442154345441282
-1.66636069793038,0.121644862958852,749.411856727035,0.297199692295294,0.166831934325969,0.555876088758303
1.0590354722163,0.147676299044814,749.936363996697,0.524507269662195,0.15311332483345,-0.555349997874717
-1.04211428774935,0.0144432503657718,750.267816289453,0.331452292755785,0.0277446833361021,-0.196407364428051
-0.583044573896915,-0.126219667455707,750.848681240219,0.58086495076634,-0.219493178793935,-0.583476522100001
0.599224324386252,-0.4165714957246,751.009102569157,0.1604213289379,-0.309466335334265,-0.53154944506919
-0.0705777917366151,-0.369294225600703,751.41624889766,0.407146328502904,-0.384981502996233,0.157261711227463
-1.50056258651115,-0.197105220452575,751.914209893685,0.497960996025313,-0.222017666083816,0.437837437417957
1.80004330101197,-0.124996878954354,752.291697756161,0.377487862476187,-0.145530766936553,-0.0296395989660716
1.31030824521002,-0.181870048613743,752.334022667389,0.0423249112275244,-0.144898296811155,0.0592022662643393
-0.555713534537947,0.0366047440668122,752.911050026397,0.577027359008639,0.11217137306138,0.746271773769151
1.00735069185737,0.322408831252562,753.16089281617,0.24984278977206,0.259881322710261,0.427082864441535
-0.887824331534287,0.298944092338993,753.337844183158,0.176951366988646,0.337046175806798,0.437291455750907
-0.307884931184053,0.407755658074212,753.621841899978,0.283997716819613,0.381111240204345,-0.122027839563318
0.066107566425263,0.315333629829912,753.819454524501,0.197612624523686,0.333631050944717,-0.348580673198577
-0.702668662227836,0.170388105569898,754.169711740453,0.350257215951956,0.185062785612066,-0.469692622575101
2.20520696406944,-0.220784156567889,754.737975911116,0.568264170662133,-0.173910924244208,-0.709939681362835
-0.114089792984049,-0.152253109364143,755.267652239385,0.529676328269716,-0.152612873099769,0.720652772680888
-0.0807883784903822,0.0913058966106752,755.736345378854,0.46869313946911,0.145993494860334,0.513218940801429
-0.465637149324,0.251821220579234,756.047008596149,0.310663217294973,0.270346351511378,0.276177662250141
-0.653595437189091,0.209027692147052,756.352130353912,0.305121757762208,0.296951522663079,-0.0966523139580994
1.07831862267067,0.170290888987432,756.672762464269,0.320632110356996,0.204403592386836,-0.456035396076807
0.150194822533477,0.102019017864396,757.383181929778,0.710419465509403,0.111006340580964,0.179699680873214
-1.02213027205779,0.198859255851466,757.998732698727,0.615550768949447,0.180613741857933,0.0370285043461398
-0.602197072551006,0.176960980887397,758.008732698727,0.00999999999999091,0.18091256757385,0.022747065868943
-0.341894354692745,0.19198816782887,758.204087786833,0.195355088105657,0.166865201069427,-0.162407213641813
-0.574847078136335,0.144205274636488,758.460705369811,0.256617582977697,0.106976303223094,-0.295608097999911
1.48270990036457,-0.00781891768126208,758.957801055682,0.497095685871614,-0.099138279090275,-0.490466974506734
1.39217366200514,-0.125825278743068,759.363693937254,0.405892881571162,-0.142414639295029,0.258306928426313
-0.431165429876393,-0.118014708636489,759.596011520151,0.232317582897508,-0.0433897757943648,0.579665827024021
-2.59457612574534,0.0924832459984518,759.811796559037,0.215785038886224,0.0656722875406862,0.426045427422328
-0.08740110322156,0.0573236198487561,759.954595121311,0.142798562273924,0.0969131151232066,0.0148366810954369
-0.822632178698384,0.0800895253202938,760.231378361577,0.276783240266241,0.0903263388024872,-0.0600516169180193
0.325026471154286,-0.0568377882125674,760.863165212726,0.631786851148149,-0.107528005020276,-0.499674399302096
-1.22871731065103,-0.19232124489095,761.457958753427,0.594793540701744,-0.248099282627199,0.0361714682970849
-1.06936794684145,-0.270003532008684,761.790487460162,0.332528706735047,-0.271042993594447,-0.164724095991681
0.962024108685505,-0.351712184626249,762.260104233106,0.46961677294405,-0.373003559206082,-0.237872910911163
0.781063178858163,-0.266287106504635,762.741186167363,0.481081934256849,-0.26453080329857,0.620424184919424
0.608821876079359,-0.202647693916504,762.872768246164,0.131582078801216,-0.174345165436998,0.743577645853135
-1.1512328275914,-0.177873697206739,762.996823006141,0.124054759976048,-0.0780451770049118,0.803831704303142
0.267996076665747,0.0125515233237121,763.071316165745,0.0744931596045717,-0.0220970445897982,0.69758487856929
0.0337449289442962,0.264617299211028,763.526697604525,0.455381438780137,0.270861747361069,0.54315292916426
-1.7350450803505,0.439421920838091,763.760031269747,0.233333665221721,0.37121952786063,0.307638612214208
1.20611359598357,0.271467265364663,764.179225527087,0.419194257340109,0.262650925326529,-0.758859897100572
1.49134171975806,-0.0282526324270722,764.834879820328,0.6556542932409,0.0152380089618054,0.0215301407877633
-0.960206016626539,0.102395318878522,765.369786322971,0.534906502642571,0.206839468279784,0.629866536110873
-0.310958712628514,0.249858432439557,765.580841222266,0.211054899295391,0.300189809468921,0.251535731154609
0.372210936267333,0.362793287182235,765.590841222266,0.00999999999999091,0.302646437273873,0.239813013868737
-0.147677879958841,0.379926037994019,766.066478282413,0.47563706014671,0.354709461593908,-0.025513523472774
-1.53012618700234,0.219081091518329,766.448377564702,0.381899282289282,0.275869099112874,-0.358611907276596
0.657139186019878,0.0599096800647415,766.774390573898,0.326013009195663,0.0657979805795617,-0.886829248191481
1.13818857787144,-0.208671343668015,767.282321609294,0.507931035396723,-0.237959177690941,-0.277602444595458
0.114121954470817,-0.178908620554878,767.635277527941,0.35295591864633,-0.226527479193543,0.322559707495777
1.90938636372771,0.000486726387599716,768.158363720663,0.523086192722189,-0.0200209770595777,0.421437835841042
-1.18687495248011,0.315265386121746,768.633212428729,0.47484870806602,0.339730332470753,1.0008068274422
-0.915462854012366,0.438806400172798,768.772284881279,0.139072452550295,0.453067668034878,0.621955136935514
-0.66491929870773,0.379605503487845,768.824413712019,0.0521288307401164,0.48191924258448,0.484249608221545
0.997171524244301,0.495200535832081,768.870049643768,0.0456359317486204,0.501466270032493,0.372014293440841
1.99748106419981,0.485528212754343,769.427440641916,0.557390998148207,0.552732950061657,-0.191713883524036
-0.00331091137385786,0.474162242494737,769.715258122139,0.287817480223339,0.507548707995404,-0.110703086617599
0.550579224955112,0.35013442130782,770.096212691715,0.38095456957592,0.367184648698386,-0.566339135261454
-0.179915600629039,0.298791029269161,770.28889792478,0.192685233064367,0.257871080723501,-0.556249031973098
-1.42152750384187,-0.0668781395032521,770.745359083206,0.456461158426805,-0.0217204171489632,-0.617820530927695
-0.277388494326937,-0.318483450115327,771.131871413552,0.386512330345113,-0.321304258086362,-0.875661896964346
2.60563231268953,-0.569297960153773,771.487642692135,0.355771278582893,-0.551295027776901,-0.363465166782066
0.647057112995905,-0.356212297145602,771.879945197732,0.392302505597627,-0.357515550492728,1.22622459767372
-0.436633944505172,-0.104432338440441,772.051644085755,0.171698888023343,-0.136512742140257,1.32790880166356
1.38199725605839,0.369917675885213,772.606044008565,0.554399922809694,0.416103792595617,0.565540033104281
0.43403449658582,0.491078482582921,772.856957676799,0.250913668234261,0.548080494824915,0.45804756094799
0.897048424161032,0.420910799505134,773.501074910641,0.644117233841484,0.477501843130833,-0.565090582866412
-1.70456912177897,0.216513972887778,773.937584988987,0.436510078345805,0.237176972262465,-0.470090836245567
-0.728629934507332,0.10882459967529,774.21889104089,0.28130605190313,0.0345303470517429,-0.937408499305104
-0.0969277270858655,-0.42651536345457,774.671982854258,0.45309181336836,-0.390971335398167,-0.858571178799778
1.63340872369721,-0.571625637677269,774.917374858544,0.245392004285804,-0.551948159918869,-0.426318673312574
0.093524845881916,-0.573020531004341,775.132458744129,0.215083885585386,-0.556604546882191,0.36972397525056
-0.672057841196647,-0.161235621465681,775.702836745378,0.5703780012484,-0.15485888341615,0.852882305056749
-0.12106033567517,-0.0245060346399972,775.914805465842,0.211968720464483,0.00645849095863074,0.660649266541429
-0.756220238409305,0.201959898219894,776.354645456985,0.43983999114289,0.238269848283928,0.365194151342625
0.320592254634732,0.187993068523781,776.892549823171,0.537904366185671,0.226278737071072,-0.372519782374457
0.0994521711947811,0.137586921729957,776.963156060576,0.0706062374051726,0.200026736564616,-0.370295086005166
0.505530884348113,0.106940630439053,777.160658308179,0.197502247603097,0.12513368848868,-0.381980127235444
-0.918977206227404,0.0597790038260926,777.792494974517,0.631836666337676,-0.0127069936990697,-0.0426352207235988
1.32318337072432,-0.0486591980307215,778.097587711888,0.305092737370956,-0.0633427096740312,-0.278064708663675
-1.38790747145817,-0.050705199178913,778.362562169289,0.264974457401422,-0.0825066519462424,0.126239327084152
-0.318875624166144,-0.146339357518117,778.593099495891,0.230537326601393,-0.0864498503703117,-0.154718284975472
-0.782987469910924,-0.17351812853056,778.996376065392,0.403276569501372,-0.150264941481716,-0.152288466522991
0.882682770710449,-0.190037189752632,779.054088712751,0.0577126473594944,-0.159684100482786,-0.17381149704679
-0.298005498345251,-0.106269269045867,779.213819560509,0.159730847757601,-0.170985397858833,0.0303095305289393
-0.265831023728319,-0.140877538433593,780.059825544881,0.846005984371573,-0.136828785682673,0.0382074270845664
1.12968324007392,-0.161979802844619,780.618417039777,0.558591494896746,-0.117544262858459,0.0272953647643589
-0.406973191387389,-0.0581963097069682,780.879637098658,0.261220058880326,-0.06670498459518,0.350115818455531
0.498312569168396,0.0356397698449732,781.059073354677,0.179436256018903,-0.0115033674766451,0.263150337737624
-0.582246666322546,0.0999292954832806,781.302664603391,0.243591248714665,0.062372677799748,0.335872025596937
-0.799001103102978,0.176181949112459,781.649004201764,0.346339598372651,0.125448019889973,0.029420030206471
-0.0582085047038224,0.10202467791326,781.988211629147,0.339207427383485,0.0777740576736693,-0.295377926129346
0.957722834474405,0.0110084504872877,782.180834161859,0.192622532711653,0.0203602747496634,-0.296950497249967
-0.252906607194917,-0.0521434897084846,782.394158475351,0.213324313492421,-0.0188265331100519,-0.0716666766876717
-0.396094777677572,0.0831515604879344,782.448768204939,0.0546097295872414,-0.023001266881241,-0.0811072075111038
0.596428942766948,-0.0428590085173656,782.723483274236,0.274715069296917,-0.0557614951774131,-0.152707825177592
0.153242308386386,0.0122590270858692,783.284986575037,0.561503300801633,-0.0260201694653955,0.234414842597097
-1.62213512631892,0.00950692692129044,783.443132556822,0.158145981785196,0.0118184237723569,0.242002151618156
0.62169958111848,0.0221069674463664,783.695651203357,0.252518646534554,0.0182100789400938,-0.182929304599119
-0.149336182712646,-0.0244467366092409,783.829040689644,0.133389486287001,-0.000176984743263374,-0.0929458489101532
1.08172639941226,-0.025695396820941,784.271574500033,0.442533810388568,-0.0478485410081533,-0.11458531391441
-0.702158528198494,-0.0276397790092107,784.600244317726,0.328669817693708,-0.0221250082650439,0.257970835918186
0.761479732491506,0.0219098295461621,785.112730198629,0.512485880903,0.00845755562628944,-0.127157673764816
-1.20008609353289,-0.0801983200001058,785.14757538063,0.0348451820009359,0.00451621160743184,-0.0991049035532898
1.57238792579377,-0.188342777183382,785.645211892743,0.497636512113104,-0.168017599768169,-0.545220835137409
-2.11206705392715,-0.228906138779737,785.856111756152,0.210899863409054,-0.233997131592677,-0.0825074981093226
-0.439527710550761,-0.478347978059246,786.319142230101,0.463030473949061,-0.412983092602524,-0.620685718240778
0.419706102248257,-0.502937252989151,786.56136376918,0.242221539078741,-0.527469871526285,-0.306007119873062
1.26482559727936,-0.329866958347522,787.084566845429,0.523203076248592,-0.390001686702619,0.71620897383101
0.792579762533865,-0.112781530566796,787.358632761751,0.274065916322343,-0.132682788906533,1.11560495812614
0.58549020748243,0.406355769908897,787.780316467011,0.421683705259511,0.351146205507167,1.09890419296787
1.16800937335316,0.566198055729607,787.953122976403,0.172806509392444,0.52435491346929,0.884234827968336
-0.321105971457522,0.777177328269286,788.470127538066,0.517004561663384,0.742308192727021,-0.160785095747107
-0.0950152869848657,0.512125040534978,788.825520049023,0.355392510956676,0.490959583891764,-1.10281831936327
0.416613774379285,-0.019905888654505,789.2583569385,0.432836889476903,-0.0222113777602605,-1.15385068961396
-1.38498601517484,-0.092344154168173,789.314010235785,0.0556532972847208,-0.0847693290762775,-1.09346882905649
-2.50244483786367,-0.336008943148212,789.563982852742,0.249972616956939,-0.371209635531805,-1.16286828438911
1.39910988940635,-0.786379407018186,789.891804915234,0.327822062492487,-0.76255398047808,-1.07605608321012
-0.204054095104649,-0.848815346956922,790.210168306718,0.318363391483899,-0.796448118281507,0.832125962534005
0.436687900891736,0.130006220727653,790.938203272158,0.728034965439974,0.126762912154713,1.17202912350029
-1.69994743529486,0.412443073955919,791.27655287687,0.338349604711993,0.48148515259209,0.862318458513973
1.10943554486186,0.659058338484547,791.577307734919,0.300754858048549,0.568422159024236,-0.283165271697454
-1.61064856989716,0.53402946272371,791.677233013951,0.0999252790325045,0.53651151089612,-0.351453371855729
0.466703055444554,0.389406447718048,791.90586013831,0.228627124358809,0.379531774269556,-0.978098389198619
1.50875068468912,-0.161619674552287,792.455925939631,0.55006580132158,-0.0937281857141931,-0.651432715350417
1.34888014027785,-0.241566885394281,792.76732288267,0.311396943038744,-0.197893180502121,-0.0211707068133577
-0.273464241805234,-0.108799050200821,793.121835618733,0.354512736063157,-0.101373160070197,0.535409481600451
0.967195996126252,0.0198424694184847,793.495611809669,0.373776190935359,0.0683192891596992,0.356705619339826
-0.0641064255095814,0.230727414861825,793.891079289233,0.39546747956399,0.24813404878126,0.518822663961973
-0.49364429987351,0.281721875111518,794.629766970435,0.738687681201782,0.34663273745155,-0.247047826915301
-0.680394948044777,0.0712003342051404,795.12783326786,0.498066297425112,0.102813753214938,-0.656030672605262
-2.04565632439093,-0.141757617364067,795.498312579465,0.370479311605095,-0.164993008475805,-0.752356702127508
-1.51990541173026,-0.496070458131763,795.872938103418,0.374625523953569,-0.512246250574407,-1.01080759334638
0.175613724996091,-0.747812755007739,796.240970783936,0.368032680517445,-0.788188518208849,-0.360098190585152
-1.52015145350793,-0.689645261667729,796.666245146958,0.425274363022027,-0.583357094332498,1.12143341858429
-0.631547828680682,-0.122638708748499,797.145433818383,0.479188671424936,-0.134644449508136,0.628553119012428
0.934545060266108,0.0554137976303581,797.531511976552,0.386078158168857,0.0507208994461421,0.317337149600637
0.224324058206834,0.151379047819914,797.673819285051,0.142307308499085,0.102213242666487,0.402754964639702
-0.337197868686893,0.316722740993616,798.338152370257,0.664333085206636,0.2943592859896,0.133137351374102
0.383489710180598,0.297118831390185,798.817234595181,0.479082224924127,0.23911774324683,-0.330667327231007
-1.99744279483843,0.0671547414077239,799.164134430325,0.346899835143972,0.130333821520557,-0.282051758743656
0.216785880716493,0.189285237650802,799.174134430325,0.00999999999999091,0.127407175911226,-0.303239651082534
0.117176988431313,-0.0800763649313446,799.573711421434,0.399576991108688,0.0202435783288642,-0.220955572231591
-1.74596943091665,-0.0708324524097026,799.941895148076,0.368183726641746,-0.0459611203109681,-0.13320792165813
1.30067998896945,-0.294142351547275,800.343861467675,0.40196631959941,-0.213350232886366,-0.656667541718264
-1.56793131050454,-0.265485994562365,800.353861467675,0.00999999999999091,-0.219811557795628,-0.635608653164731
0.764867968229725,-0.421640137405633,800.566272043371,0.212410575695571,-0.368190369453158,-0.742184760857103
-0.347825535537297,-0.489999417478563,800.991666338393,0.425394295022215,-0.476899932095831,0.234302889895642
-0.52665705655274,-0.297543391979514,801.429918361848,0.438252023455107,-0.303374310836836,0.491837147120034
-0.561037220540506,-0.0923069273239079,802.047864042362,0.617945680513799,-0.0520784475396214,0.268273751382294
-0.45237132106239,-0.0954188766854357,802.325777391384,0.277913349022128,-0.000880055648331246,0.0993287315828428
-1.11457567512195,-0.0325115210241154,802.490086194881,0.164308803497079,0.00875432306738409,0.0185238856825292
-0.85906635160735,0.00141156301959067,802.786807110255,0.296720915373953,-0.0330609621192509,-0.288584955253156
-0.730616006985279,-0.00279256696293143,802.809240172752,0.0224330624965887,-0.0396964259147953,-0.3029096713707
0.709792652144129,-0.203157726671973,803.226567923955,0.417327751203857,-0.198316401907444,-0.428140639054049
-1.25500689748241,-0.196363259390845,803.380748346983,0.154180423027583,-0.247974182886271,-0.215238522551627
0.0442416077505303,-0.413086634158867,803.792006731586,0.411258384602547,-0.372684716190774,-0.356687518831355
0.285330547461752,-0.354169706013526,803.939212117167,0.14720538558106,-0.411537687072764,-0.169362100097907
-1.44604715170167,-0.462393062068915,804.181530345838,0.24231822867182,-0.40828732804044,0.188299872587489
1.5290070794676,-0.406373003789118,804.616397292918,0.43486694707974,-0.368129642619399,-0.00869104767502882
-1.95701779959533,-0.212294556704194,804.968274843887,0.35187755096922,-0.229294044649292,0.746862606491013
-0.0160100585407033,-0.0460501702991779,805.26537222873,0.297097384842573,-0.0900336146047789,0.188197454028858
-1.45893865789097,0.0110463995746478,805.621802243765,0.35643001503513,-0.021432222226693,0.188346952201182
0.0314206755981916,0.027242528228706,805.672060745459,0.050258501693861,-0.0138642267821535,0.112993265463775
-0.420215617473789,-0.00277814462224424,805.740721418195,0.0686606727359731,-0.00611199541040426,0.112644638999973
-0.46731458141665,-0.0514116516450332,805.960234518174,0.219513099979054,0.0075278694326784,0.0124664502070961
-0.806723769734779,0.0569958650173055,806.270403498653,0.310168980478579,-0.0107052451487831,-0.12458080425261
0.350465198091679,-0.00665342760142034,806.455968288279,0.185564789626483,-0.0455668127920376,-0.247085262319816
-0.492174093200768,-0.0174513424492511,806.490467262769,0.0344989744896793,-0.0537531253847475,-0.227458992066284
-0.35851735136391,-0.137699103257895,806.95818815949,0.467720896721403,-0.178913330890419,-0.283751529253788
1.03649120106385,-0.14055557030008,806.995289051154,0.0371008916641813,-0.189318590795061,-0.277026293715561
1.22419406632926,-0.310573865383668,807.124309099017,0.129020047862127,-0.211921909085955,-0.0742686165438889
0.688300430210214,-0.166990985431002,807.328145332118,0.20383623310147,-0.192301638629652,0.259327832816575
-0.238655418180297,-0.0341826670555315,807.801537246984,0.473391914866284,0.017859448404576,0.579555927349978
0.374340332083437,0.0999395408136991,807.811537246984,0.00999999999999091,0.0236267261851889,0.573935515449687
-0.778511469270115,0.00586924366512791,807.821537246984,0.00999999999999091,0.0293679885917613,0.574256031790571
-0.484774659822995,0.114131957804578,807.875043239918,0.0535059929337649,0.0584699241049209,0.513296037418022
-1.26846604813899,0.060789099870676,808.0926922058,0.217648965882177,0.148912695280609,0.31427014869163
-0.680092667363677,0.0465680827286311,808.565000837198,0.472308631397823,0.113287095373875,-0.428774201827956
-1.00749505240029,0.0830110480064406,808.575000837198,0.00999999999999091,0.108964622604645,-0.435705761846849
-1.13305114236027,-0.181914377767196,809.042182004678,0.46718116747968,-0.179218836427639,-0.739140824199757
-0.248101334848297,-0.38289397143109,809.204149920368,0.161967915690184,-0.302340942159331,-0.771212331130376
1.27295942769117,-0.543737365062433,809.572550245706,0.368400325338598,-0.508808447511946,-0.305168023245228
-0.46714371321023,-0.487753900382743,809.582550245706,0.00999999999999091,-0.511704996101627,-0.274140960935419
1.12924571417771,-0.563297660513037,809.718982597833,0.136432352126235,-0.53613113971105,-0.082704886165392
0.474460975039641,-0.452183249426727,810.019890475597,0.300907877763962,-0.434771923824788,0.706934273927261
0.0437247667998836,-0.331895320831907,810.21092000297,0.191029527373075,-0.278757987536405,0.903641134780787
-0.246947874879538,0.26002564650239,810.806191269827,0.59527126685748,0.228005651655769,0.697628039535109
-0.0154924186159863,0.247355942327904,810.816191269827,0.00999999999999091,0.234926166233214,0.686447275432347
3.48269738640518,0.509893359087635,811.197776962643,0.381585692815634,0.418737585794152,0.247367191468548
1.09368294064964,0.527480426243871,811.397316579566,0.199539616923175,0.507384452569507,0.619589186945104
0.701816782738122,0.736702995305284,811.811226991036,0.413910411469942,0.65568906326513,0.0414085653914308
1.07355428669583,0.582524327734418,812.260203167412,0.448976176375595,0.502428735196346,-0.612530242676043
-0.139936561028172,0.462553733270414,812.290258945225,0.0300557778139137,0.483918096634358,-0.618687343765
1.54798582841686,0.39593674106408,812.500737511301,0.210478566075153,0.329662553382515,-0.81898331493263
0.592814033238945,0.147472138451244,812.722882398842,0.222144887541731,0.178707496229022,-0.528877548246612
0.199774777548987,-0.0373079414875402,813.131943891195,0.409061492352293,0.0109427234940133,-0.275524548948331
-1.10509768106168,-0.0494456661900593,813.231338831396,0.0993949402012504,-0.0148222377794033,-0.24234819915761
-0.702310941219426,-0.27059854106821,813.888678864371,0.657340032975185,-0.323825941994193,-0.593494976881312
-0.143653498351533,-0.472421958659291,814.191738784519,0.303059920148144,-0.475789013036758,-0.380365960654632
-0.60843232320769,-0.532508305433422,814.550696278934,0.358957494414653,-0.50915058725337,0.18874148514575
-0.862348726685055,-0.425248884039282,814.870059124021,0.319362845087539,-0.409149342055761,0.403687644472887
-0.133857869173476,-0.277807086108088,815.123534459756,0.253475335734834,-0.308326606012797,0.37564102052068
2.51766041781696,-0.183791194001312,815.340985284912,0.217450825155652,-0.218709663737197,0.437561774598433
-0.0901120276735641,-0.105749334946282,815.495573582215,0.154588297303576,-0.119434962200244,0.83538545836183
1.89645329547077,5.77494216306464e-06,815.661528932217,0.165955350001241,0.0144117029555505,0.771027259111694
-0.245627188292153,0.293093822852258,815.996102327707,0.334573395489883,0.33934962684954,1.11571109793345
0.0702319111556323,0.523813725507634,816.516246944287,0.520144616580069,0.618699552741577,-0.134232929695667
-0.295453052397965,0.561031821817551,816.526246944287,0.00999999999999091,0.617243391078366,-0.156963037640704
0.954270147971883,0.519640984784733,816.800513181512,0.274266237225788,0.487565874916817,-0.735078623444135
0.99340747271586,0.267732862271149,817.053237497519,0.252724316006947,0.304146974140186,-0.683646374133168
0.228541477487573,0.373777250359883,817.09436328554,0.0411257880207359,0.276550093518666,-0.657902785015815
2.28550809909008,0.209033248975436,817.148453022463,0.0540897369224922,0.240871476065462,-0.660375878754396
2.09221124684543,0.116887926881939,817.432127196509,0.283674174046155,0.137780225793871,-0.0683068305816578
-0.214957398957926,0.0478340955551736,817.673960130246,0.24183293373676,0.172680880908848,0.345269702464953
1.30101963123499,0.311903956010185,817.897374059575,0.223413929329126,0.2301869242295,0.167227948357041
0.871331384870655,0.246728553150794,818.289294739615,0.391920680040471,0.339328910073219,0.360334384825567
-1.23903086809877,0.490899038835609,818.644530414893,0.355235675277413,0.446730669717831,0.220575604957673
-0.119320018283377,0.359044532813138,818.901267012123,0.256736597230542,0.417739191069886,-0.426304391990044
0.808547279676422,0.242002572343905,819.071251315828,0.169984303705064,0.331380525522626,-0.577516589997372
1.43662250330238,0.239066108190752,819.20375097374,0.13249965791158,0.257776728132392,-0.528611237727164
-0.569850368622702,0.187079799080485,819.472071253521,0.268320279781278,0.157745500208551,-0.212331209932087
-0.957175265570642,0.0202146232861753,819.693186111242,0.221114857720863,0.0929998610264732,-0.365117691988801
-1.54980297616652,-0.088096357036293,819.909558716608,0.216372605366587,-0.0063738362342373,-0.542892824680611
-0.467975262168407,-0.254215133468698,820.151204965941,0.241646249332803,-0.17019442451007,-0.793813075127563
-0.964439500826749,-0.242567631030914,820.26140138106,0.110196415119162,-0.255475616685461,-0.750224853029428
-0.00364591634544033,-0.319038630513017,820.399779141051,0.138377759990135,-0.358207560934006,-0.726724406649997
-0.452812760969788,-0.463673867872237,820.521496033774,0.121716892723157,-0.436340847563518,-0.551938299011933
0.865706563829755,-0.530328516418815,820.835365960793,0.313869927018914,-0.545623920980462,-0.122797101263405
0.182408055858771,-0.304354794513829,821.365874221021,0.530508260228316,-0.275224898260171,0.970339330387643
0.602600574680171,0.274285150507745,822.000021870424,0.634147649403076,0.310997327475514,0.74787057015937
-1.17236290394662,0.429501380596198,822.414450656828,0.414428786404073,0.545772098549613,0.319412699546603
-0.34497924380996,0.586723207853998,822.424450656828,0.00999999999999091,0.548804318861892,0.287024782104372
-0.182795987562685,0.55723075531661,822.479043100739,0.0545924439110195,0.560865427918763,0.154723095803539
-0.801049038616352,0.527219099710704,822.844308272333,0.365265171594388,0.477447232326188,-0.556994903454885
-0.160836544513241,0.346259692095978,823.0103697773,0.166061504966365,0.360230563756491,-0.835646267413761
0.288906377053196,-0.0663431099002176,823.448971182319,0.438601405019199,-0.0321257749225604,-0.879158126184415
0.000389299235123851,-0.328421380863623,823.79677266786,0.347801485541254,-0.280838033599707,-0.525923424148468
1.27406794688753,-0.326348498508444,824.259996448433,0.463223780572321,-0.408687579649167,-0.00734051298355338
-0.713485798703582,-0.199086841779336,824.599944875086,0.339948426653223,-0.283102271313395,0.697707003713603
-0.295249719710497,0.0210046641396529,825.172771340366,0.572826465280286,0.0116715608680313,0.286430410669735
-0.116611775970577,-0.0444706017652692,825.264777517108,0.0920061767419611,0.0360293422842324,0.242632811475404
0.690706648435724,0.1174789650831,825.817494433837,0.552716916729082,0.116259869417012,0.0414242072592892
0.415408123199225,0.184164901193324,826.049374628857,0.231880195019812,0.136687292000876,0.131255599113908
-1.54892711973812,0.230715794393163,826.635399882561,0.586025253703838,0.21355102112694,0.113191179235182
-1.21473909918686,0.308735243046902,826.675218209187,0.0398183266262322,0.21641649707558,0.0309563582702406
0.369030927977066,0.0549844174047814,827.112523919662,0.437305710474561,0.0823812884084911,-0.597000773286326
0.380387806598952,0.00183150086796294,827.230106290433,0.117582370771743,0.0158947143794517,-0.5318721667677
0.466679392103076,-0.1598081657975,827.287069201086,0.0569629106528282,-0.0133828127227343,-0.495682575218225
-0.0573721563355636,-0.0111821322794438,827.468211443796,0.181142242709598,-0.0904677661674943,-0.352811955044437
1.49293023288386,-0.0269592382007653,827.636890242847,0.168678799051463,-0.145203315051917,-0.29360363656447
0.714740034457242,-0.0930284746975669,827.861125265314,0.22423502246636,-0.163111002254157,0.127572725404796
-2.23967393537033,-0.0104427420832929,828.306162503075,0.445037237761653,-0.0216519538635372,0.472323387593836
-2.61207895706451,0.0781043965016349,828.568971631458,0.262809128383196,0.0202016317619248,-0.143943758966255
-1.03182337931613,-0.281978689793699,829.031253519787,0.462281888328107,-0.288270705081663,-1.09893439596157
0.818441995375741,-0.769893214855318,829.548048204635,0.516794684848605,-0.72664908692718,-0.384223658510248
0.214228805715432,-0.74898431900757,829.740593300551,0.192545095915989,-0.719932345998836,0.438441990728755
-0.218423154753492,-0.299790086768736,830.234167892748,0.493574592197092,-0.243454808708452,1.22110282526371
0.723436223472963,-0.194784749667771,830.266369008132,0.0322011153841686,-0.204292381397149,1.21075354859079
1.6847256482862,-0.186802002273691,830.322662108722,0.0562931005894143,-0.135332348299026,1.23758549296685
-0.0926785518736866,-0.164043090054245,830.332662108722,0.00999999999999091,-0.122889619234128,1.25087488561323
3.10450511267252,0.168858184505008,830.584244138799,0.251582030077429,0.171239703830353,1.06563374424248
0.321351553770422,0.964636657110739,831.146297674575,0.562053535775931,0.932353323951423,1.12029905602539
0.591570737793346,0.72697994268463,831.581412124338,0.435114449763205,0.797405004044049,-1.48306546513027
-0.880679554664953,0.339472815742688,831.875810543666,0.294398419327536,0.304813549609222,-1.69307222683229
0.148864092259474,-0.13565054608167,832.092030901485,0.216220357819338,-0.0712190113848935,-1.75265121366181
0.595134537512956,-0.629369296510083,832.539662295637,0.447631394152154,-0.676997504930091,-0.777679021336842
-0.773196570498793,-0.670994034839917,832.717958309451,0.17829601381311,-0.750461055037417,-0.036024441258562
-0.131561835751616,-0.545724709774993,832.902519443304,0.184561133853663,-0.710860399404913,0.445318440113016
0.936600233351263,-0.154868916026212,833.541644392661,0.63912494935721,-0.118248215143771,1.04523583134632
-0.0389554498860205,0.0593267563243409,833.629896056293,0.0882516636312403,-0.0237330874252842,1.09346006855373
0.820982300530414,0.497015814857976,834.170806911643,0.540910855350376,0.439113264643061,0.520733030392269
0.500194957252298,0.563166540967122,834.355669678368,0.184862766724677,0.520519592734412,0.348854516484408
-0.271678941223569,0.53674652437461,834.365669678368,0.00999999999999091,0.523936888968821,0.334571386720805
0.719035560018462,0.405454916645326,834.945257138971,0.57958746060342,0.376635610944544,-0.708511392838827
-0.824165572077493,0.0484322805246529,835.522925078654,0.577667939683124,0.0403323169049437,-0.384306600704938
-0.847798757473526,0.127269415204035,835.532925078654,0.00999999999999091,0.0364537995362071,-0.391400917342627
-1.31679940429879,-0.381317467857283,836.144944017011,0.612018938357096,-0.290510903331507,-0.588814733538649
-0.524095395414798,-0.438227420186655,836.193058163341,0.0481141463300219,-0.319171015016564,-0.60168780689564
0.428893652946391,-0.325601241639825,836.336044400507,0.142986237165928,-0.398403493137877,-0.500302764266517
-0.703771507416153,-0.511814813415865,836.473622937056,0.13757853654829,-0.449806721968502,-0.244325418942422
-0.775430456845406,-0.429437819795209,836.855498089477,0.381875152421117,-0.482513552776296,0.0739119243037266
0.215294068788688,-0.36251399182655,837.064803472416,0.209305382938965,-0.452808780017424,0.202162542138904
-0.545837985218609,-0.46154385163267,837.145228497553,0.0804250251375151,-0.431913939876847,0.315306872114012
-0.8410596482885,-0.310993410538568,837.49156794454,0.346339446987145,-0.301142839884549,0.40642636561008
-0.834454898341319,-0.218182452667493,837.839865761163,0.348297816623131,-0.184882063963603,0.246449501929115
-1.29819698402268,-0.194252031590633,837.960448144764,0.120582383600663,-0.159291299848554,0.17743517015323
0.590182260063608,-0.163363025178834,838.296312236704,0.33586409193947,-0.156921326756368,-0.154275591489455
-2.36356855526072,-0.0040133906872986,838.803936115056,0.507623878352547,-0.115100181478628,0.291500309873887
-0.0478385919143145,-0.341980474977896,839.39978723669,0.595851121633586,-0.304400055667403,-0.822298729629195
0.0789171810848033,-0.342929708699092,839.4782813739,0.0784941372099865,-0.365334957212569,-0.727974343763701
0.819832055762665,-0.515883985448858,839.899597928483,0.421316554583086,-0.523864605771938,0.00764103069206719
0.357228626465308,-0.416317283159096,840.181956159731,0.282358231248509,-0.427294957532475,0.636081888542979
0.320185973623151,-0.297752955155068,840.416273222966,0.234317063235153,-0.250532326554148,0.84245383463623
1.43210208725102,0.175601236955565,840.868856691836,0.452583468869307,0.145309158430609,0.842023749932485
-1.67081076834693,0.533432035671446,841.183965898619,0.31510920678295,0.431667659477426,0.923375064406299
-0.941411229615719,0.619282896182405,841.338337898201,0.154371999582395,0.532289050304764,0.372922344203636
-1.06909891154952,0.527870920381968,841.458043304871,0.119705406669937,0.555723998208696,0.0191284571337457
-0.53599945161591,0.523114881308471,841.530082499803,0.0720391949320174,0.549300964121762,-0.195643384745333
-1.27151562684907,0.433683972861555,841.658184151108,0.128101651304974,0.505829329744071,-0.474330281633016
1.07216865551466,0.307088722387304,841.873809400782,0.215625249674076,0.348415965242137,-0.949738252189238
0.0352336158653565,-0.11699757961452,842.534523406217,0.660714005435125,-0.0524477781257626,-0.201281224238246
-0.00415914215733546,-0.022070698813179,842.805563134774,0.271039728556502,-0.097302425856964,-0.127143327220238
0.313919107986253,-0.0954063914494738,843.075855941498,0.270292806724456,-0.121880057896931,-0.0539510292289749
-0.666787079685277,-0.0448559265550506,843.417525856204,0.341669914706245,-0.107489996571713,0.131050189347142
-1.83074289183659,-0.0914797766341981,843.427525856204,0.00999999999999091,-0.106205066107981,0.12593592376097
-0.271970534505666,-0.110918067416198,843.57479536426,0.14726950805607,-0.105460981966441,-0.112935777759019
-0.0931582452764074,-0.193922959132084,843.802341495993,0.227546131732311,-0.130658350034221,-0.106538336372049
-0.428547936264505,-0.191566464857625,844.514977174326,0.712635678332731,-0.145975445398937,0.0577024247947997
2.76152374135822,-0.162604034179042,844.524977174325,0.00999999999999091,-0.145405929056208,0.0562022417993176
-0.0250972992996125,0.174478141153284,845.033478480878,0.508501306552262,0.226396287690043,1.28597762652763
-0.497173074179015,0.495847570526663,845.334438662071,0.300960181193318,0.544375270113025,0.769484229364677
1.80799749516322,0.608203203932595,845.460785118968,0.126346456896727,0.618366055140132,0.394590570658893
-0.0615203751144658,0.692023993804064,845.61167782668,0.150892707712501,0.667310431283362,0.245870385326278
0.968588627072266,0.555317538852816,845.985045595992,0.373367769311244,0.564037025893717,-0.715395442798052
0.157080919430833,0.513253480611641,845.995045595992,0.00999999999999091,0.556848830451026,-0.722152997010036
-0.920050660433469,0.570569778683256,846.005045595992,0.00999999999999091,0.549555274202162,-0.73648417218193
1.531725737959,0.56282785441246,846.081774760882,0.0767291648901391,0.486202287387567,-0.908865837719012
-0.21792810104468,0.584075807990531,846.091774760882,0.00999999999999091,0.477136126240719,-0.904262421598188
0.375921232161411,0.519915513117195,846.101774760882,0.00999999999999091,0.468031479086661,-0.916547240188661
-1.7098623026764,0.078504371450062,846.527730561376,0.425955800494535,0.0729419750833968,-0.850603267386774
1.74348036272014,-0.518294592394869,846.974775320588,0.447044759212304,-0.410349338044335,-1.20480326942848
0.582346448582979,-0.667883898748506,847.309089428946,0.334314108357148,-0.598447525359268,0.107815388528509
1.84269886046195,-0.695347319297239,847.471704593817,0.16261516487134,-0.546017130255954,0.521450375394885
-0.163829908855612,-0.564828717464834,847.541777720603,0.0700731267858146,-0.501221776128701,0.752506107632864
0.234581986248687,-0.566260661894713,847.551777720603,0.00999999999999091,-0.493642941639744,0.763243708210777
-1.34677144982469,-0.332311501306552,847.724292227632,0.172514507029518,-0.344650401155113,0.941326038118248
-0.034144052106101,-0.0353861026524034,848.073488634771,0.349196407138493,-0.0872944221763479,0.504933954025439
-0.883712229734656,0.0325413770452284,848.256893034694,0.183404399923575,0.00250386164700146,0.469246241894602
-0.260627910709365,0.107448914749511,848.756745931685,0.499852896990888,0.0948059324214753,-0.0921751949335865
-0.809055713745472,0.0932328807988377,849.03915189979,0.282405968104968,0.0541429548011495,-0.189491872844438
0.0450092707114922,0.0596891719732842,849.246453540643,0.20730164085262,-0.00155888446862587,-0.341368348727839
1.01320077332336,-0.108435709145,849.454542172607,0.208088631963847,-0.067049703346972,-0.284479257036707
0.915817542824106,-0.0886769229710317,849.814205324821,0.359663152214694,-0.0880299476044842,0.157129577360366
-1.03836803007203,0.136017038608097,850.427286354592,0.613081029770456,0.15963492040662,0.576200625205541
0.345799421274829,0.127084413966109,850.832771255101,0.40548490050935,0.254117909852029,-0.104454949785761
-3.53496616303102,0.234608248213972,851.290537982377,0.457766727275384,0.192895514559686,-0.148330307825314
-0.286609014181166,0.247276205224025,851.300537982377,0.00999999999999091,0.191218540614015,-0.187031709090603
0.377510921647759,-0.0700660518503458,851.911955113689,0.611417131312805,-0.00450689729094659,-0.398222634371766
0.0807496550105285,-0.115546302004055,852.291482271724,0.379527158034421,-0.110040262483947,-0.151916646505643
1.93075384441408,-0.0885747804416203,852.744949523889,0.453467252164955,-0.138826522686008,0.0231687604237564
1.34027327576379,-0.0992242305697083,852.754949523889,0.00999999999999091,-0.138484519924711,0.0452114682577585
1.20712340214408,0.167546584422949,853.282847563283,0.527898039394131,0.078891658882342,0.708665748026802
-0.448349164027066,0.0266759514063839,853.313436899781,0.0305893364979966,0.100884497597101,0.728983897168769
-1.16198699065316,0.363336363615288,853.919585302272,0.606148402491158,0.324937416165569,-0.0170737221857612
0.188299646081545,0.21642472873088,854.099946952178,0.180361649906104,0.29103212051486,-0.350342270047048
0.271625262671864,0.22196981447678,854.52901493071,0.429067978532203,0.125217516768696,-0.389231779919128
-0.293294923493996,0.202128990006759,854.605157144104,0.0761422133937231,0.0962304066645956,-0.37144596573741
1.1623796926377,-0.102914946734022,854.949454478153,0.344297334049315,-0.0434207382198,-0.422026240461043
-0.138941372292406,0.0141517982553366,855.075677543513,0.126223065359682,-0.0850416859191432,-0.23759007905381
0.659272279762871,-0.0743655500543505,855.113003496125,0.0373259526121501,-0.0937995810631096,-0.231581636847025
2.58743037700453,-0.0655309344568119,855.663295818529,0.550292322403948,-0.0818163651348359,0.250184259664793
-0.0475663027712003,0.362202563146264,856.166964975015,0.503669156486012,0.328045170022737,1.25508545676441
0.253255403985838,0.563735282064343,856.38330465913,0.216339684114814,0.557291088114425,0.830100203004513
-0.939101595976808,0.689966125918886,856.525703169715,0.142398510585281,0.651766102720487,0.484045442153088
0.37148640530723,0.767635830323494,856.741854483375,0.216151313659338,0.665354874939419,-0.347424722039769
-0.0285011103322734,0.529588680159547,857.001229843221,0.259375359846899,0.51322125338444,-0.767907769059018
0.5987320505977,0.26496404401761,857.24375035008,0.242520506858796,0.298973335218921,-0.955679659596947
0.580168904524677,0.265494638550389,857.25375035008,0.00999999999999091,0.289434321611085,-0.952078544700335
-0.808065970446832,0.125770490120939,857.401474947197,0.147724597116508,0.154055289701215,-0.872600407616009
-0.221872043332525,-0.153343148621437,857.738325583599,0.336850636402687,-0.165317022740524,-0.983191808359875
0.53045929019364,-0.248967082796568,857.847131093815,0.108805510215348,-0.268154169872959,-0.9027006937102
-1.43430105665333,-0.247775696320636,857.857131093815,0.00999999999999091,-0.277100148645879,-0.886464121483784
0.142172806073725,-0.377770883769716,857.949585549099,0.09245445528461,-0.3600609594267,-0.903480891174684
-0.348687267355701,-0.572571364528343,858.283331631702,0.333746082602261,-0.55899875645882,-0.247407649339136
-0.176460827879179,-0.509037969638985,858.501405402328,0.218073770626688,-0.570723033447188,0.13578609965881
-0.111316456826752,-0.594610736408485,858.5847677898,0.0833623874715386,-0.553256954636011,0.280611892919718
-1.63233380029971,-0.198452434683184,859.214000038915,0.629232249115375,-0.172096939974834,0.732481683094361
-0.444930150619482,-0.0504286976453983,859.783756065722,0.569756026806658,-0.0268818337802702,-0.206411249079675
0.980397603008424,-0.045936853232652,860.144882731318,0.361126665595975,-0.115608615546051,-0.271829999338161
-1.86107457918102,-0.150980692252811,860.354498444787,0.209615713469134,-0.143156337791337,0.00629665200131318
0.750812561651629,-0.165299922028853,860.713664229063,0.359165784275774,-0.233664474756351,-0.481958615920262
1.82812076858527,-0.361350585412623,861.159092171658,0.445427942595643,-0.294863655337867,0.196084457898101
-0.399477512108071,-0.281187487547835,861.379214635213,0.220122463554276,-0.196276832156425,0.680044402395718
0.686961659955645,-0.113328858463924,861.439028094154,0.0598134589413348,-0.156207384662091,0.65888154586561
-2.07248097424438,0.0379390358005619,861.766526765749,0.327498671595208,0.0859674608734517,0.789091084645694
0.990989382504984,0.0591273245289818,862.413761383321,0.647234617571598,0.0642878132079635,-0.76428226825874
-1.50656073417401,-0.0793243958286778,862.614517849486,0.200756466165217,-0.063050408000403,-0.500145090155717
0.317148293101872,-0.144390742851853,862.767560625973,0.153042776487382,-0.151816224521759,-0.652976129325235
-0.369299219289352,-0.236525094832158,862.896564621189,0.129003995215726,-0.227661374135692,-0.520156928509398
-0.248739146661975,-0.414349847575621,863.594315670795,0.697751049605472,-0.429808518637217,0.00189923804508521
1.52564136520166,-0.431858246940075,863.889192288252,0.294876617457362,-0.388957911966709,0.259542036866876
1.74404108181093,-0.352114813952831,863.919896372765,0.0307040845133315,-0.379837190938897,0.334180156416357
0.522951615509738,-0.220274842205077,864.156013524136,0.236117151371104,-0.234857057454661,0.863380935902618
-0.148137814930747,0.201930603064631,864.736324738099,0.580311213962887,0.297893520717833,0.856633424878782
-0.287218784094582,0.540949965706786,865.244008946045,0.507684207945772,0.5219544556862,-0.0290045410331224
0.135182426603109,0.501066509077414,865.539456359369,0.295447413323927,0.433237523527085,-0.534537599540404
-1.96319665262611,0.122802633546908,866.025308303252,0.485851943883404,0.121901105711038,-0.65918044985217
-0.345427449997243,-0.240311824705189,866.399426474854,0.374118171601367,-0.234596265447986,-1.18243611890529
2.1132103869381,-0.450282704084537,866.513386268075,0.11395979322117,-0.363508883762197,-1.07272004084092
-1.33384342001718,-0.425143508454386,866.992528041258,0.479141773182619,-0.443379803999928,0.698260820313603
1.43091672017056,-0.452099345274832,867.006252676686,0.0137246354281615,-0.433831904808172,0.693000367053012
1.27950577723772,0.21862752553845,867.568164624279,0.561911947593558,0.204926134123666,1.39119448004568
0.306453719608058,0.65445933957803,867.989886123372,0.421721499092882,0.737990313023421,0.935765118788603
-0.288014942593484,0.774825963436892,868.405459813073,0.415573689700409,0.768352689887421,-0.751728523991302
0.511872148490114,0.582830240496338,868.527648519758,0.122188706685051,0.651943230575758,-1.12687079038699
2.25961582851371,0.328492274463223,868.781519505605,0.253870985847698,0.338164476916039,-1.26510647913852
-0.189349910173593,0.0678029152348105,869.171841851673,0.390322346067933,0.0181178587959369,-0.353349072748489
1.84733246450053,-0.228191058240941,869.937893419748,0.766051568074886,-0.216959544609381,-0.202664169432923
0.482302011277638,-0.18501260952801,870.152474523996,0.214581104248282,-0.206049704335366,0.294374590739939
-0.0442543479074401,-0.235982934306497,870.259064175391,0.106589651394529,-0.170419391444778,0.371868564051294
1.55669133758826,0.0291383259128651,870.801467175562,0.542403000171134,0.0285419829692751,0.325756442239295
-0.723873188880276,0.0812992271249448,870.862600728757,0.0611335531953046,0.0509023461861837,0.404882500461518
-0.0408799317753279,-0.00668150701673958,870.872600728757,0.00999999999999091,0.0548996299361859,0.394580653373459
0.180543319392138,0.131744426392844,871.335948187994,0.463347459236161,0.191353819528359,0.178855989949709
0.0899448092494069,0.275723211025539,871.610284029979,0.274335841985135,0.227324130104129,0.0812191607543015
1.32506298265862,0.272863317482667,871.885355884375,0.275071854396515,0.232424556957027,-0.0419491855733384
0.590086110789032,0.255898643172316,872.324161849214,0.43880596483848,0.285630545141207,0.261531877188565
-0.226158207510217,0.350469362233745,872.435665544396,0.111503695181909,0.313207334522168,0.231665317784945
-1.05405774254591,0.341220873023118,872.445665544396,0.00999999999999091,0.315467964679582,0.220432395932934
-0.736724802849086,0.108735329093633,873.006341925278,0.560676380882569,0.162614140236079,-0.677829358543843
0.915311243786849,-0.149102226411429,873.359618398868,0.353276473590086,-0.109469090686603,-0.824892479117412
1.18858995019047,-0.335994462645153,873.797573611617,0.437955212748989,-0.310835454251432,-0.0806986024350842
1.59146491205135,-0.103399860278166,874.32858167286,0.531008061242233,-0.107330925856868,0.757484403351614
-0.536817152361665,0.250627357053178,874.64813010017,0.319548427310906,0.194866563572397,1.09118402747797
-0.79541399849432,0.383098847853492,874.901583117598,0.253453017427546,0.41712896851071,0.639312375951217
1.28686926864715,0.454256860027515,874.918045718043,0.0164626004453794,0.427339070996563,0.601026983961103
-0.519641332354065,0.585126624966936,875.115832453131,0.19778673508722,0.537563398504619,0.495184887421094
1.24201031983017,0.509781453737131,875.21289255802,0.0970601048896924,0.57306601292221,0.234660530447617
-3.04286799483482,0.596526254389024,875.22289255802,0.00999999999999091,0.575364312791539,0.224973173328409
0.229271874135407,0.325276642614774,875.597808006824,0.374915448803563,0.324957432508772,-1.4204768252773
0.58503422370606,-0.374229300362212,876.265812928852,0.668004922028217,-0.444934551536773,-0.701755636873995
-0.0400026527357415,-0.425041516518381,876.795139583329,0.529326654477359,-0.476709170331939,0.540145275072876
-1.15232490002643,-0.524359810927155,876.805139583329,0.00999999999999091,-0.471249026540927,0.55181449914896
-0.228809043609844,-0.228135495897593,877.441443892766,0.636304309436582,-0.201588301885618,0.208773547397443
0.485548257072117,-0.210026261950957,877.551076770547,0.109632877780541,-0.17816302158993,0.217414199859287
-0.308148627393522,-0.00280050495887343,877.978690896386,0.427614125839455,-0.0286220418847996,0.450106709654379
0.766879286213535,0.0608839939333837,878.122326093551,0.143635197165054,0.0308162614145804,0.375572526272811
0.709318654328628,0.246951450384355,878.612201691816,0.489875598265144,0.255270765904707,0.492750939866535
0.391688538442026,0.405624794947483,878.926169767781,0.313968075964794,0.396098862330083,0.380407512194528
-0.0964093640651924,0.45622772309418,879.221447429944,0.295277662162562,0.465097792661735,0.0779233671169437
-0.666351815109006,0.418402528215713,879.496513410961,0.275065981017633,0.430298125085379,-0.313732120348084
-0.657020553785345,0.395696340847796,879.714371758334,0.217858347372612,0.32450312760089,-0.635462708501886
1.90220549184011,0.216479971526727,879.894032179988,0.179660421654035,0.194305191481434,-0.799613875194728
-1.39902928146206,0.0987206742344394,880.139645525978,0.24561334599025,0.0561375631649046,-0.32263929714086
-0.970252536216049,-0.155023637073773,880.540445051522,0.400799525544244,-0.165517906217614,-0.738578547700064
-0.481793047935925,-0.201466228044057,880.550445051522,0.00999999999999091,-0.172915770038966,-0.740945085195126
1.13980298369309,-0.287501231017432,880.744190353299,0.193745301776403,-0.30945686368884,-0.657117810279123
-0.531966299569862,-0.457254579602936,881.121328347524,0.37713799422545,-0.393629996382672,0.204700307850235
-1.02078755892289,-0.266387360395224,881.421595104721,0.300266757196709,-0.316706154827146,0.290373496154476
-1.01398979787974,-0.262156595328193,882.076134794988,0.654539690267143,-0.228642518878264,-0.0326218570326768
0.742614752523926,-0.156758789396295,882.25751107532,0.181376280332074,-0.242084430176359,-0.11322744148065
0.914365693697969,-0.230969579393014,882.436109932782,0.178598857461566,-0.241193252948739,0.119656827229892
-0.417908599299944,0.0250339709993389,883.081864002168,0.64575406938593,0.0668351681970292,0.725384546389791
0.99744746125911,0.306644224707529,883.609743797925,0.52787979575703,0.301090311386038,0.133617968584486
-0.0702354822058908,0.388387675879126,884.058925439367,0.449181641442919,0.371571872246218,0.159468414954373
0.94822369389149,0.402607991066294,884.068925439367,0.00999999999999091,0.373109057940732,0.147968668636387
-0.658504572891927,0.471566724649797,884.305437797395,0.236512358027767,0.403321717875067,0.103304285615647
2.12108890423832,0.206206227016024,884.702804999376,0.397367201980728,0.310996967103789,-0.521793100306411
0.600278523210783,0.176670670789637,885.181318098093,0.478513098716576,0.249313890260209,0.247671801092105
-0.0235966127230672,0.182232044949397,885.404378452091,0.223060353998562,0.300856513912668,0.20915323476801
0.240280911199068,0.238286929582801,885.757912740948,0.353534288857077,0.320538883853324,-0.0928673136490485
-0.944251280317201,0.238479992265668,886.159630114714,0.40171737376545,0.248905205190424,-0.242973282327072
-1.25090517773473,-0.0398327513269619,886.59579285358,0.43616273886596,0.0322888917079156,-0.696021881082201
-1.50166086082486,-0.288918378039889,886.937752573177,0.341959719597639,-0.249085982674578,-0.907709122601269
-2.9136043119317,-0.427607716828707,887.22950663669,0.291754063512826,-0.519895568205622,-0.892406518507759
0.208455413651334,-0.831347985511674,887.600054154159,0.370547517469049,-0.841477580343866,-0.665370208948345
1.95615358277953,-0.646023304245696,888.093299559717,0.493245405557445,-0.578906330170686,1.39300580393425
-0.881861962004142,-0.0881319991352671,888.364426802368,0.27112724265146,-0.109532928793874,1.97058054733587
-0.0312450613449958,0.476400484288065,888.722781353505,0.358354551136472,0.467612099571808,1.17670417677508
-0.859786454960823,0.773674935607146,889.218405713015,0.49562435951043,0.706038742442865,-0.310363151410908
-0.417809127349956,0.663755016728994,889.315054452341,0.0966487393257012,0.658778395952227,-0.657891270276436
0.577641585811902,0.463599132196385,889.574809225697,0.259754773356008,0.413484637312432,-1.150943011191
0.637147891383197,0.185464944531798,889.876785730442,0.301976504745539,0.0831667914727816,-0.991004960616694
1.42291723970211,-0.0383890386174983,890.094388510607,0.217602780164952,-0.107288910243283,-0.749793677768587
-1.60072177196293,-0.252181540176652,890.362433322149,0.268044811542154,-0.234461477530461,-0.197332240794067
0.502030428897183,-0.374749962061589,890.71213334853,0.349700026380219,-0.353690220476482,-0.454093268875486
1.19397183846484,-0.433814524706686,891.108496587365,0.396363238835306,-0.400038569441503,0.211061030451574
-0.472361527569125,-0.329224787890641,891.31949852688,0.211001939514745,-0.310078270032237,0.621798575229799
0.956724531411701,-0.24724011599676,891.342637191607,0.0231386647277532,-0.295698987741596,0.62090466934332
-0.712713250930042,0.0783410999750608,891.690951152007,0.348313960399537,-0.0149452915956924,0.941773177396307
0.860637625373428,0.211019974773574,892.023033333254,0.332082181247188,0.227362141304605,0.499713254368654
-0.661793240151244,0.412176709248115,892.273929956624,0.250896623370068,0.351817435321047,0.475796672292272
-1.06509457848062,0.236656486713212,892.881023449524,0.607093492900162,0.309358292429971,-0.54393475220672
0.449264409170258,0.112978098900324,893.176667867152,0.2956444176275,0.0917545194580873,-0.890813821344552
1.8604230399923,-0.160111308458576,893.465734018388,0.289066151236511,-0.130952719026737,-0.63422425069795
0.258708423764873,-0.0478541586037882,894.133451669002,0.667717650613326,-0.0391562060133642,0.802686038245708
1.95035195977884,0.155118743982599,894.318275683138,0.184824014136666,0.106492724463501,0.764843221284163
2.20815650074514,0.341673676133225,894.527923487348,0.209647804209453,0.29253824664551,0.989053669669649
-0.0612442881489529,0.842037604467356,895.027444271274,0.499520783926528,0.801109604725908,0.760755457679356
0.375294127464366,0.68849193385535,895.46773884041,0.440294569136086,0.68289161178438,-1.12157431523573
2.26351416002516,0.0773224609063465,895.930193835814,0.462454995403277,0.0899675169282041,-1.22941265653743
-0.501649281227981,-0.200727121011858,896.285354630635,0.355160794821813,-0.17194629251477,-0.242160649363728
0.562335757764934,-0.345599873323644,897.07541628885,0.790061658214427,-0.320675133446042,-0.0851688423311125
0.179192682349298,-0.434670923729303,897.240312057161,0.164895768311339,-0.315979088654136,0.138582865729665
0.134846149340702,-0.204115999940872,897.722291080932,0.481979023770577,-0.165885689351129,0.436226026303904
-1.42526071150839,0.00462155115682056,897.963159997513,0.240868916581007,-0.0555782368170173,0.469268269145817
0.0848752505736566,-0.0173309053756993,898.07255016738,0.109390169867652,-0.0135262599439227,0.299582150351224
0.142555719518467,0.027507456052303,898.228395730781,0.155845563401044,0.0323451522832586,0.286878875885636
-0.337212630718111,0.153220858525683,898.977538455723,0.749142724941066,0.195772845882826,0.114036441801707
1.13706184895321,0.185470796657648,899.203105192528,0.225566736805945,0.200989533644096,-0.0649153756082459
-2.05124768849815,0.285849279811259,899.678642424985,0.47553723245619,0.245316774783865,0.229845575364407
-0.503800744270285,0.323819586683749,899.81778160799,0.139139183005454,0.251292549606525,-0.140058487006986
0.698063629771832,0.142655547633456,900.229720118635,0.411938510645314,0.120249499519439,-0.461684117535637
1.53538325366066,0.0995962958692396,900.591620230494,0.361900111858859,0.00145881845493172,-0.188313442219889
0.209058052131502,0.0324689836923656,900.97146856984,0.379848339345813,0.04083194775672,0.372641305432351
0.725777678662179,0.179323107055322,901.387315417772,0.415846847931448,0.182376362904206,0.289251737519625
0.221660446184445,0.275825950744396,901.50844178931,0.12112637153848,0.218531332986618,0.305658148643314
0.207864209924019,0.262738332079424,901.589380342964,0.080938553654164,0.241837537573059,0.269414223597768
0.546532799199465,0.364158538466383,901.975389147859,0.386008804894459,0.306102038100964,0.0573378640117731
-1.29697814221978,0.338198588809398,902.284241340257,0.308852192398376,0.312406638735312,-0.0157350475615107
-0.390551064665914,0.193773806686752,902.647811296668,0.363569956411197,0.182867981479577,-0.653379780363411
-0.03966891777107,-0.183802566381079,903.227176337458,0.57936504078998,-0.220184138950041,-0.654131652768956
-0.880980923800761,-0.333147231961997,903.447002536805,0.219826199346699,-0.342670376979684,-0.449554923256001
0.906661114465229,-0.468690767631636,903.701861976574,0.254859439768779,-0.445412428903723,-0.339967147201257
0.0999356623292797,-0.258846461628724,904.211648109313,0.509786132738896,-0.326500022682834,0.712777668723427
-1.12304633562369,-0.250854729877631,904.394401086147,0.182752976834649,-0.189399107989049,0.774018752976249
-1.15307961386619,0.0282698065497469,904.778842820152,0.384441734004326,0.0184440389734239,0.294428854632297
-1.3803886696723,0.0403023250103589,905.1847976717,0.405954851548358,0.0314651941293961,-0.214668355192671
-0.938769490939835,0.0328830238474411,905.234691730608,0.0498940589079666,0.0191147026234814,-0.27991413222837
-0.500808022772331,-0.0929970938065287,905.593458462357,0.358766731749142,-0.126923743223166,-0.509253669333044
-0.168365089863716,-0.424016038598376,906.235826416018,0.642367953661164,-0.398304968096497,-0.255831650361447
-0.358106400406088,-0.406910338894368,906.245826416018,0.00999999999999091,-0.40080954824019,-0.245076203504431
-0.897577533373798,-0.391762968414461,906.40330180585,0.157475389831575,-0.428072328062371,-0.0998079308139359
1.38795487066274,-0.444111006672779,906.463399681462,0.0600978756126551,-0.433338158111501,-0.0753008397894617
0.191645951362431,-0.309673919426843,906.70480946967,0.241409788207534,-0.376829966632448,0.520935222813112
1.18484409166703,-0.402966198546504,906.733242088364,0.0284326186942963,-0.361643561324154,0.546952994119328
-0.56172104891898,-0.203219388852084,907.014710673695,0.281468585330458,-0.145253255261044,0.950147888542389
-0.77946264429914,0.0172200045093288,907.379435677307,0.364725003612534,0.141207017833075,0.595473248624697
0.00318651973825434,0.282900670624097,907.641675084688,0.262239407380662,0.248545583461608,0.219133463605614
-0.32750126414764,0.305761430240887,907.952351024805,0.310675940116653,0.283040215687022,0.00303846148014403
0.292062344270348,0.319912732895918,908.017764639598,0.0654136147938971,0.281106678728598,-0.0617350741129278
1.45197088235611,0.233656457865028,908.399302826516,0.381538186917965,0.23612837243648,-0.162098239523457
-0.253808832570573,0.282393369253782,908.652035439526,0.252732613009357,0.226364391326768,0.0808291435352193
0.817564768307226,0.116313855811835,909.229037147976,0.577001708450211,0.153424688537235,-0.296431827987559
-0.799886108636228,0.0872650166102287,909.603954744502,0.374917596525734,0.0890959428892321,-0.0457324319927929
-1.13716474026915,0.0492500262606026,909.735037650138,0.13108290563639,0.0751013773725448,-0.165837786419219
0.568431012534534,-0.149226555674203,910.2307167899,0.495679139761705,-0.132007616495184,-0.615805408742051
-1.4026274937279,-0.293469238037502,910.771761819471,0.541045029571364,-0.282692716053851,0.0656430444164151
0.535738461710206,-0.300557022526746,911.123327672946,0.351565853474426,-0.303783333750281,-0.174446459771179
0.401786976597639,-0.256123903669243,911.445610350483,0.322282677536919,-0.291302062884308,0.238400982273758
-1.14921297316303,-0.251038848847314,911.725116333982,0.279505983499348,-0.191062870615442,0.460062718227507
1.50242495944488,-0.267055700736635,911.735116333982,0.00999999999999091,-0.186510296818324,0.450424825084339
0.387933028186852,-0.00657175365446884,912.006029307359,0.270912973377449,-0.00960715983455977,0.829482356912047
-1.09960625022942,0.355170794718055,912.401615921272,0.39558661391311,0.300875110357595,0.695137700849223
-1.9503422260315,0.378479867981567,912.620670443406,0.219054522133092,0.399032198815492,0.196189049877283
-0.463525815267906,0.434849421732647,912.776803612806,0.156133169400164,0.391878733243526,-0.280776446685647
-0.222827339840439,0.364168018442495,912.830304342738,0.0535007299322388,0.374892091398322,-0.353248924103597
0.0927382312947736,0.39266425479246,912.877624950865,0.0473206081267108,0.357025451291096,-0.401129125641198
0.312029048007587,0.323915472945416,912.957243853978,0.0796189031128733,0.323191640795871,-0.446780105190541
1.75113411554956,0.269139405509354,913.100604906085,0.143361052107025,0.257081454248971,-0.470057814878344
-0.738417043140419,0.220560484638894,913.465514496016,0.364909589931358,0.179884641224189,0.0437202619855856
0.275804321895004,-0.0397226090694098,914.18404023268,0.718525736664219,-0.033741977208786,-0.545321939163953
0.0225876375402717,-0.191039204836083,914.757276831526,0.573236598846393,-0.226060248421157,-0.103827109771036
0.126354313139373,-0.231209397997203,915.34485142755,0.587574596023615,-0.193656066247681,0.190528089791003
-1.30638820722791,-0.0852003530241776,915.886846621035,0.541995193485377,-0.0435716581420207,0.326368827488329
1.02354809153241,-0.0707334892306065,916.347301998558,0.460455377522976,-0.0343770291872266,-0.264868490488446
-1.08794702591973,-0.010127289119852,916.889502713899,0.542200715340982,-0.00806378590056148,0.329711661085746
-1.15093912334099,0.0737063307611773,917.106228211794,0.216725497894117,0.0345063492979705,0.0648257900963512
-1.67595850691825,-0.038870247991691,917.35759330325,0.251365091456591,0.0129010545739489,-0.228730627972619
1.42250758928486,-0.27979424148024,917.840757658219,0.483164354969063,-0.253979244125532,-0.804167476262548
0.580754606542147,-0.378223250398918,918.060630297036,0.219872638817151,-0.370772101218563,-0.253149038605051
-0.0486223678192008,-0.286613039029609,918.500907909854,0.440277612817795,-0.324827986846495,0.42281330262445
0.0952738235283444,-0.0810406049008996,918.965167617782,0.464259707928136,-0.0954951214348095,0.513127129519675
0.544202517824809,0.0284221484696173,919.238118408739,0.272950790956997,0.0423161568550576,0.484586551223574
-0.936977339674935,0.24188639664217,919.696482414629,0.458364005889734,0.269097296644166,0.463708980101864
-0.571099119464759,0.38910820869409,919.800536019915,0.104053605286254,0.307502581827982,0.273952139809597
-0.392061302402901,0.289301440620142,919.961331565085,0.160795545169776,0.332559169185884,0.0384789663685062
1.10351786551963,0.381851083473152,919.971331565085,0.00999999999999091,0.33288102764318,0.0259023131965205
-0.344885009639731,0.252342871861297,920.317153071504,0.345821506418929,0.354308206182631,0.0914247787889186
-0.174223833404736,0.315976559583615,920.542890047195,0.22573697569112,0.342376566289409,-0.190067880266257
0.773073888141074,0.233681606338069,920.96347295195,0.420582904754497,0.194165550275611,-0.471746526355371
-0.345017483462325,0.150689199659609,921.189442258358,0.225969306408501,0.103920121664826,-0.321897593327934
0.919481293297071,0.0294194523405015,921.434495593472,0.245053335113425,0.0152968866075702,-0.392479543594568
0.393731890513727,-0.00714399865554451,921.888603763357,0.45410816988533,-0.0511454567673097,0.0915018390736501
0.4123199124219,0.069608145079208,922.457525138093,0.568921374736533,0.0588488471057694,0.265596135145866
-0.47123913838027,0.146600091003131,922.929563929192,0.472038791098498,0.190988477628527,0.270517131325658
1.59791353445956,0.2123135556259,923.106891648596,0.177327719404275,0.222802949751804,0.0885060918612692
0.842782786164041,0.230200356817465,923.497680909524,0.390789260927818,0.327682831776019,0.41608048489366
-0.292416005546492,0.421819603857855,923.722742758165,0.225061848641303,0.413679509666854,0.336434702832234
1.61697052941546,0.410047731077032,923.931054307346,0.208311549180507,0.447616816021224,-0.0102544610447129
-1.4947690497107,0.451375133533442,924.12178993004,0.190735622694547,0.450552390571888,0.0397663152375659
-1.07867034379236,0.469383427806144,924.371542602447,0.249752672406316,0.376142357225547,-0.607503474681245
-1.43092542607691,-0.159817556766538,924.933324217113,0.561781614666643,-0.154274661929001,-1.1329018496468
-2.11523905388963,-0.4501253589653,925.159314503178,0.225990286064302,-0.417545837886261,-1.16383804618764
0.967995193357804,-0.804171234049275,925.385313802682,0.225999299503997,-0.676682869418024,-1.06680698928429
-0.457996847137555,-0.661112932522176,925.846268911395,0.460955108713506,-0.65749491152098,1.0475962654717
-1.28196336394008,-0.165412535530861,926.328492061487,0.482223150092182,-0.0894098697261098,1.10560597169683
-0.0625885602135075,0.19085094622682,926.589497312706,0.26100525121899,0.1394239467746,0.637632447398891
-0.74731781352185,0.232451369160735,926.857431973892,0.267934661186018,0.282591510491116,0.418610405908095
0.807564269059912,0.279168993804658,927.387118342606,0.529686368713897,0.278407705286327,-0.39601580014349
0.906165093671277,0.205219455916714,927.79406191098,0.40694356837389,0.154611642086934,-0.196555570439598
1.18477007549718,0.0903757605455293,928.060296793063,0.26623488208304,0.126301749091643,-0.0172333102823882
2.22030378082834,0.157728126105778,928.290908731744,0.230611938681022,0.145992967942811,0.182442885489857
1.57684224350862,0.442384387957122,928.853101534471,0.562192802726599,0.479399613846789,0.86298826483448
0.816301713100528,0.629272568753997,929.103040642288,0.24993910781734,0.671190018647326,0.620091256094238
-0.0275733307092428,0.584747334045297,929.113040642288,0.00999999999999091,0.677273214749012,0.596371407336785
-1.40456109692985,0.608427064562389,929.540256002538,0.427215360250329,0.630171056274943,-0.735599411059856
-0.450033944458733,0.541070844690785,929.692068421805,0.151812419266435,0.482237961025636,-1.18241672506673
-1.5502708664541,0.380668969969883,929.749244355726,0.0571759339215987,0.412585703735448,-1.25034296985321
-0.205487804058205,0.261007832304514,929.872215883264,0.122971527537175,0.244897291545822,-1.46206795785871
0.0338398848419591,0.171494627719106,929.920834410101,0.0486185268376857,0.173847747411307,-1.45916549614987
0.751594825468922,-0.41264880584399,930.388650627792,0.467816217691052,-0.419869402023989,-0.979242756453206
0.330909699025163,-0.558031566370336,930.628459648967,0.239809021174437,-0.577284042806053,-0.30994732316414
-0.945890420780154,-0.611739486525536,930.638459648967,0.00999999999999091,-0.580253251643065,-0.283889063760493
0.784897633441348,-0.524345796510918,931.327158123798,0.688698474830744,-0.475776564616443,0.455932110216313
-1.92816712117933,-0.340992820168841,931.558327721947,0.231169598149449,-0.32329495850029,0.829722290457346
-0.554610444458764,-0.200788960760076,931.765799989451,0.207472267504386,-0.186422559994356,0.48171120973002
0.672848107952045,0.0299525435939262,932.170301605102,0.404501615651043,-0.0320604478308774,0.266065935949087
0.945166294111932,0.131723310363561,932.605959346865,0.43565774176227,0.128711565909734,0.441495072695099
-1.54627619772768,0.254429339674445,933.014054739244,0.408095392379096,0.331545689316592,0.510962213191839
-0.356928134251108,0.330637898244154,933.024054739244,0.00999999999999091,0.336522952518208,0.484479496666739
-1.03020597494421,0.370874673001052,933.483236695196,0.459181955951976,0.397098003771103,-0.21294728519956
0.898209596650294,0.470618360044062,933.612070492621,0.128833797425045,0.353576435511931,-0.456170764977625
1.6626762676972,0.25555617196723,934.041574154376,0.429503661754779,0.192916127168896,-0.263017876886322
-0.646051282595607,0.271312943769492,934.576119912008,0.534545757632145,0.236909426351144,0.387688359892568
-0.912347927510134,0.268688718370308,935.193311453916,0.617191541908142,0.219724861896812,-0.396171293406581
-0.656322130761923,-0.08941176730776,935.66183672806,0.468525274143872,-0.0684508460090757,-0.7700029643612
1.65793010784144,-0.442082199179112,936.209516263632,0.547679535572456,-0.458884784492673,-0.549531580996841
-0.522744864528503,-0.459362953708374,936.53463079483,0.325114531197642,-0.462347219452366,0.500252088498942
-0.0524714598835759,-0.115642975288055,937.123844902331,0.589214107500766,-0.139237939198023,0.486752392684785
-1.39974531778288,-0.06201398667507,937.194981832817,0.0711369304863183,-0.10468766414046,0.483734264105378
0.790744355231355,-0.0562207353028016,937.284997898541,0.0900160657238303,-0.066953270661525,0.354437287129266
1.25964511661837,0.128897899666378,937.700455736587,0.415457838045882,0.130945964156279,0.562887817265081
0.155492340285551,0.107043775398057,937.710455736587,0.00999999999999091,0.1366099076371,0.569838374694191
-1.76569086904215,0.368935123200773,938.100301896654,0.389846160067577,0.316707697041117,0.328676559788732
-1.30245125055732,0.020692916064086,938.699159250443,0.598857353789299,0.0766128528146815,-0.991841919696953
-0.734226674319461,-0.140498776387815,938.899081584227,0.199922333783093,-0.137542427460978,-1.13355611272655
0.290971486055673,-0.504596891250742,939.242072517806,0.342990933579244,-0.499068959843216,-0.904846426510064
-1.2725381074748,-0.597277780027097,939.485835417724,0.243762899918579,-0.640951850904563,-0.232284897416368
-0.612886634211944,-0.645936617699957,939.6939189812,0.208083563476066,-0.657237346747698,0.0751319605805578
-0.769943310582473,-0.497488468181875,940.115992547437,0.422073566236691,-0.477529392649766,0.663638570146111
-0.117369003764308,-0.218631126000133,940.536379670435,0.420387122998136,-0.201641360292921,0.578573343173197
-1.04003195129016,-0.113593318859958,940.740380406609,0.204000736173271,-0.0848085630898056,0.557957500860781
1.43402457028402,0.0168109068792163,941.000978745832,0.26059833922352,0.0204847651398761,0.247648482363602
-0.74751226557648,0.0741406816522407,941.113430862382,0.112452116549434,0.0560768505622019,0.382736849653177
0.537042967696961,0.122193401454285,941.333817239574,0.22038637719254,0.114622718634761,0.148324351579377
0.854328583082002,0.22671443810892,941.632192495157,0.298375255583096,0.16689789995482,0.194920676509237
0.21120507263015,0.309483689665622,942.065744598913,0.433552103756028,0.278739680456292,0.294987716734509
2.27482488726222,0.225559279674382,942.075744598913,0.00999999999999091,0.281659336462667,0.288942255165071
-0.700847932890424,0.734675435979948,942.774763218282,0.699018619369326,0.691435839585948,0.587259319937452
-0.492868019406944,0.366326528478385,943.407265304568,0.632502086285626,0.343923496157542,-1.30023920293377
0.588861753964044,-0.227412920596085,943.889571260901,0.482305956333335,-0.297723261106301,-1.24237133536427
2.1276987396907,-0.556916401755024,944.104043747102,0.214472486200066,-0.514050315973534,-0.748316745882391
0.349702620840773,-0.444409303802122,944.550051549409,0.446007802307122,-0.434619852720484,1.00074388238209
-2.5174437568576,0.192544929913342,945.039046670093,0.488995120684081,0.109673297092341,1.10376162949721
1.09643830553849,0.237001945599192,945.602713220689,0.563666550596054,0.209851845041435,-0.687396069798911
0.0454223723344701,0.0945106139845592,945.832558085452,0.229844864763663,0.0796838780687161,-0.438527745509666
0.83908323460082,-0.0645247276548568,946.098499525307,0.265941439854487,-0.0308000085525086,-0.383671887578168
1.22084441742245,-0.0268715651172189,946.800081832293,0.70158230698587,-0.0393690985784437,0.318912696522702
-1.30830932504921,0.178863037132798,947.200217060677,0.400135228384329,0.165033959171953,0.662669559830579
-0.363841124229196,0.211081622701502,947.210217060677,0.00999999999999091,0.171561016150563,0.642748166840723
0.0610328962586577,0.356727473409708,947.645136780819,0.434919720142034,0.339654067714653,0.111752382242257
-0.41300613404771,0.316288848846539,948.059475171282,0.414338390462603,0.315203281700558,-0.212093986998834
0.627277471936637,-0.0262332890604079,948.515315084206,0.455839912924375,0.128142291205057,-0.555023652841447
0.995863123798442,-0.00524032645050955,948.815779877156,0.300464792949469,-0.00653056905924169,-0.333045173455417
0.547184633751512,-0.0238741115491874,949.271969716797,0.456189839641866,-0.0389731240766868,0.176194627818903
0.124140319982104,0.100445470896926,949.593496549951,0.321526833153143,0.0417074120654871,0.313267715457668
-0.787583723484526,0.0845567097847871,950.115460705269,0.52196415531796,0.177087914376412,0.184907769799917
-0.816203636609757,0.195079492935451,950.479057376788,0.363596671519872,0.164363659514551,-0.239979838789159
-0.613634677816821,0.0503895333318548,950.828765918666,0.349708541878044,0.0250286418519004,-0.530692037983257
0.791386538996701,-0.110538937502176,951.149531142142,0.320765223475064,-0.158685875481562,-0.592511077725011
0.568762853092647,-0.249291261907548,951.294144917562,0.144613775420225,-0.229161279400692,-0.380357260160304
0.186011296423947,-0.174237170056105,952.057938623889,0.763793706327533,-0.163802800142445,0.470322935221335
-1.34879746312944,0.0793970202828729,952.423790727461,0.365852103571569,0.0186864070358006,0.502777362201
-0.0990261175061483,0.0795566677539586,952.787166101235,0.36337537377392,0.0940320569376937,-0.0797773752146608
0.499066364469293,-0.0322397958056196,953.020036040077,0.232869938841759,0.0693015190588623,-0.129624556699061
-1.10936239015303,0.0842252917013431,953.317639318979,0.297603278902898,0.0494402261657693,-0.00493592446212701
1.34847118499147,0.0561194990295096,953.738355175887,0.420715856907236,-0.0492893885024653,-0.435168858882236
0.200598515647292,-0.178547364386683,954.131294823935,0.392939648048696,-0.0943157065046526,0.191502789909322
-1.56382261049583,-0.121529463656811,954.296044703167,0.164749879231181,-0.0591478044265292,0.232834754654251
0.190858588549847,-0.134131902329301,954.600923190095,0.304878486928487,-0.0582239028452593,-0.21541519731823
-1.59874481332311,-0.0715013604691048,954.610923190095,0.00999999999999091,-0.0603572426034939,-0.211245945278008
-0.208575762646743,-0.0907533957203081,954.697613723732,0.0866905336372383,-0.0836958452477683,-0.325663758276476
0.933060224193982,-0.200009508567241,954.934605047709,0.236991323976554,-0.156039361433474,-0.279392451305662
-0.691221015783712,-0.15523465295472,955.296923360563,0.362318312854541,-0.16764487014661,0.202351016872037
-1.22628603757635,-0.0447772681456519,955.773030943188,0.476107582624763,-0.122664212810984,-0.0129760959524021
-1.06669863282873,-0.341915794239157,956.487697316785,0.71466637359697,-0.328454992815025,-0.467118383988556
0.211453657648763,-0.405475476251466,956.654805979682,0.16710866289668,-0.405148978385571,-0.44248858028373
-1.48280516407945,-0.388984650835513,956.664805979682,0.00999999999999091,-0.409494878166279,-0.426685016072655
3.1252811894253,-0.49870551307443,957.266818368501,0.602012388818935,-0.611212539759216,-0.131390991483804
-0.737155058968124,-0.182614748350705,957.737616173768,0.470797805267694,-0.150644820045417,1.82784607206653
0.0581850124375434,0.589195477048916,958.256596871703,0.518980697934921,0.549680469175687,0.724919082567225
-1.35812705008198,0.575827338020374,958.730418867844,0.473821996140373,0.609096988578974,-0.46098841779796
0.436343184019782,0.031950841801327,959.255249177712,0.524830309868662,0.0338554363449543,-1.47739784931637
-0.786039566369425,-0.143738090076315,959.471627867334,0.21637868962182,-0.255995467073792,-1.18337246906223
1.25532078973091,-0.380315799145274,959.684034487594,0.212406620259571,-0.492253082072825,-1.00928026390349
-0.0846610639792547,-0.593566426677197,959.957289349631,0.273254862036765,-0.632734335828352,0.00281538520240071
-0.0217689307366671,-0.584223716983302,960.072043657657,0.114754308026249,-0.616752144692687,0.270760952104836
1.04354294811892,-0.454741263871158,960.340613960591,0.268570302934336,-0.475554840972106,0.728365712867201
-0.107036294851803,0.0566549260019425,960.863867320358,0.523253359767068,0.0950342238414514,1.283585265062
0.795038240769145,0.472085613021561,961.149759448288,0.285892127929515,0.413698508018799,0.907527099637574
-1.26154409556604,0.615733470141796,961.579513430425,0.429753982136958,0.675721815193253,0.208225542812284
0.11008276147119,0.47837391111565,961.866072164935,0.286558734510209,0.571410933664885,-0.868968188552158
0.984697207698301,0.473977858900334,961.949701098784,0.0836289338487859,0.494030257938764,-0.974015405166954
0.318880081741419,0.0465133377121906,962.444218983042,0.494517884258698,0.0747952415112646,-0.622502046937992
0.198899780378057,-0.0617751036233416,962.648218255017,0.203999271974567,-0.040893206058621,-0.505774338557144
0.314137717803631,-0.128030764889446,962.73322281749,0.0850045624729319,-0.0818824136170055,-0.457769316852437
2.47735116487874,-0.233233728334548,962.822803752464,0.0895809349739238,-0.119974171161511,-0.391928701411027
-1.04773671395317,-0.171049255133213,963.226893136167,0.404089383703081,-0.0526570307558515,0.678706595788649
0.726242635793905,-0.0108524054935507,963.314984566479,0.0880914303119198,0.00208808329916372,0.563408557797494
-0.272105484996055,0.357594680454493,963.844575801349,0.529591234870509,0.326814827825571,0.58964333505223
0.380892799302591,0.472724688268366,964.141933061515,0.297357260165313,0.435422810028825,0.129249457554103
-0.967899758223445,0.517809821987684,964.422683727942,0.280750666427821,0.434243341785924,-0.131209156787124
0.157117272901544,0.3321963412543,964.732271669686,0.309587941743985,0.300529829151908,-0.689338607738031
0.456488210843559,0.0634709905094484,965.203431940332,0.471160270645896,-0.0167511162258094,-0.601594248592401
-0.848645327792407,-0.0603103612995027,965.315095359882,0.111663419549245,-0.0788214013611884,-0.508706420274149
-0.224063355554171,-0.191088398180865,965.611898193238,0.296802833356878,-0.24301018418104,-0.576378296272189
1.72453961697694,-0.365543555178594,966.180987243698,0.569089050459979,-0.433662745961715,-0.0475398745018956
1.55974834483334,-0.21890547436764,966.557847848675,0.376860604976287,-0.25814664636357,0.903955713662052
-0.648502156390578,0.0710041145813912,966.869777639192,0.31192979051707,0.09031938092721,1.28025445935358
-0.141319487214256,0.445367946627745,967.199452221863,0.329674582671373,0.419725232112013,0.677676763235617
1.12897449672462,0.430735105822111,967.277596976726,0.0781447548624783,0.467347007349936,0.538961396483748
-0.155592564839873,0.62461651034342,967.551279457198,0.273682480472075,0.584589485245845,0.290085350537085
-1.56776289299675,0.43380239987436,967.984789083286,0.433509626087925,0.491827351282266,-0.637322534127673
0.342153585508079,-0.276022982508823,968.585592971587,0.600803888301243,-0.227598856656657,-1.51054034398748
0.297967652882994,-0.555201197706525,968.797934440437,0.212341468850127,-0.505774185001928,-1.07647517069023
0.612748669860096,-0.652208951242909,968.956645128156,0.158710687719122,-0.641939635780405,-0.620127749206886
-1.02568337288857,-0.676703148622109,969.121651556459,0.165006428303286,-0.694571019940684,-0.0134203947352891
-0.561955005099846,-0.561293014035449,969.421554215734,0.299902659274949,-0.616168435487529,0.48930251143922
-0.0855335536064515,-0.314660448236693,969.933540630311,0.511986414576654,-0.256690292177749,0.746270285752026
0.373734411101198,0.0652666679119957,970.305569113694,0.372028483382792,0.0143300050226083,0.674662300434328
-1.51405276130975,0.292504505277881,970.733390535223,0.427821421529302,0.285952270373389,0.552552340603691
0.801639578496716,0.307785443647721,970.785276074722,0.0518855394993807,0.311273833606753,0.423377159858584
0.151552863583131,0.407630027697432,971.044343936075,0.259067861352605,0.410824272481664,0.330004378915229
1.44564397014433,0.357302408240248,971.560801568975,0.516457632899687,0.41901545665902,-0.274550983100254
3.67135282938635,0.391997204151282,971.749793417913,0.188991848938258,0.374911796265942,-0.187475785806104
-0.126417304646125,0.46016222849026,972.079335648017,0.329542230104494,0.453786064641664,0.624236718322912
-0.819454718970796,0.60109399979375,972.178327322941,0.0989916749238091,0.506354558805349,0.434637864094624
-1.01956975945384,0.479558332672735,972.220915309135,0.0425879861934391,0.522404909610236,0.318823483606169
-0.392407001375639,0.511258415874621,972.523138393337,0.302223084202637,0.488475690790679,-0.511657280953296
1.55176956259781,0.357917819015208,972.772235087162,0.249096693825095,0.318127141995627,-0.817666280538891
-1.0312457561929,0.043946114378115,973.409087709653,0.636852622491006,0.0787062481545317,0.0803388623007446
2.73299297264496,-0.0129687787349637,973.799409405237,0.390321695583566,0.0227958236031554,-0.345320323596572
-1.03826272360962,-0.076121162419553,974.050736502802,0.25132709756474,0.0235277031243891,0.336726817078469
0.346443453423385,0.0330829781078655,974.236596736907,0.185860234105235,0.0645246380865749,0.105441368966347
-1.71562447346498,0.18667004663995,974.575655264336,0.339058527429415,0.107626927301054,0.142575715074271
-1.35871556056525,0.0945044708201156,974.896444761905,0.320789497568285,0.055501502101756,-0.445770677507556
0.21457911856507,-0.401117612168605,975.453036671246,0.556591909341705,-0.33553496526994,-0.853020184301085
-0.847350775039534,-0.541166101896448,976.048936495128,0.595899823881723,-0.513702853655104,0.289757166740625
1.48848297499154,-0.426131511343917,976.416842938496,0.367906443367815,-0.376488051551082,0.409800189236041
-0.622925488604329,0.158587723082439,976.937140856453,0.52029791795735,0.0753710537920271,1.19007295170091
0.92761140304482,0.269976092452655,977.158584903815,0.221444047361956,0.301998748586655,0.841437184977538
-0.599483292701062,0.619523390553421,977.622237144968,0.463652241153,0.615476554452698,0.39551152643703
-3.63603874380443,0.642470200617192,977.884899778119,0.262662633150853,0.609645224632745,-0.419726417754492
1.13346905695284,0.618678221749516,977.903679849968,0.0187800718490507,0.600750806786477,-0.527125289714081
0.435404271765887,0.428901537000909,978.085450464484,0.18177061451604,0.494507460656278,-0.619388690634087
-0.130614692846645,0.186696943209051,978.555814539958,0.470364075473412,0.167534684267192,-0.672134872920802
-0.216787751624878,-0.0968477231392559,979.026625290142,0.470810750184455,-0.140627867923726,-0.589781081014117
1.08256471386107,-0.311179988895352,979.413059145517,0.386433855374662,-0.329526814607001,-0.359925343576907
-1.51950815900241,-0.429745000132096,979.519959094358,0.106899948841374,-0.355985579582862,-0.135322493946697
-0.18304284953549,-0.499507862941242,979.97646176201,0.456502667651534,-0.455946329381291,-0.263261452126212
1.01526849487187,-0.494895475482636,980.196194619139,0.219732857129543,-0.481026184033726,0.0344141261791827
-0.828407473684366,-0.321567896583827,980.532826370081,0.336631750942161,-0.341825134520275,0.735575224628678
0.171577821750455,-0.311607011136133,980.668459382954,0.135633012872177,-0.245904505546677,0.672376618628181
-0.257349022453347,0.0391130015802239,981.048935803896,0.380476420942045,0.0218585655755934,0.696149713176288
0.516362133850747,0.20860593735227,981.491351750536,0.442415946640153,0.252741477855945,0.321081861223558
-1.38165078290234,0.27810878538777,981.847088159089,0.355736408553184,0.346494370024922,0.191033638266029
0.831474397116034,0.291218586758689,982.20941629315,0.362328134061499,0.269125166889059,-0.577773270354461
-1.67087695044275,0.100118092458261,982.80902655636,0.599610263209456,0.0443777773307402,-0.141010262046488
0.802363864735072,-0.00732402228076388,983.098293166596,0.289266610236496,-0.0617839744788243,-0.572232882802049
0.0608463982686389,-0.084961851278887,983.185433182355,0.087140015758564,-0.106984808722265,-0.464589441695018
0.252357309138327,-0.20722580295035,983.574229833354,0.388796650999325,-0.24233195585291,-0.217706691988533
-1.52826506403055,-0.195337614224097,984.185210136711,0.610980303356428,-0.212289010128919,0.280741294371566
0.32533310020223,-0.192158984465439,984.736775245101,0.551565108390037,-0.231629605437695,-0.317896876968039
-0.0266263383435301,-0.213418024700346,985.437787503222,0.701012258121636,-0.211816183925211,0.32796092536795
-0.200102462778405,-0.154215122964939,985.655505644464,0.217718141241903,-0.135461139693728,0.36593620440121
-1.32329113744043,-0.107543292262014,985.772894230011,0.117388585546792,-0.0933933512651832,0.349120991654091
1.6623377871276,-0.019771367340269,986.154384715555,0.381490485543736,-0.0536721638294514,-0.130709592157269
1.12787071889037,0.0220752878399743,986.580720350702,0.42633563514687,0.0447390060086822,0.553607789036728
1.02602792369635,0.130003194800417,986.590720350702,0.00999999999999091,0.0503128868545514,0.561137823131329
0.9741728316615,0.190904251056529,986.963979205372,0.373258854670098,0.290787876747515,0.686268695927925
-1.74484831678911,0.514231735351668,987.395878429052,0.431899223680148,0.547496735571691,0.422813888452487
-0.913140841852533,0.310182382514864,987.809401483749,0.413523054696952,0.410623238566257,-0.97823253060379
1.14241303231212,-0.0371585231017707,988.171863878462,0.362462394712907,-0.0133089201470755,-1.28077659173028
2.09500937348954,-0.259191472482218,988.43506689575,0.263203017288447,-0.283064079756446,-0.751930978431626
0.395221771267097,-0.330547407987203,988.912231354867,0.477164459117262,-0.287776956541231,0.675180416646089
-0.000777174494628705,-0.229145948302413,989.12109805694,0.2088667020721,-0.133996178745286,0.78105950768948
0.802789791275583,0.0938665032615862,989.51490846923,0.393810412290463,0.150057254779821,0.627979733720784
-0.650144762514033,0.299965602335113,989.774689962139,0.259781492908928,0.314148837545074,0.615377225606821
-0.334203263071476,0.448585788162886,990.031684905048,0.256994942908932,0.412013754074204,0.139456964071705
-1.29648314881784,0.474158082585515,990.254450559465,0.222765654416889,0.404920237471,-0.195670750254924
0.16740273925087,0.404860263537951,990.373161609869,0.118711050404158,0.365838673658594,-0.456869306111498
-0.268513753791225,0.0537265404346853,990.856204150143,0.483042540274482,0.112991237207515,-0.527223986814158
1.17386139738479,0.0788042214898945,990.995338568026,0.139134417882588,0.0378884903326281,-0.548462793301805
1.37309771564547,0.0482921871726151,991.174120686293,0.17878211826735,-0.0379707065236845,-0.299322956961142
-0.711398323155242,-0.0392729402784691,991.184120686293,0.00999999999999091,-0.0408840115702637,-0.283342143544239
-0.89025497138439,-0.134058532802339,991.333449294095,0.149328607801863,-0.0881639283383105,-0.346681278841012
0.0770892611166055,-0.141620362762779,991.53138192527,0.197932631174922,-0.165948500598946,-0.432111489703011
0.204003651649321,-0.241488864498701,991.912189927116,0.380808001845594,-0.278032840672643,-0.145788884492466
-0.911713446664681,-0.216453235469694,992.136192204214,0.224002277098407,-0.287410923542731,0.0593402682802378
-0.652047617050959,-0.268956100055359,992.74637777822,0.610185574006096,-0.295388173513325,-0.0756702391331182
0.121496214449941,-0.332072130705678,993.170053362434,0.423675584213356,-0.316074630870339,-0.0189882714945938
-0.119323799661584,-0.211115832105364,993.193747647918,0.0236942854847939,-0.316266933016621,0.00271672238993667
0.219951713515014,-0.245516688202223,993.741588624632,0.547840976713474,-0.230317589115013,0.27295879042577
-2.26940359018278,-0.144113381966161,993.785578171979,0.043989547346996,-0.217739854416716,0.298543126398269
-0.0535098462745893,-0.227829289176321,994.160402059243,0.37482388726437,-0.236077693993249,-0.372104275620015
-0.481365451149043,-0.356299723540998,994.534361431251,0.373959372007789,-0.323439071302678,-0.0864513152266035
-0.414216994676428,-0.280723938415437,995.020740212888,0.486378781637086,-0.32160392178693,0.0862561657605315
-0.0304978347481423,-0.242267375386691,995.23466212248,0.213921909591818,-0.295951095320402,0.149303743985504
-0.146574639491609,-0.298652027249583,995.328708686195,0.0940465637147554,-0.279299433698195,0.203533786023636
0.354277558076589,-0.163353120804469,995.515517740846,0.186809054651121,-0.234911163774516,0.266566529300706
0.575027488831602,-0.234201479907506,995.797188564782,0.281670823936338,-0.13424522472378,0.432304294893978
-0.357917138762134,-0.0671355327360708,995.958877664529,0.161689099746809,-0.0569026553422195,0.518736340904268
-0.398185326493517,-0.00115508561575436,996.223019296729,0.26414163219988,0.060436449490868,0.362725920347234
-1.57030927508215,0.0609910104428198,996.233019296729,0.00999999999999091,0.0640285181685778,0.355682859673296
0.253004033059062,0.00442876245525939,996.548700837737,0.315681541008075,0.0852957831947595,-0.208369084898689
-1.18245015514692,-0.0253426258185905,996.670530879508,0.121830041770636,0.0613705973780573,-0.183641447839166
-0.677976899325592,-0.0424679086607132,996.982092520656,0.311561641148273,-0.0491575080804029,-0.50587403904947
-0.219802413506801,-0.0937929754424702,997.040510377884,0.0584178572278233,-0.0792269013617175,-0.522881719717958
-1.16367081461132,-0.261465690260786,997.284138275136,0.24362789725285,-0.198244225816265,-0.444588117403528
1.04722340446897,-0.491962657274448,997.680272848368,0.396134573231052,-0.397534734750239,-0.514703881416305
0.102054801603365,-0.426658025916795,998.134125159792,0.453852311424953,-0.384275977560171,0.527732995543496
0.595506128560448,-0.309058538872781,998.182866698373,0.0487415385808845,-0.357547016957697,0.56801940882633
0.106034712108158,-0.243264302576028,998.339091237993,0.156224539619188,-0.255284836977766,0.729892042311314
0.315585699995388,-0.0163235759323809,998.72220128624,0.383110048247545,0.030411991916687,0.720666859506462
-0.340111380353778,0.169132405398794,998.938073083143,0.215871796903116,0.181179886970293,0.665299408990373
-0.464427500073366,0.300359346374632,999.214051463501,0.275978380357856,0.320596283837014,0.333441752077579
1.53817333308605,0.346868198854911,999.781266120245,0.567214656743886,0.285628658190302,-0.40821825333246
1.20352409511643,0.213717792097923,999.986238352412,0.204972232167279,0.224891056407667,-0.182143035770164
0.454064272040275,0.23150386147992,1000.20973065424,0.223492301831698,0.203827605485794,-0.00752184986687746
-0.169901771512399,0.244373596875914,1000.74389336954,0.534162715297157,0.20122427144974,-0.00187045406672522
-0.824488287044693,0.136244973145892,1000.80598058433,0.062087214784583,0.199941549994229,-0.0392218354274294
-1.62027978464639,0.186295595712821,1000.84744085702,0.0414602726959856,0.19725460272047,-0.0901732642303071
1.23060230905012,0.129389950116009,1001.15528959657,0.307848739543715,0.0817879896147429,-0.632086171889757
-0.136779690773794,-0.0508850227785884,1001.74498286528,0.589693268716815,-0.0457432964374148,0.184090990943859
0.833588626553524,-0.0391962037479604,1001.75498286528,0.00999999999999091,-0.0439092561944722,0.182708642493148
1.476129113907,0.0164225841505039,1002.02243201551,0.267449150223342,0.0319124672416368,0.373237864958123
-1.45638086182418,0.34385876709743,1002.52657215471,0.504140139202946,0.340880849527533,0.768783160653525
-0.774511374039799,0.190683840920826,1003.23925046558,0.712678310872434,0.211089161468767,-0.962789053820029
-0.289242192335949,-0.0146913207029287,1003.41792651638,0.17867605079573,0.0294927362817977,-1.05629457001831
-0.698945785951322,-0.26865504246343,1003.68401798362,0.26609146724229,-0.238976096142856,-0.937671239405964
-1.20474842302702,-0.700202017786173,1004.2042255715,0.520207587879554,-0.614005856866592,-0.362178984546834
0.0740274262423688,-0.722377406739301,1004.46130252357,0.257076952074272,-0.658129774643166,0.0260138625568588
-0.496683374635126,-0.553875092141807,1004.82239380294,0.361091279366519,-0.491984644625564,0.796939251993931
-0.6312647118259,-0.384058935854827,1004.9962425831,0.173848780161734,-0.346994643356878,0.850624620398658
0.0222068253327897,-0.140789470420433,1005.21953457165,0.223291988547203,-0.1658357417488,0.753550973533963
0.28277939397031,0.0617009425347256,1005.47313156907,0.253596997417958,0.0208649546555409,0.703342952671716
-0.896211770849641,0.192887144403688,1005.7881368687,0.315005299634208,0.229938613732584,0.601688026741388
-0.145039891176584,0.399598168574996,1006.03482180122,0.246684932518065,0.324592236037501,0.162276130843358
-0.893952893961706,0.310106429797544,1006.43011502327,0.395293222048622,0.310006176671915,-0.219784461806299
-0.241016490356387,0.187796009129146,1006.71581824404,0.28570322077428,0.190653250679867,-0.58979061932791
0.425789681853337,-0.0339505179473623,1006.9785418493,0.262723605258429,0.0279148621057971,-0.632368837878075
-0.122616214921787,-0.133452150672048,1007.17972442559,0.201182576288829,-0.0842933411005994,-0.478111315485859
-0.52196679672911,-0.299795085091259,1007.80839058639,0.628666160799412,-0.29595148240641,-0.153257599209468
-1.72911843486281,-0.339652797300223,1007.81839058639,0.00999999999999091,-0.297470193435028,-0.15047841256568
0.0688612431967769,-0.363108121369547,1008.11007866779,0.29168808140264,-0.375981544603166,-0.368397951463347
-0.441530174980537,-0.342363790024209,1008.54307569457,0.43299702678155,-0.411978083426801,0.193088454918599
0.199901995900271,-0.212117688871014,1008.89201629969,0.348940605121925,-0.315063579523743,0.335391349248615
0.958375850425709,-0.254198128361246,1008.95541810958,0.0634018098839988,-0.292221478846001,0.384123864011681
0.273165451362079,-0.0858828785454418,1009.20691058536,0.25149247578338,-0.154510046054412,0.688435100894417
-1.01804945095635,-0.0993690749213812,1009.31075120587,0.103840620510709,-0.0819563843683539,0.706030900568215
-0.926331909616928,0.104532840369278,1009.96632396791,0.65557276203333,0.104558250128081,-0.132328798777628
0.214036371137795,-0.106615045014062,1010.61888119713,0.652557229225295,-0.162137151343516,-0.598482017354558
-0.774964638146795,-0.261782853243854,1010.89831039081,0.279429193675696,-0.29247489067494,-0.323678647547719
0.0514918023789421,-0.450382579014294,1011.26826167074,0.369951279930206,-0.397178029661662,-0.220761595688181
-0.969590394041064,-0.394183423249768,1011.45059338949,0.182331718754767,-0.416242199880568,0.0107320915996426
0.475847939065345,-0.424161145711052,1011.84735548624,0.396762096751218,-0.397289317375527,0.0768711456020919
-0.486637122807318,-0.416093958047778,1012.01693779099,0.169582304745063,-0.363124902413951,0.318567497203502
-0.486084572111055,-0.167145892504431,1012.59171579267,0.574778001684308,-0.16718392632224,0.305303078312982
-2.13193124840994,-0.183957881915689,1012.83187928302,0.240163490344003,-0.103154945946853,0.223712489743199
-0.431543629573417,-0.326981437636484,1013.47777828198,0.645898998961457,-0.331330017484137,-0.808913389354286
0.116390808291176,-0.605103892877737,1014.13693170516,0.659153423178395,-0.576428708285639,0.165213647996785
-0.102212287787416,-0.324203983747257,1014.57485417792,0.437922472764853,-0.343221471779594,0.783126260549048
0.241000086739795,-0.0961178436996424,1014.88803623119,0.313182053270225,-0.0922224221111462,0.783632407051355
2.07729960175834,0.255351580353903,1015.29462356298,0.406587331792139,0.212328009643278,0.674076459219068
-1.79658692318498,0.355485651248137,1015.48917186311,0.194548300123984,0.364124720226023,0.867243056308719
-0.630190990320091,0.363982567388409,1015.49917186311,0.00999999999999091,0.372636977976342,0.835219442073792
1.84600752484099,0.592712660872406,1015.7925400287,0.293368165594643,0.520843726744363,0.154439024732022
0.71632906187232,0.58966382201197,1015.98664986604,0.194109837338601,0.550065607038595,0.140886059321604
1.03975154430767,0.493351037981868,1016.54110535865,0.554455492604802,0.452678278308539,-0.409275604219172
0.376446444032977,0.356833501764415,1016.8507997588,0.309694400154285,0.32934075908967,-0.360983294374888
0.765035143778174,0.0423599647295523,1017.34592495197,0.495125193170225,0.142089027438428,-0.351269062063996
-0.324231546472416,0.0550792259253155,1017.72275231987,0.3768273678985,0.057988678835758,-0.0919479918741651
0.957705056450415,-0.0595462921442934,1018.03456520579,0.311812885923132,0.0122630195214783,-0.193855268781662
-1.67428138537568,-0.0474943973201603,1018.04456520579,0.00999999999999091,0.0103759533942519,-0.183563116056309
0.412309361457884,-0.031544736933501,1018.05456520579,0.00999999999999091,0.0084603598008511,-0.199524685283205
1.10225062551622,0.0756622611428786,1018.42759096522,0.373025759433176,-0.0310439158485371,-0.0131818257981719
0.559784000547507,0.0818875829066025,1019.0118910912,0.584300125974664,0.133851930697564,0.51802898721093
0.25379247383465,0.311534244969805,1019.4205328491,0.408641757896248,0.333174581510875,0.42160023395478
0.883883551202382,0.421925242695143,1019.87624289094,0.455710041845123,0.428331031647894,-0.0183239915752594
-0.0512405950106239,0.493374224372846,1020.0430746342,0.166831743254988,0.420565092207482,-0.0729945247620976
-0.335960087745899,0.271348718739421,1020.36514265237,0.322068018177902,0.340618108986433,-0.396353601513056
1.10665514186108,0.257386693699284,1020.67370442737,0.308561774994246,0.17975353973325,-0.615199338322445
-2.21056895051614,0.0375041175974841,1021.05117327202,0.377468844655482,0.0262467920772982,-0.190765898194689
-0.331302855586972,-0.0659397773607711,1021.35247898392,0.301305711896475,-0.121799937724836,-0.762284228299793
1.08657216790372,-0.176750766116705,1021.55900217863,0.206523194707074,-0.27044655602693,-0.665500009480324
-0.56332011929945,-0.306576362105479,1021.56900217863,0.00999999999999091,-0.276998305036736,-0.644847703495457
0.11893772376889,-0.28184585994544,1021.57900217863,0.00999999999999091,-0.283425241712396,-0.640532605421678
1.06865420691938,-0.383254849269377,1021.8761383553,0.297136176675053,-0.418396836529958,-0.251292421838903
0.966362381828209,-0.499219279376776,1021.92960513434,0.0534667790376488,-0.428410450004859,-0.123435402477613
-0.0880959965988678,-0.19031417131295,1022.55243919014,0.622834055802969,-0.137072066372369,0.893874834405413
-2.68851849014839,0.0944436007547374,1022.7327317082,0.180292518054443,0.0183619872093229,0.821779621316986
0.306841827968425,0.14144506269465,1022.99498073512,0.262249026920927,0.126913393909953,0.0137560258928428
0.0187867976085779,0.214376632830574,1023.11403272621,0.11905199109151,0.128791431539287,0.0176705935040655
-1.5211849285676,0.085075460249789,1023.52167427524,0.407641549034224,0.116108301213168,-0.0747948034786069
0.907683786243307,0.0462603151644524,1023.77236911214,0.250694836894581,0.0463693773657022,-0.467140211768746
-0.751216038740652,-0.0315144422286535,1023.96184141656,0.189472304426772,-0.022979392296771,-0.263704615746755
1.40892822335727,-0.137208240909651,1024.42084827339,0.459006856821816,-0.189911162586045,-0.429199175827719
-0.779981062054557,-0.115342640929229,1025.0220380831,0.601189809713787,-0.102687439823574,0.641965126222581
0.926298596899104,0.0949525824280381,1025.27017994018,0.248141857083965,0.027305857160752,0.399859934436558
-1.08659624827741,0.111694539425079,1025.47952177171,0.209341831522124,0.123912467065048,0.514035343302305
1.25361748617165,0.202111655362575,1025.6607653554,0.181243583692776,0.190572318765957,0.221183932023133
-0.181019459557904,0.395619921928606,1026.29234074089,0.631575385493534,0.425151589979028,0.424334237125448
0.0293606755057638,0.417557185073103,1026.38040241116,0.088061670269326,0.456090502766543,0.277181861449143
-1.8945495729773,0.49137114072336,1026.74294173017,0.362539319005691,0.458408847592797,-0.248882229247775
0.4228765611489,0.391188292994729,1026.89170683182,0.14876510164936,0.388143920544118,-0.682104252985575
0.517508113243729,0.261655731558523,1027.10284910527,0.21114227345447,0.241647657572383,-0.687351119298196
0.0645360713427582,-0.0516719696744304,1027.70620950942,0.603360404146997,-0.0719359403297272,-0.303278280105581
0.245747861008782,-0.00245787510015233,1027.71620950942,0.00999999999999091,-0.0749505649260295,-0.299635648346738
1.08724958635521,-0.151272378533124,1028.26334088296,0.547131373544062,-0.151785557617038,0.019683180139073
1.19163726752414,-0.0706160136503821,1028.53351840957,0.270177526610041,-0.0984646624024863,0.361885061165165
0.209419773354171,0.0566918636818313,1028.54351840957,0.00999999999999091,-0.0947853725274786,0.373944921177956
2.09841322222039,0.153434934034865,1028.99077564014,0.447257230570358,0.0812759324249327,0.386164923574648
-0.756324086936392,0.701207314259843,1029.65711221045,0.666336570306157,0.605567815263916,0.927242486409903
-0.0953419854579689,0.727362733587392,1029.98003704831,0.322924837857727,0.702191970792523,-0.340310106116012
1.43666515504611,0.557572631764038,1030.26956149374,0.289524445436427,0.499237737566718,-0.97089884239217
0.365180804393862,0.403928398131222,1030.40435733443,0.134795840684774,0.37306967090837,-0.888250635278358
0.354894782357847,0.196223726775155,1030.60945605976,0.205098725333983,0.191423754718685,-0.863499062579528
-0.363923198602817,0.0115429238415139,1030.94191696158,0.332460901815239,-0.0653829585677982,-0.657176400855249
-1.30564265835329,-0.350395445281304,1031.54267155403,0.600754592448084,-0.393811579660045,-0.353325379714374
1.5351925339318,-0.506787442585019,1031.78782860139,0.245157047367684,-0.477631253010898,-0.314548494425735
-1.65254751411638,-0.322987438713323,1032.30028462971,0.51245602831932,-0.261030591621002,1.01615272080006
0.729720529971865,0.0403433384163516,1032.84893158972,0.548646960003907,0.0335783461401607,0.0438822185712682
1.1935213195526,0.0859145180686447,1033.32593854375,0.477006954037734,0.117882287948882,0.285804155492469
0.0432589503158745,0.209763768125758,1033.61898236046,0.293043816707268,0.231444499170055,0.47103475526349
-1.99466768240226,0.306723451024281,1034.16338643169,0.544404071226836,0.362084243841448,-0.0102301139824892
-0.855692087906469,0.326219340270353,1034.17338643169,0.00999999999999091,0.361834647689896,-0.039660282285892
0.691532297488358,0.274828793600001,1034.390886717,0.217500285314827,0.313085393169374,-0.395482131579576
-0.837762652317549,0.276502473912497,1034.54457371231,0.153686995309499,0.254336745147606,-0.364590480736117
1.22648775166451,0.077470315305016,1034.89615482875,0.351581116439775,0.0620664829228887,-0.691963306539983
0.84137065391312,-0.102479689820009,1035.14717227823,0.251017449475739,-0.0647920047024056,-0.316006099638841
-0.370432063136193,-0.128163563740626,1035.28545346228,0.138281184054676,-0.0976782598610639,-0.159843143971284
-0.86543445212426,-0.219356767646044,1036.11570626609,0.830252803810708,-0.22528179762198,-0.107552571486257
0.231368633301719,-0.275130915515691,1036.5429487889,0.42724252280459,-0.292285558587489,-0.188742048796949
0.0193425259772892,-0.401560345654846,1036.7061604658,0.163211676902165,-0.30932475459748,-0.0207839737223096
0.0389918281634026,-0.26715254618065,1037.25254364153,0.546383175731535,-0.218681274830061,0.310851725020223
1.20499888651809,-0.134613097369298,1037.62794172697,0.375398085439656,-0.0844734329990359,0.381992963572032
0.500700567108139,0.0946264762826448,1037.89184899767,0.263907270699292,0.053108012503243,0.642643302290695
1.63549440068355,0.133119291140193,1037.99593475352,0.104085755850292,0.120136090621864,0.642835947983302
-1.44116406259955,0.177208776296615,1038.07957343989,0.0836386863702501,0.177430522881154,0.72477454094609
-1.09585674612733,0.19552770770765,1038.12114709611,0.0415736562149505,0.205665847763745,0.633365516193591
1.0953629825872,0.311555158442359,1038.56369278953,0.442545693427519,0.299120190041642,-0.201276036765361
-1.47106607400864,0.241287215676795,1038.68160458985,0.117911800317415,0.278716299774985,-0.1440812812816
-0.846952996042079,0.194156156449115,1038.91726814322,0.235663553368795,0.191287064383855,-0.579396063901218
-0.933335340035577,-0.23149639208457,1039.40521044109,0.487942297867903,-0.171028855036803,-0.832809756493394
0.249628530077392,-0.557257359155206,1039.87517840225,0.469967961158318,-0.535298549796273,-0.609354428571565
-0.120466188375987,-0.637310771262823,1040.13534401992,0.260165617676421,-0.607764988981272,0.059883157441488
1.11384141880849,-0.482542245267758,1040.51221446986,0.376870449936632,-0.454042313018728,0.673047824442924
0.942486454536703,0.329236632944832,1041.24109363796,0.728879168100093,0.354171785861051,1.25033996591138
0.622081753841812,0.778863391771584,1041.61892353158,0.377829893618355,0.733333137368515,0.613228614111975
-0.947760835275127,0.627681161626835,1042.1450978948,0.526174363222481,0.617200292631375,-0.878821368009426
-0.724142129872333,0.690618537456425,1042.15807372929,0.0129758344858146,0.605554396047276,-0.915935118381296
-0.348025368111256,0.110524047425745,1042.5471801673,0.389106438018416,0.124932539772758,-1.40406104627206
-1.0766315425248,-0.520429217890467,1043.04334594032,0.496165773017992,-0.502081320231361,-0.988542563820222
-1.42802081660984,-0.542306510358268,1043.14096876573,0.0976228254116904,-0.592736690377178,-0.860185106650152
-1.07528083360453,-0.615733308521156,1043.15792249933,0.0169537335925725,-0.607138959353395,-0.838554673426724
-0.880456658015463,-0.611497017583826,1043.16792249933,0.00999999999999091,-0.6154401729307,-0.821527602126927
0.526911202989219,-0.693228695898431,1043.24944558321,0.0815230838809384,-0.675540663406003,-0.647338340020246
0.342005624003129,-0.468505675029606,1043.83853283377,0.589087250564944,-0.440605548481821,1.16088473255049
-0.602988954838806,0.257182815691715,1044.40743690224,0.568904068463553,0.260784059573626,1.13871837855048
-1.02940441190965,0.498593008150198,1044.68094145826,0.273504556027774,0.496438794588651,0.551683591536095
-0.0828400961239242,0.472707235662418,1044.72262090926,0.0416794510008458,0.516886444401926,0.429096896696813
-0.22926796911725,0.525927889708848,1044.9131146289,0.190493719633878,0.560767002656739,0.0290361145568357
-0.936480002723084,0.600724611863667,1044.9231146289,0.00999999999999091,0.560945174591431,0.00661471402710637
-0.435308803032798,0.600024577857806,1044.9331146289,0.00999999999999091,0.560864356856177,-0.0227527248894546
0.89761548103587,0.274099624689879,1045.40214633099,0.469031702090433,0.33029555784177,-0.830716483141589
-0.52408883524992,0.216122891337693,1045.67198472931,0.269838398317916,0.130539922042009,-0.629169700102162
1.58086379685902,-0.0555599117207232,1045.98533878574,0.313354056430171,-0.0821934086535591,-0.703857469622419
0.929890150276357,-0.0680259690305143,1046.10168871925,0.11634993351413,-0.149786634253346,-0.457551273909549
0.668799516088695,-0.12557477650411,1046.52532427409,0.423635554833936,-0.21124612578304,0.156614284133438
0.213940382234986,-0.115638855798547,1046.96348259347,0.438158319388549,-0.0565875599732404,0.509882613983744
-1.54712667206822,0.0746586026395849,1047.20689753552,0.243414942041682,0.067198477298451,0.497317080113946
-0.908501412885278,0.243838182770571,1047.47296672955,0.266069194031161,0.131703021334872,-0.00742968528731898
-0.00247820900374853,-0.00558582471381011,1047.71251277903,0.239546049483351,0.0977704288566539,-0.267664047242023
0.929368818700984,0.00419224288179062,1048.02389308749,0.311380308459775,0.0139896657690735,-0.261661083668493
0.567681440860138,-0.029402353324277,1048.12772288704,0.103829799548976,-0.00762317838530651,-0.154827399357347
0.525504841305606,0.00394037040355951,1048.38365512143,0.255932234391594,-0.0259044539707217,0.0100011075797263
-0.630960527291661,-0.111798454879438,1048.39365512143,0.00999999999999091,-0.0257758686420234,0.0157093788532717
-1.06650140406158,-0.132892088059721,1048.91423344402,0.520578322585607,-0.0881440802588508,-0.233207478988933
0.233143068186942,-0.00970427740954224,1049.13401905183,0.219785607815766,-0.156319655884585,-0.378919388442872
-0.673767908812403,-0.21579360944632,1049.61007458349,0.476055531658858,-0.245459774051403,0.00784484738759518
-0.812074305545647,-0.2262219497206,1049.77196976198,0.161895178486702,-0.245635899507124,-0.00976885982840325
-0.611760863155024,-0.241028631154873,1049.78196976198,0.00999999999999091,-0.245745654131604,-0.0121788300319844
1.14200799473396,-0.155529012176206,1050.21326514026,0.431295378278946,-0.253872060670063,-0.0233664564760829
0.824807408707796,-0.087130420021035,1050.77664185532,0.563376715066624,-0.0299259734138756,0.730221895530477
0.0355997670593091,0.051391923141024,1050.90149548433,0.124853629004519,0.0647348123703108,0.781635591388983
-0.0347178166639151,0.286462044624722,1051.17691231322,0.275416828891821,0.25685017104365,0.596215784367585
0.561163334944992,0.250807366947059,1051.27148659895,0.0945742857275036,0.30889254588295,0.502421208831142
0.198691897239171,0.288340297861251,1051.28148659895,0.00999999999999091,0.313893536739311,0.497772349574116
-0.928329118521112,0.371832690102058,1051.43685505359,0.155368454640438,0.380401960003866,0.353625826063654
-0.86966646501716,0.0718571495777701,1052.22172487818,0.78486982459367,0.0877818738032451,-0.882539105348129
-0.308460647651437,-0.1093446629766,1052.49439280264,0.272667924455391,-0.168317602996004,-0.969761970490742
1.47586249658939,-0.39481923624288,1052.66116637332,0.166773570680107,-0.320884995426197,-0.849086867601782
-0.0406689020581628,-0.320870744145629,1053.06973774318,0.408571369867786,-0.431850743622685,0.299594457570458
0.454776630542046,-0.313832393732828,1053.32554079921,0.255803056022614,-0.325857525390544,0.505663775386204
-0.311600742290192,-0.0233495321574125,1053.75427201606,0.428731216858296,-0.0436779048745599,0.749129307979889
0.946422870514515,0.215846881073847,1054.23854099735,0.48426898128946,0.229854090823835,0.34761594209715
0.337903901704331,0.346320624317738,1054.7015419081,0.463000910747041,0.39801571816496,0.333280408480835
0.238529955851852,0.335180264913084,1055.29083756766,0.589295659558502,0.419185067052532,-0.24168707354029
-1.32414558003572,0.231436417497513,1055.80351460389,0.512677036232617,0.22135551944636,-0.458486969070412
0.550936294222709,0.239107362853349,1055.8298026059,0.0262880020109151,0.208759415440565,-0.499599659495562
-0.591714569086742,0.0705073304101021,1056.13037644802,0.300573842114545,0.0781585869998759,-0.357815287091018
1.27195447693978,0.0977041999050136,1056.34666292758,0.216286479565269,-0.0108261471574279,-0.456743642673325
0.0771708147014216,-0.0759900330379036,1056.91667095778,0.570008030192866,-0.0318825977194976,0.347926916583549
0.046302854153782,0.0980550066151703,1057.26558790197,0.348916944190478,0.0829827716200564,0.298372275276197
-0.660036190999485,0.143219236717933,1057.69500116816,0.429413266192341,0.180504360332066,0.145359383817285
0.623076767313127,0.119462441904961,1057.70500116816,0.00999999999999091,0.181901845603536,0.134139876546996
-0.799574802709468,0.172150975273914,1058.0746571846,0.369656016439421,0.238876566632151,0.163795073621743
1.48662047579649,0.209193001473818,1058.32219501471,0.247537830110332,0.236902059176067,-0.172532822735022
1.47753646689154,0.21648769424403,1058.56960108092,0.247406066209578,0.225301272326251,0.0749528271255835
2.04382141253189,0.317850327748025,1058.62223517257,0.0526340916567278,0.230520611480169,0.123039393082691
-1.04592552726537,0.368814278624986,1059.04718553782,0.424950365242921,0.39578052352358,0.597344814539152
-0.0587068358268846,0.183925231123564,1059.85000557836,0.802820040540837,0.143582697750878,-0.978337559241347
-1.29332680474676,-0.304935945810906,1060.42644041778,0.576434839420926,-0.341597106981761,-0.611473720709103
0.806681411773132,-0.581440799898649,1060.78986725462,0.363426836838698,-0.550105300360127,-0.475633574516268
-0.439147971758041,-0.542983834738572,1061.02047875292,0.230611498297776,-0.579535457780367,0.214835890549259
-0.445519416148864,-0.566173804454357,1061.11539055462,0.094911801703347,-0.552359803779392,0.353781607182153
-0.0680728936094444,-0.489803830312723,1061.20335782039,0.0879672657731589,-0.516461751756664,0.458297397749737
0.608601285426251,-0.279958247105878,1061.51150230041,0.308144480017518,-0.324807226096484,0.731678254280913
-0.572867437900308,-0.0800534505422464,1061.80397788107,0.292475580663677,-0.077331147398124,0.923603483958724
-1.16588988901215,-0.0540307266893534,1061.81397788107,0.00999999999999091,-0.068139254995584,0.914732536529379
1.396309444388,0.0906767349999959,1062.08202223133,0.268044350261107,0.120890279254843,0.488017801070735
2.18401543544757,0.121509495154145,1062.09202223133,0.00999999999999091,0.125815318038433,0.496961401541714
1.03307459442304,0.514817114321242,1062.59233289221,0.500310660873083,0.529968041929024,0.973862195261689
-0.285080288837036,0.744759614568546,1062.86637563539,0.274042743186556,0.731043466368856,0.430689682906196
-0.516105968742344,0.509479856100123,1063.38479863948,0.51842300408498,0.482580926234934,-1.12968966178193
-0.105261316223103,0.0732759548016241,1063.71598002671,0.331181387232164,0.0617687577766828,-1.32976695833376
-1.63307551281746,-0.45130862649386,1064.20804544934,0.492065422624364,-0.490206811026521,-0.797731443982109
0.54277546095712,-0.709394448869375,1064.58367650636,0.3756310570202,-0.726253120296469,-0.356616208237452
-1.67640164230565,-0.745055128493468,1064.86871036775,0.285033861397096,-0.666947498025602,0.719083518263736
0.17754569461524,-0.402200270214405,1065.22091624238,0.352205874621859,-0.406869461129116,0.661422793497362
0.994137627759294,0.0906750541658068,1065.89451017112,0.67359392874846,0.124346761797668,0.757705017589913
0.00828441958007431,0.130721852967157,1065.90451017112,0.00999999999999091,0.131941362540495,0.761140788710524
0.771501322124162,0.089675334244359,1065.92889309101,0.0243829198827825,0.15030411287427,0.744925624770417
-0.503814816380149,0.219693741547433,1066.11673423939,0.187841148386269,0.289590817156335,0.726411746915626
1.03723202290858,0.473680665582738,1066.55020932106,0.433475081663119,0.440956733132685,-0.0460851421353495
0.928420008758601,0.392358865966019,1067.02684699374,0.476637672684546,0.398507465011146,-0.113280055941279
1.59561454331907,0.392168320568726,1067.03684699374,0.00999999999999091,0.397368357067297,-0.114529875236292
-0.591465725135004,0.356157837235641,1067.500813159,0.463966165263628,0.401956051073008,0.123266026977897
-0.758879611129121,0.356094983791555,1067.61438428558,0.113571126574243,0.40460125744795,-0.0750275936369376
0.0114609985282712,0.34396683501144,1067.99656028214,0.382175996565593,0.257043587068105,-0.643014992184605
0.164261723222051,0.13546792446001,1068.25898865979,0.262428377650849,0.0846789666621069,-0.651820730289454
-2.07533673073674,0.000861668081586844,1068.39208071101,0.133092051217091,0.00118979501847343,-0.599628818732913
-1.00554052663188,-0.251855229303025,1068.65692734935,0.264846638335712,-0.212925968370809,-0.987889420567485
1.32277005020302,-0.603814510358297,1069.18156842719,0.52464107784067,-0.654349717777936,-0.512727991345448
-0.0810438494771816,-0.743972865049337,1069.31019063726,0.128622210069125,-0.684446148023092,0.0444310889922288
0.24745007994308,-0.484810388215701,1069.81318402267,0.502993385412992,-0.384417434882055,0.935367806139342
0.361205454099816,-0.0412701002155896,1070.15682317062,0.343639147949261,-0.0382117155249608,1.02198987570366
0.16467369770202,0.414312491120533,1070.49606740677,0.339244236154627,0.2913745409166,0.881399221801813
2.22995105157491,0.566983325087581,1070.86024196664,0.364174559862704,0.527352297851231,0.362863301117015
-0.34794703866134,0.636664124976935,1071.05474656125,0.194504594611089,0.599829735732248,0.366348606245906
1.19292939902795,0.551647726375592,1071.34483892643,0.290092365183455,0.588641137574396,-0.419933976598185
-1.31489197600717,0.49746426398117,1071.59977531373,0.25493638730336,0.465060771512673,-0.514811429329603
1.42541594603935,0.317173053582547,1071.74261599656,0.142840682820861,0.368127078339443,-0.827936429974776
-1.54920630073037,0.301647221784363,1071.82470964302,0.082093646461999,0.303282006592299,-0.749116055909109
-0.681786009467718,-0.108028468078962,1072.1913084635,0.366598820481386,-0.0732595120096506,-1.23611763831539
1.25825910161193,-0.556515563884044,1072.59864852597,0.407340062472031,-0.535390495249201,-0.928797154775491
-0.167181013921534,-0.559948269561824,1072.76150348097,0.162854955003468,-0.636956175396321,-0.306961681333775
0.966455653456937,-0.628810245392609,1072.9349490454,0.173445564423901,-0.651528698590451,0.135988754946626
-0.745867360709921,-0.429341529722021,1073.22969261657,0.294743571175104,-0.475250929865268,0.977869302988325
1.09316137013762,-0.249613230155722,1073.42521075696,0.195518140385957,-0.285060311593037,0.942194731826745
0.152807342676285,0.305327621024071,1073.93351865844,0.508307901475746,0.2946508672761,1.21525726117547
-0.365659262425609,0.657276601148885,1074.22520894987,0.291690291438499,0.583211214724438,0.704377464222878
0.829570532561632,0.606260797003656,1074.28819991553,0.0629909656613563,0.621735896724751,0.516778673295356
-0.544663202957479,0.624989107001592,1074.83042317538,0.542223259842785,0.601551613354857,-0.524458463453777
0.196881399640721,0.549837224948905,1074.86210838019,0.0316852048167675,0.583670792390119,-0.603322477235699
-0.623461611607111,0.457335573223357,1075.09434322385,0.232234843660308,0.409336633593096,-0.854092033682124
0.28115856065832,-0.112607137880295,1075.54363150873,0.449288284876047,-0.0543232504761134,-1.10720335418706
0.253311441143887,-0.483362734314489,1075.98149187,0.437860361269259,-0.422711746150327,-0.514427732260829
0.452939982034532,-0.509472683883789,1076.05743868154,0.0759468115440995,-0.45667674834689,-0.37876707670284
-0.566850268042189,-0.46332074038462,1076.38697929302,0.329540611475068,-0.470650993142513,0.279697938378345
-0.776500340192023,-0.337905314974382,1076.64310875567,0.256129462651415,-0.379635874066895,0.409701611724029
0.109224913643682,-0.371620432821564,1076.80572805684,0.162619301171844,-0.313490072745728,0.397153492047552
0.170767209699543,-0.0888730171285018,1077.09670158317,0.290973526324706,-0.17557774520331,0.527971537847934
-0.371180862774343,0.0636183244528127,1077.50826355421,0.411561971043739,0.0507727564879911,0.538848867736793
-0.0831751843730026,0.166948336232593,1078.15446087873,0.646197324520926,0.222200800956788,-0.0218545603240209
0.592810979228502,0.232512722701307,1078.31240783797,0.157946959242508,0.211881546278085,-0.106952922384811
0.394552493774901,0.207912876275974,1078.70691739802,0.3945095600493,0.184706649731167,-0.0287749478505433
1.00296228958691,0.164675524743458,1078.94583848411,0.238921086088794,0.178206863954099,-0.0250616842354153
1.29566046730158,0.216432055503171,1078.95583848411,0.00999999999999091,0.177987735512105,-0.0187660537546544
-0.635686910279965,0.167377990021502,1079.04107805384,0.0852395697231714,0.179686376304732,0.0580157561019274
-1.68977373920866,0.0868141758783461,1079.34802785255,0.306949798714641,0.150566713372414,-0.236528267312276
-1.51647499593541,-0.0342656740789406,1079.69307097366,0.345043121111303,-0.0316931131624275,-0.782048765199253
-0.773824868249481,-0.491331467488156,1080.203503183,0.510432209342298,-0.512467557406222,-0.958729659572842
0.416380563090236,-0.762660577254349,1080.68866794132,0.485164758311385,-0.729594420452944,0.167158414979193
-1.26606432364539,-0.641038634165914,1080.85134947366,0.16268153234023,-0.656434082798156,0.706373806939589
0.549783457771855,-0.539381852296825,1081.04681089146,0.195461417806882,-0.50493063970064,0.807069116373624
-0.630114732545516,-0.257380942497355,1081.26589003376,0.21907914229746,-0.294254076484483,1.07682581683033
1.29810335583027,-0.055884595540649,1081.49834468412,0.232454650357113,-0.0617625634713489,0.904329303556281
-0.973268350268379,0.187294593660572,1081.78946393882,0.291119254707837,0.232864152298124,1.08425734429919
0.798707483614479,0.447115565217881,1082.08875587593,0.299291937104272,0.456880658444151,0.386071332302735
-0.537243002010186,0.500856999592984,1082.32468588877,0.23593001284371,0.523106743744088,0.164947010084045
0.465370770890957,0.555517506565589,1082.54049398249,0.215808093715623,0.50480935377308,-0.321681889605616
-0.62620961043337,0.229527105010634,1083.02793594347,0.487441960985961,0.273817264577432,-0.533930538527955
0.737706465301057,-0.0231381707366575,1083.33092637959,0.302990436120126,0.0754384691264931,-0.745004812368374
-0.617906978055043,-0.151433723189892,1083.82671042003,0.495784040437002,-0.161469537066608,-0.192584540101046
1.11990610725279,-0.311611711307877,1084.13831337482,0.31160295478594,-0.227220572832827,-0.219924209897769
1.52083898302325,-0.352094317584824,1084.24061446086,0.102301086040825,-0.24066577107151,-0.0437788220070063
-1.57737736724311,-0.0413896422507533,1084.70705081665,0.466436355788801,-0.0579730348566901,0.760274759813994
0.478811554707163,-0.0543296490807374,1084.71709127359,0.010040456939123,-0.0504322877175237,0.741775705474204
0.534226340033278,0.483733910282937,1085.44372386405,0.726632590463851,0.440256517947328,0.454563696445779
-0.276079880696071,0.40711820538403,1085.57014561738,0.126421753327577,0.489185895296902,0.315545207191188
-1.49131792150906,0.480335820719883,1085.98424071975,0.414095102370538,0.452930073740415,-0.449317604425821
0.935689462654317,0.264524503718809,1086.29731961123,0.313078891478881,0.203281141509371,-1.07963985567375
-2.19449649014289,-0.123124364320914,1086.72807962189,0.430760010660151,-0.14602149473027,-0.509972179110677
-0.167450850931668,-0.349353956605311,1087.02619614275,0.298116520860049,-0.360204897799541,-0.885893763378899
1.58449841385516,-0.383453036158046,1087.16010729733,0.13391115458262,-0.466640137123795,-0.694959875492189
0.323692666999687,-0.504160926298966,1087.41498951141,0.254882214078179,-0.531548467291472,0.183149915969039
-0.0346609644650596,-0.434928087558994,1087.5849799006,0.169990389194709,-0.472962773745575,0.492033353621151
-0.534014574049842,-0.317157119817738,1087.76354714558,0.178567244981878,-0.369131326726617,0.65395728456626
-0.845983768689646,-0.120904435759549,1088.11432013328,0.350772987699656,-0.14789676529312,0.570601450444842
0.160509260513119,-0.0713101609370486,1088.54585740786,0.431537274572065,0.0141919466586026,0.170874181189845
1.2097710119777,0.0579439474942583,1088.91888665593,0.373029248075909,0.0781105777974426,0.163930239557564
2.62022734745104,0.127719070700001,1088.92888665593,0.00999999999999091,0.0797982188783488,0.173582010493951
-0.264156365655837,0.0559031996704532,1088.93888665593,0.00999999999999091,0.0816523289309223,0.197215711063878
0.73400653151517,0.0526434953759528,1088.99989533117,0.0610086752424195,0.0926951769624462,0.164723902016407
-0.126899018443257,0.206402682756196,1089.45535361478,0.455458283607868,0.205245896043511,0.304072883737887
0.503113946731558,0.228525235717599,1090.14787211406,0.692518499277412,0.234643084880941,-0.198690898639172
0.887014269608948,0.1945819354634,1090.57551849028,0.427646376218036,0.161753499584592,-0.131123820568168
-1.43334230126076,0.0796467061622452,1090.82548729735,0.249968807072719,0.147758195882072,0.017412322374369
0.575611902581303,0.0150139606329108,1091.05121918756,0.225731890208863,0.108984236410486,-0.350691202096459
-0.604048367223299,0.160856132033026,1091.15339485547,0.10217566791448,0.0759815853402809,-0.294629266479086
0.438431853748988,-0.00593304889217221,1091.16339485547,0.00999999999999091,0.0730048420143195,-0.300697586925996
0.61911512879061,-0.0355058880509829,1091.34367457649,0.18027972101163,0.0262959340957715,-0.215879642161029
-1.62145167465972,0.0324163973402952,1091.91443680363,0.570762227144769,0.0100629847772598,0.144615727436814
-0.926535962519333,-0.0195731779024654,1092.38116836842,0.466731564788233,-0.0938345910349365,-0.546131924142499
-0.911599145980674,-0.505790926412832,1092.98820882126,0.607040452836827,-0.449653096864216,-0.509703087460888
0.254845559136809,-0.583749409191871,1093.71632827726,0.728119456008471,-0.543498177388697,0.273096985960063
0.164706525259699,-0.252824192850833,1094.16761023797,0.451281960703682,-0.267730307854653,0.829107260280277
0.619995820043387,-0.187740467203686,1094.17761023797,0.00999999999999091,-0.259420169474218,0.832851393953262
0.55616112345647,-0.240856022279184,1094.18761023797,0.00999999999999091,-0.251051636390854,0.840792687170582
1.4844806684076,0.294020456703717,1094.83693767268,0.649327434708312,0.340970043241456,0.833497457772638
-0.0520816273614273,0.620329962145865,1095.26816189254,0.431224219861178,0.666573664320619,0.544409862277914
0.0389170506385675,0.550509343414335,1095.72970957218,0.461547679644355,0.584361290092691,-0.790588964244872
-0.155146810171924,0.096022248844874,1096.25732064734,0.527611075159939,0.0589423235300468,-1.01283666851106
0.320605522511447,-0.281069855597765,1096.58116192459,0.323841277249585,-0.24647477482017,-0.841404245436219
-1.03957779267103,-0.452905980390322,1097.07923013754,0.498068212947601,-0.470399585550011,-0.0137423659630827
-0.681624821789854,-0.482085762977699,1097.62422872839,0.544998590853311,-0.424954171919302,0.151203629233058
0.425683180808443,-0.376316878603542,1097.8064850422,0.182256313803464,-0.390497617105783,0.221123484033527
-0.105337690084906,-0.303762495247898,1097.9159960888,0.109511046607395,-0.358308911642076,0.363015943583987
-1.31825070078801,-0.283537149927446,1098.15916761745,0.243171528643188,-0.254692643011643,0.472493926661764
1.34595587377493,-0.248514978794824,1098.3296605837,0.170492966253505,-0.188725849989608,0.298695759743652
-0.0543639331357305,-0.074070218018183,1098.5012707952,0.17161021150082,-0.115195190109277,0.549702162335085
-0.529594900819689,-0.0995212152872368,1098.5112707952,0.00999999999999091,-0.109702742117764,0.548744421141391
-0.863057734863145,-0.0174267870355941,1098.80925155973,0.297980764527892,0.0249194802271686,0.346222223103569
0.0854893259186362,0.064201331987889,1098.98833394282,0.179082383094965,0.0694539105825929,0.151330162027207
-0.107523793434541,0.113351014630321,1099.11262555387,0.124291611046829,0.0871763258445454,0.1332657191517
0.0139460068161231,0.0430134282294093,1099.57146327549,0.458837721617328,0.110971426895343,-0.027272717545411
0.0241786020193385,0.111747519847608,1099.75964354375,0.188180268263295,0.102472310888154,-0.0619327074303717
-0.566222199510313,0.0653104406244845,1099.90578609214,0.1461425483933,0.091877598323733,-0.0822598975151405
-0.971609867275321,-0.0545165661991083,1100.33378485125,0.427998759107595,-0.000226591109522428,-0.3258321639171
-0.585087047429912,-0.0214127016685446,1100.62239967676,0.288614825510649,-0.123396515751743,-0.510950405671486
-1.35668840926745,-0.293734068218991,1101.02987876211,0.407479085349905,-0.323756808351038,-0.436720776593256
-1.77751432959561,-0.410520520379958,1101.32025659065,0.29037782853834,-0.45648902700911,-0.449422735890653
-0.228098619098937,-0.39283699693215,1101.33025659065,0.00999999999999091,-0.460991091385869,-0.450937315141562
-1.05834045451428,-0.486283378618744,1101.6384381202,0.308181529550438,-0.527662251870329,0.0257722845770411
1.64155550040465,-0.498654740364983,1101.9465834677,0.308145347499931,-0.489505875652846,0.205479411068664
-2.42926458339402,-0.287199991613893,1102.26564158604,0.319058118343037,-0.285406793520126,1.00389368824727
1.48435687610504,-0.168450562257104,1102.54602796908,0.280386383036785,-0.0965646923069979,0.336531113421775
1.05087954379423,0.0518895992112493,1102.939374169,0.393346199919733,0.136171492380112,0.800140141535682
-0.107960797143332,0.350035932655899,1103.16007747656,0.220703307564236,0.317783237522025,0.826350376961428
-0.933174063556038,0.435133785671824,1103.3283746646,0.168297188031829,0.43642127259978,0.573172184343558
-1.70926158169922,0.512936328286951,1103.3383746646,0.00999999999999091,0.442027321537551,0.548002046333399
0.658361235145609,0.290699344218877,1103.81683762015,0.478462955557916,0.34137458761826,-0.87126118733543
-0.26564734752912,0.294980838008169,1103.90303513948,0.0861975193231501,0.267377553111299,-0.842269384017791
-0.409849855712558,0.131555851601676,1103.98931644695,0.0862813074738824,0.193227536549186,-0.873333285794468
1.38286249090111,0.218855693392574,1104.09746569156,0.108149244611695,0.0969510683014186,-0.902811669694585
1.26726859283064,0.0543494130605508,1104.10746569156,0.00999999999999091,0.088004465383526,-0.886475672405288
0.510970679314934,-0.120155637264906,1104.61381263959,0.506346948028067,-0.151813342941283,-0.0538726441359763
-2.12502535858565,-0.0997997018858733,1104.95094791441,0.337135274819502,-0.124026299321777,0.207680804565384
0.492504057470836,-0.21178513039822,1105.45199809121,0.501050176796298,-0.246451909819308,-0.635456467134987
0.843765967653825,-0.294261358907911,1105.83223182748,0.380233736273112,-0.380303228538523,-0.056492040607565
-1.10692562527653,-0.320474589347898,1106.20929722951,0.377065402029984,-0.278041935041607,0.555042925494975
-1.25372059902028,-0.221731209893893,1106.21929722951,0.00999999999999091,-0.272527777794869,0.547732851898301
0.257769357599778,-0.23882193368108,1106.44277192478,0.223474695266987,-0.173944933205925,0.328568941100018
-1.87121599519072,0.0193836927086602,1106.92431924951,0.481547324728581,0.0195852199228575,0.437582904250478
0.106674012747612,-0.115629821842271,1106.93431924951,0.00999999999999091,0.0238547734305087,0.416342401142188
-1.06779875013895,0.0490008109046681,1107.07913918969,0.144819940184334,0.0822091235522096,0.387001508321061
0.818729505847555,0.0928433326236065,1107.2971809215,0.218041731811127,0.13272185113592,0.0779469313012268
-1.27048894221539,0.155389559662602,1107.3071809215,0.00999999999999091,0.133526381236324,0.0829517816866041
0.890896767401412,-0.00314983041174746,1107.85871710561,0.551536184109182,-0.0348278779016639,-0.627393628680078
-1.12398353073138,-0.0386498220062666,1107.86944598585,0.010728880243505,-0.0414856434447506,-0.613684092511721
0.850102077285779,-0.123181559201872,1107.95819739487,0.0887514090197783,-0.0986494251410098,-0.67228786839955
-1.3013458776262,-0.238880507506338,1108.17365598125,0.215458586376599,-0.21021698169331,-0.359413656293274
-1.68734927131644,-0.229876011836252,1108.23797552638,0.064319545127546,-0.234629555269896,-0.398772781794463
-0.0977690972831945,-0.315989199980366,1108.27214652809,0.034171001714185,-0.248801722089348,-0.430408600877957
0.152520121787147,-0.341494514610265,1108.89181971343,0.619673185340616,-0.358325608188698,0.0899002786910085
1.0941535959633,-0.301261798235426,1109.26316857939,0.371348865956179,-0.262032055055562,0.39800177929454
0.487228781919613,0.0292622346999929,1109.78003639644,0.516867817047796,0.097721001697214,0.902110972496471
-0.323931573504384,0.219064596382199,1109.94664101042,0.166604613980326,0.244262267014057,0.847713128382496
-0.794674843301002,0.399299335212613,1110.57199009041,0.625349079989746,0.459180865650053,-0.201130637092425
0.401785881558381,0.333264829326791,1110.93750722401,0.365517133606545,0.267359991321415,-0.781830618792439
-1.81766595976289,-0.093536247321011,1111.50801175149,0.57050452748058,-0.102068808961596,-0.451932142544581
-1.05416999872027,-0.136015156913972,1111.64339068311,0.135378931613332,-0.175187289486841,-0.622573692620812
0.220642543377354,-0.498526472320291,1112.02394166579,0.380550982683417,-0.420726290867213,-0.614972769021544
-0.269331916744675,-0.439407122593065,1112.29581319824,0.271871532445402,-0.518344013612478,-0.0910444549885587
0.920074973247591,-0.544995876703449,1112.45540352523,0.159590326989928,-0.514029877121355,0.141318891120707
1.23502816603609,-0.108007492174589,1113.0025791928,0.547175667573811,-0.142633419748305,1.03689261689692
-0.0566394394356591,0.392059776218702,1113.47423203502,0.471652842219328,0.410658244787293,1.1936069454126
1.76716600219946,0.747600105611642,1113.8085314358,0.334299400782356,0.679122867697271,0.334649945393363
-1.23195247560179,0.70049827092468,1114.28895849722,0.480427061422233,0.673083054898477,-0.326675725670696
-1.5042017558852,0.589072161333915,1114.40115369635,0.112195199125154,0.61295405908814,-0.732109198675167
1.57755526608363,0.430743763597567,1114.62229909764,0.221145401289959,0.378863624531346,-1.32349594881873
-1.71825021541418,0.00534934997578566,1114.94131416217,0.319015064534824,0.035760757579935,-0.792779234096895
-1.05019780682008,-0.106588453496326,1115.17714273095,0.235828568779652,-0.184728236791002,-1.05361094773445
-0.765989706285237,-0.294545671765762,1115.18714273095,0.00999999999999091,-0.195270059914185,-1.05464470054195
0.247274362103855,-0.60187388367265,1115.60866449412,0.421521763170631,-0.583053319545624,-0.674877550319626
0.0982389296513292,-0.574089176336577,1116.07807851878,0.469414024653361,-0.579204065002778,0.634539024489304
1.7775649883797,-0.260435178652046,1116.44771442687,0.369635908094097,-0.258221583777477,0.995347257015048
-0.595809286532335,0.137435548675431,1116.70686963988,0.259155213004306,0.0523489208610362,1.36332003175818
0.548377310650524,0.476460659431757,1117.12254686055,0.415677220673842,0.472578361292804,0.588632634098229
0.232767943684657,0.516035235729499,1117.28790662921,0.165359768657254,0.551466074555037,0.355718430582935
0.234528476542192,0.51269661597107,1117.77085413962,0.482947510408849,0.505432075500612,-0.485860772413959
1.00979505741088,0.104921046394042,1118.43977473351,0.668920593892608,0.0692113881232796,-0.639776718588563
-0.277189566408607,-0.081306466685447,1119.12049352803,0.680718794525319,-0.0777923959190856,0.19361789927877
0.952209088091217,-0.0781267287198175,1119.38388975943,0.263396231400748,-0.0350570056687391,0.128463835293314
0.659573616881175,-0.0216874644047763,1119.47134725256,0.0874574931299321,-0.02024297241013,0.209284114082909
-1.73627440590167,0.00722199239008328,1119.53137698246,0.0600297298951773,-0.00663302382994326,0.243705222791563
0.855718125162949,-0.132833509569055,1119.96186467985,0.430487697388344,-0.0622763565916898,-0.468288418334546
-1.0115774182438,-0.141152383062917,1120.46340820998,0.501543530130903,-0.1430291038644,0.135648273136099
-0.520810650608751,-0.232036348527505,1120.8795781255,0.416169915516775,-0.151017504212381,-0.162283073021779
2.10155909901761,-0.119065917627786,1121.00519489882,0.125616773327465,-0.172205646823302,-0.173880665938508
-0.700030036365319,-0.0950355087053162,1121.118543286,0.113348387176529,-0.175726306709195,0.109245966463539
-0.720000250924753,-0.224346648123592,1121.761559799,0.643016513002522,-0.180330706505855,-0.110208460640878
0.946064070035856,-0.281242831657483,1122.04690418089,0.285344381890809,-0.221238464746761,-0.170006750570287
-0.397157277064411,-0.157141362132485,1122.40761492299,0.360710742095762,-0.18817356166581,0.332685776624356
-0.387735904976727,-0.0759667759238465,1123.11034053258,0.702725609589834,-0.0238339968296268,0.106471690366941
-0.994124029209735,-0.00218583552302666,1123.51210837739,0.401767844811957,-0.0121527283852234,-0.0447788970925886
0.404370093566324,-0.095393675838764,1123.57621101126,0.0641026338744268,-0.0169438603179982,-0.104283542843522
0.0612701430828429,-0.057010938600666,1123.6191562136,0.0429452023361137,-0.0209708416416985,-0.0832729837054612
-1.06952492267157,-0.0950222852557518,1124.15441467719,0.535258463585023,-0.0435016703698786,-0.000578603046749404
-0.558384289044404,-0.118231588792615,1124.44472103112,0.290306353930191,-0.0825501414857237,-0.258271235783932
-0.971488575398977,-0.27594902852474,1124.73705306652,0.292332035405479,-0.16630757640919,-0.304476767017163
-1.02226084662245,-0.314563621691223,1125.07655246194,0.33949939541435,-0.28947535689121,-0.398943073797831
0.0421012841505836,-0.477524349813931,1125.74037610781,0.663823645875254,-0.510728025663464,-0.166296767811461
0.498613780270456,-0.41782569067633,1126.02240405175,0.282027943935191,-0.487957445435194,0.310103930995458
1.59552438948756,-0.551030664407562,1126.03240405175,0.00999999999999091,-0.4847618769726,0.328994641068505
0.815632413574731,-0.153520350488042,1126.37878379,0.346379738254427,-0.22034396904205,1.11235181874498
0.0388570886815143,0.08654353141492,1126.66360122497,0.284817434974457,0.115592918654122,1.21025328554419
-0.548360123637788,0.0868564454970541,1126.71035229851,0.0467510735313681,0.17125552945452,1.17009123906652
-2.02793471752042,0.171185098534196,1126.72035229851,0.00999999999999091,0.182881036704669,1.1549564092714
-2.77985212736568,0.197886066215352,1126.75940890218,0.0390566036753626,0.225686751725563,1.03668474540592
-0.166901090751148,0.363446349719646,1126.90733253221,0.147923630024252,0.336980853306199,0.466202706308527
0.645215693954543,0.279961217834287,1127.62243628571,0.71510375350681,0.332047486131712,-0.420745556418051
1.59949703985546,0.235300272849962,1127.89197486436,0.269538578646689,0.223374579779254,-0.37123555031519
-0.204552583502033,0.116316610535528,1128.15529688934,0.263322024976105,0.170420844642665,-0.0324803288190871
-1.01630634428623,0.132362243383567,1128.4331197181,0.277822828763647,0.141555210257884,-0.168957348997308
-0.966746743457557,0.100197821769414,1128.56666470726,0.133544989164193,0.108457476227205,-0.323357329099825
0.250635594753036,-0.1992413698278,1129.17985443894,0.613189731674538,-0.230952663498921,-0.689711020807467
2.02173245713913,-0.417466228111915,1129.53845501871,0.358600579769927,-0.396830503976379,-0.214050131317522
-0.132317648068381,-0.31097278469239,1129.88368750724,0.345232488527472,-0.290119758247306,0.778703680611794
-1.4264035939763,-0.217932468968091,1129.96306847499,0.0793809677554691,-0.227946372725601,0.785242377191973
-1.54020485695901,-0.0992048022493142,1130.187753838,0.224685363007893,-0.0865485839891063,0.466795999508204
1.28468362861543,0.0149109583465201,1130.473448182,0.285694343999012,-0.0180993076449468,0.0164967116044106
-0.0239593196554322,0.0289093091849533,1130.73342909304,0.25998091104475,0.0281237429629556,0.328286711515753
-0.265727575063937,0.163186641116866,1130.93652879661,0.203099703571525,0.089052861059668,0.268469165526304
-0.440607326365044,0.0252313832340502,1131.38459589679,0.448067100179742,0.148875175569542,-0.00129483871297404
0.159998080539014,0.120864027053023,1131.81115671061,0.426560813813921,0.0865207008878008,-0.271375689767221
-0.388691777161514,0.0483557865124839,1131.84228395912,0.031127248517123,0.078133987153999,-0.267432363815873
-0.830571026204676,-0.0878918315867403,1132.32667509423,0.484391135108581,-0.0850186134401114,-0.37500353710386
0.0180057226417316,-0.0960214129329166,1132.50697613483,0.180301040601535,-0.159231043355237,-0.442220236980709
-0.545816240703568,-0.158535603051395,1132.66152590497,0.154549770135418,-0.220229090256514,-0.344402647203163
1.11228069472805,-0.242625821729231,1132.81989243522,0.158366530253033,-0.272682305150182,-0.314369766431318
0.641422660492838,-0.279192251364827,1133.32890438469,0.509011949466412,-0.199321469570461,0.546190378552417
1.21680735634117,0.0737347055046789,1133.70302212559,0.374117740903102,0.046282622629993,0.728151411358123
-0.39485089405941,0.10470317139654,1133.77193838312,0.0689162575292812,0.0981638453704414,0.775973582514694
-0.365190385956213,0.14447275748926,1133.91047578128,0.138537398157951,0.195716849502252,0.628799365550721
0.490799347974622,0.319570960269176,1134.41599822266,0.505522441377934,0.354724093478858,-0.0166097951408668
-0.953461924727481,0.350033968189989,1134.72674894668,0.310750724022228,0.330574751827711,-0.131066512366864
0.98529736261577,0.0221615792304543,1135.19950135052,0.47275240384397,0.106749238665396,-0.740571268086291
0.593366878663949,-0.131033709114553,1135.72580488431,0.526303533787768,-0.111489262020625,-0.0788194243143766
-0.224977980694939,-0.0111211371887486,1136.05266709947,0.326862215160645,-0.0934603215448429,0.179896818351782
-0.600686535029401,-0.08520111493651,1136.34921976555,0.296552666073467,-0.0467899308014227,0.131249417616748
-1.79896141803854,0.0453886140000819,1136.58588932,0.236669554454693,-0.0315628807850154,-0.00116479997975384
-1.56476290105628,-0.087979262203919,1136.87800152645,0.29211220644811,-0.101440475621175,-0.459030528951974
-0.842447808132641,-0.315966528690352,1137.2401742225,0.362172696046628,-0.327390407767384,-0.743035039885732
0.88795819923401,-0.626890092470298,1137.75766763315,0.517493410656016,-0.602498019992367,-0.210160440295564
0.679113548826148,-0.58731728325279,1138.06391584544,0.30624821229253,-0.521281524034104,0.687890994406575
0.505953979248772,-0.370972102816502,1138.21843880787,0.154522962425062,-0.393296490714878,0.948082318950782
-0.788554850024356,-0.0696753176207998,1138.51534163069,0.296902822823313,-0.0798214802448066,1.11384573562924
-0.0415051860578361,-0.0750021368227567,1138.52534163069,0.00999999999999091,-0.0687425032367666,1.10193193859638
1.13721694198114,-0.0696673298880373,1138.53534163069,0.00999999999999091,-0.0577463290596318,1.09730814898911
0.0272745417895876,0.328006274320451,1138.89366940287,0.358327772175699,0.360227198768081,1.1713174407545
-0.832954985206072,0.564283703837688,1139.12527266282,0.231603259952635,0.582371969143231,0.709018851498436
-2.20608038943617,0.556635858122933,1139.51210638944,0.386833726623536,0.596340296256088,-0.599979083350904
0.408161460318007,0.601668055432382,1139.54643093306,0.0343245436197321,0.573341182846279,-0.738731623216639
-0.304473372159276,0.511988749299261,1139.688496868,0.142065934931679,0.457833033197438,-0.869388574059905
-0.537166387365138,-0.0699802929444402,1140.18362898572,0.49513211771955,-0.0452953673082622,-1.03660322699645
-2.30446797003911,-0.46568847206704,1140.68316918847,0.499540202755497,-0.504861211989196,-0.687102807704092
-0.161758087461324,-0.535027145279669,1140.69316918847,0.00999999999999091,-0.511746697816571,-0.68995496654385
0.0403143554201419,-0.56064095176819,1140.70316918847,0.00999999999999091,-0.518552228596595,-0.671055148203427
1.19842119570154,-0.563349752107265,1141.27390199652,0.57073280804525,-0.52372414056233,0.591473644044549
1.26788220862158,0.0474105318746539,1141.82947775095,0.555575754433448,0.0767999228716313,1.35568916464508
0.00468504843539346,0.895292937004399,1142.59598372371,0.766505972756931,0.866806119353341,0.0763683863543424
-0.302492740868278,0.509721423878259,1142.99668862912,0.400704905411885,0.566095314513762,-1.31376326243688
0.585266905204454,-0.175588608416163,1143.49557369604,0.498885066921957,-0.157500399335155,-1.39985427412912
-0.236196807576973,-0.462251283516444,1143.78884180011,0.293268104070648,-0.48631214323737,-0.797224786154878
0.537484820342952,-0.637101519709956,1144.14764827054,0.358806470430409,-0.639553609106113,-0.0156914267699043
0.713031271874674,-0.463323225572694,1144.52471355182,0.37706528127751,-0.452733581025268,0.896125333191876
-0.971916411302287,-0.494750406839568,1144.53471355182,0.00999999999999091,-0.443691467798417,0.912177563382871
0.0209927036539907,-0.0703828427365857,1145.01789122734,0.483177675524075,-0.072605336761045,0.547553201297719
0.321113337634955,-0.0422300305573999,1145.30998483813,0.292093610785741,0.0786816047163677,0.47519516163015
-0.581737835857363,0.118805114025126,1145.66324851092,0.353263672792991,0.234805744445904,0.389136612596757
-2.03529913733357,0.363877059078404,1146.10217355043,0.438925039508376,0.278434857792947,-0.179112066820995
0.675150194863313,-0.00848781568518909,1146.53220679543,0.430033245001368,-0.00831187991097746,-1.07195353406762
-2.17208111481718,-0.00585568410347385,1146.54220679543,0.00999999999999091,-0.0189696937917463,-1.0596047820137
1.2481457116488,-0.249603857629752,1146.66662257793,0.124415782498772,-0.162245261890403,-1.23539405940184
0.542955144899658,-0.481336956100237,1147.00796278286,0.341340204931385,-0.442722955876928,-0.375286986199502
2.10946190245631,-0.288832440781246,1147.38515048057,0.377187697706177,-0.439388158329244,0.367961141527885
0.93277444256034,-0.138561841923224,1147.71629695523,0.331146474661637,-0.164903907443468,1.21210140167672
-0.150660441738162,-0.0470197749029165,1147.79115191031,0.0748549550826283,-0.0724847676551448,1.25430600506674
-1.01552762087925,0.306612664700655,1148.10750504801,0.316353137694932,0.281756753864066,0.950522213475396
0.823898124320575,0.352741068937811,1148.22551634999,0.118011301987735,0.378319650359234,0.681693955540894
-1.65144265983564,0.616864273078451,1148.84937953903,0.623863189037138,0.602308697709619,-0.0676111735150605
0.0207686552633719,0.285683830922615,1149.28683088541,0.437451346380612,0.262225437482828,-1.30815462140329
-0.244681737794456,-0.0510440356806751,1149.5660470965,0.27921621108726,-0.0894084833053006,-1.17763280414569
-0.937970645910396,-0.601016900320191,1150.02911035593,0.463063259433511,-0.53469744798012,-0.636575870746175
1.24672316516863,-0.686273268806737,1150.34957011258,0.320459756649598,-0.660434919222058,-0.111340515792134
0.371560641311652,-0.540329397536695,1150.58129560918,0.231725496602166,-0.583200076252226,0.73732909231538
0.00654374482793594,-0.352962330913468,1150.73956924967,0.158273640481639,-0.443585155049593,1.0011269308395
-0.943030234449869,-0.307175151621687,1150.82241274652,0.0828434968530019,-0.358288220539819,1.05250588434978
1.965728458719,-0.224425822248283,1151.01666999299,0.194257246466577,-0.167588669064945,0.894578300608554
-0.669691558661221,0.487417151725731,1151.47616258875,0.45949259576696,0.391198668271585,1.41422557626812
0.167454349667491,0.468161208331724,1151.48616258875,0.00999999999999091,0.405217578596575,1.38942754075871
-1.39578783001292,0.739365419296603,1151.90017301726,0.414010428508846,0.766778533055909,0.202947792980914
-0.761632834667583,0.799552209259684,1151.91017301726,0.00999999999999091,0.768543860850257,0.150129939511676
-1.22077275035849,0.606568989683866,1152.20337188321,0.293198865950444,0.629785981421767,-1.00099829599475
-0.808268036640244,0.385161086007488,1152.42798356357,0.224611680357384,0.340873426125445,-1.50044478144273
-1.34993276390135,-0.364924745816307,1152.90907034214,0.481086778567715,-0.408678041207546,-1.46874883786946
1.17080222335776,-0.923134042947328,1153.26711237271,0.35804203056955,-0.838523870153974,-0.739570391186405
1.06933750091592,-0.070450291420382,1154.02306384648,0.755951473774076,-0.0295831516086648,1.92852139789246
-0.334003445253639,0.627402983349358,1154.39090021,0.367836363514471,0.650877873965915,1.61818897187223
1.90210392733571,0.862680517057817,1154.7219808438,0.331080633808369,0.913962017428612,-0.15555566805813
-1.92725567790343,0.777986576729024,1155.02514291244,0.303162068637448,0.731071497864,-0.913772698133246
0.0462332272153476,0.0636891839811506,1155.40828066154,0.383137749103753,0.130562868422783,-1.98003768920238
0.249176605878421,-0.0850370111836099,1155.47866772332,0.0703870617776374,-0.00669356998926869,-1.91699763199474
0.710044056667323,-0.446474579652735,1155.76977615508,0.291108431755902,-0.497999780389736,-1.39450223008471
0.141395821758099,-0.753415919756526,1155.99942010318,0.229643948104695,-0.725526546794472,-0.534946927649483
-0.991669767274019,-0.348489576620737,1156.73160041951,0.73218031632382,-0.277164420815647,1.22517761225456
0.110252069702908,0.233108879333911,1157.28339122615,0.55179080664243,0.19999208931648,0.444461953732446
2.10082763522486,0.244362093875767,1157.50918564403,0.225794417881616,0.284686339990945,0.299232952265018
-0.728569839835766,0.534373661119022,1157.95320365392,0.444018009889078,0.511870131716489,0.637227469379292
-0.358632773958764,0.508224870666192,1157.96320365392,0.00999999999999091,0.518104854472786,0.609687690867616
-1.51341232389831,0.466276897319006,1158.49251287279,0.529309218873095,0.492224483764489,-0.634081829676722
-0.265412084080301,0.319975612366275,1158.73698852522,0.2444756524269,0.266688958794821,-1.16070666999846
0.730978375298899,0.207546945817038,1158.78679305494,0.049804529718358,0.208566270615982,-1.1719067273253
1.95532210912348,-0.309439984202923,1159.40420955679,0.617416501855359,-0.286493681453369,-0.358312245754114
-1.44351389482045,-0.340521499825029,1159.70816276354,0.303953206750975,-0.269103785581006,0.449189919049034
0.695396728830056,-0.180621094986415,1159.85586718493,0.147704421383878,-0.214389686538768,0.289770194515215
0.482872963940109,-0.0187807943901913,1160.36946589589,0.513598710964516,0.0385985949170115,0.632678173989993
0.0952097868398493,0.373880971918888,1160.86518544457,0.495719548681336,0.335299259251689,0.504973772644305
0.300633523595591,0.397362733164332,1161.03856613212,0.173380687541567,0.406490797982028,0.310649971328996
0.29652460155332,0.473908247698008,1161.49481919718,0.456253065059173,0.437972969993367,-0.165678842601178
0.649058281296148,0.267232555865131,1161.68522897792,0.190409780742357,0.391425828804554,-0.314034789044481
-2.34393568449765,0.239275835678318,1161.99725399379,0.312025015873132,0.287064788092505,-0.333984076483581
-0.920196416062947,0.273569887065403,1162.00725399379,0.00999999999999091,0.283582017364168,-0.362537528521116
-0.646668162415602,0.2399516390607,1162.15810319384,0.150849200048015,0.213848794491946,-0.554422651454447
0.86968295459938,0.0975679918163906,1162.49549945251,0.33739625866815,-0.00966261316008419,-0.7375052928452
-1.33763909038378,-0.232657197992648,1162.97385759779,0.478358145282527,-0.208393708503197,-0.0836734833476934
-0.449428586527435,-0.257675014808164,1163.20801409569,0.234156497898766,-0.249240250579239,-0.257373865494695
-0.224170402091595,-0.383476504426103,1163.64200089186,0.433986796169847,-0.329548644088876,-0.0992123472119872
2.45214102266911,-0.229190186449871,1163.93215638394,0.290155492085887,-0.33097456615212,0.0851374795085667
0.687121950069937,-0.362114878107968,1164.07166107309,0.139504689150726,-0.288479831580676,0.515622470838532
-0.506697876203362,0.100904461637458,1164.61552848235,0.543867409259292,0.101953669556304,0.824828967589711
-0.648131973952041,0.283711009106278,1165.16469056145,0.549162079095368,0.356381921493952,0.0666401772460434
-0.370400220072537,0.30907814564765,1165.53629213929,0.371601577839328,0.278283406363342,-0.453022357394658
-1.08876050681525,-0.144994448235562,1166.20641117158,0.67011903229286,-0.122597122301486,-0.632097296514158
0.289214695636487,-0.428120544279626,1166.51050660947,0.304095437887327,-0.330182642269602,-0.701827761970981
0.362079490607842,-0.413534084136988,1167.10291793516,0.592411325690591,-0.447507120452298,0.308505213752503
-0.726505154205862,-0.325131543088011,1167.44365396728,0.340736032124823,-0.269398280483206,0.685136195570902
1.1117800043095,0.0612159675352198,1167.91832414877,0.474670181481542,-0.016567741961246,0.347050759059183
1.02747350763695,0.328400089967722,1168.46845546258,0.550131313817246,0.283658864128482,0.665326822739939
-0.491109001379612,0.640966389483259,1168.9083175714,0.439862108819852,0.543618961717147,0.434617083837604
-0.9112644678456,0.491426751999444,1169.36185517612,0.453537604718804,0.479331368757405,-0.644081332327442
1.04915493933006,-0.236328703483431,1170.01406652638,0.652211350256266,-0.198226456292621,-1.19895185627903
-0.411332934508319,-0.284300624525138,1170.10590808849,0.0918415621072199,-0.299278386444402,-0.998687467591707
-0.386949325034869,-0.634332344242133,1170.60851754767,0.502609459186033,-0.629691526485467,-0.19178541474778
1.9189521940583,-0.620424820385094,1170.95182020713,0.343302659457777,-0.571831249135782,0.4833218999911
-0.0452093807982006,0.0813853233969234,1171.46932424863,0.517504041501752,0.0433912108391496,1.64989308859179
-0.0259283244238126,0.703676346157825,1172.17944108701,0.710116838380145,0.734027669878103,-0.0656944104961056
-1.15983523921599,0.646857393761173,1172.4692518308,0.289810743790213,0.588405482837503,-0.856997447700128
-0.440753477124269,-0.142294632242613,1172.99640357124,0.527151740438967,-0.106888594616473,-1.54217907253792
-2.21596737708146,-0.799744531066827,1173.55033012864,0.553926557404793,-0.750839206758135,-0.497006323417979
-2.48748460529112,-0.753697462451916,1173.83830325762,0.287973128978365,-0.813391916397223,0.0829119821748151
-0.998862319258933,-0.907996289995485,1173.90287831734,0.0645750597132064,-0.804407476707708,0.193609984682857
-1.14161271231996,-0.601508119410059,1174.31510972987,0.412231412532265,-0.531004875469376,0.931836399051532
-0.601723323274611,-0.256784123746474,1174.65825647024,0.343146740370003,-0.230359996481518,0.752955587394689
0.922936312525365,-0.21281858723543,1174.66825647024,0.00999999999999091,-0.222853554740964,0.748351075815674
-0.807309363714891,0.122066608392978,1175.00192772841,0.333671258173126,0.0704838306292356,0.968370504816726
0.886621747147751,0.274964092204104,1175.31627420002,0.314346471603358,0.297867477063769,0.460696218201833
-0.873772110893214,0.576603061535219,1175.91745238331,0.601178183294905,0.506922334493243,0.152290136631413
0.614081337491891,0.512486607060427,1175.98401090836,0.0665585250474123,0.511298648027346,-0.0201170098063963
-2.02268401866004,0.466969858495097,1176.34382276409,0.359811855728594,0.443651076685052,-0.32400047647859
0.269323567807394,0.394114726499842,1176.35382276409,0.00999999999999091,0.440252470212571,-0.355667515246595
-0.710233123639668,0.272324027267323,1176.73882639133,0.385003627243123,0.260277840379724,-0.528247276385849
-0.73454240510721,0.123581497376784,1177.09028235797,0.351455966638014,0.0243153404695706,-0.774461971753802
-1.58566383842254,-0.101318057192331,1177.27864626836,0.188363910393264,-0.126641618576441,-0.817958233351684
1.42729406606943,-0.228760654919098,1177.36158568863,0.082939420271714,-0.197398835794673,-0.885464372210416
0.230982409529908,-0.200567903557061,1177.40624919498,0.0446635063440226,-0.234634410252297,-0.781537975995953
0.356595921599651,-0.387763567358749,1177.72048062143,0.314231426449396,-0.415030937860274,-0.343241089414975
0.832952182302144,-0.419655828438724,1177.73048062143,0.00999999999999091,-0.418377389269532,-0.326035516300528
-0.272802500367017,-0.236224636268759,1178.26097148976,0.530490868335391,-0.303096170711649,0.670434219975356
-1.14894455499964,-0.334443611071556,1178.29582160353,0.0348501137675612,-0.279663039552418,0.673835454240644
0.988515485836942,-0.24273488783698,1178.37769351517,0.0818719116425655,-0.227379066474335,0.601780821701992
-0.233465413576112,0.200519272482395,1178.89703757026,0.51934405509337,0.196678836244277,0.937104671055915
-0.163749703666467,0.486046059975025,1179.4240149658,0.526977395533549,0.488478781484506,0.101934788776341
1.34401531627153,0.535833414853021,1179.54506525424,0.121050288440983,0.48799676788476,-0.107723868170815
-1.0108320172501,0.438747140772628,1179.98145843339,0.436393179154265,0.435252910651753,-0.113532224030021
-0.241128470588198,0.414568118816449,1180.15785728354,0.176398850150463,0.382306232617212,-0.474349686909566
-0.437767205200173,0.0122915622325843,1180.70431222385,0.546454940307513,0.0301773777351639,-0.713498529172392
-1.6756632435661,-0.342589657816094,1181.18557737094,0.481265147086788,-0.301963013616866,-0.607292219788546
1.01410842139435,-0.398650650954477,1181.32572408866,0.140146717724747,-0.39210811022145,-0.670382150976107
0.134644206935276,-0.514870068599611,1181.67015473185,0.344430643185433,-0.472590174933293,0.200922567135627
-0.558588682182883,-0.3668345360776,1182.02071756274,0.350562830888975,-0.325566550095271,0.587520121089388
-0.605539756937062,-0.0790103027586198,1182.50532031531,0.484602752572528,-0.074535972777879,0.402596269270877
0.552150168839122,0.0928258985050185,1182.92756564062,0.422245325311906,0.0329341712087879,0.101849966053159
1.69695608534068,0.0886297469546968,1183.2076826956,0.280117054973744,0.0768290817319586,0.204938851602508
-1.92285370447642,0.415320555356943,1183.76551096723,0.5578282716383,0.371027289522153,0.748324014975315
0.75234912351297,0.336313814158026,1184.11437575143,0.348864784192301,0.429071116609029,-0.397477918938943
1.10536090482317,0.425447964711658,1184.24517187141,0.130796119979323,0.375237288471732,-0.420231984588032
0.848858314422906,0.28426183370384,1184.33482828315,0.0896564117470007,0.338948586946351,-0.387397214563792
1.30351985803212,0.300672138242363,1184.34482828315,0.00999999999999091,0.335083384944285,-0.385622139247527
2.30472444054337,0.281429992178945,1184.87769963036,0.532871347209266,0.235576154944891,0.0216080814805044
-0.962283599719254,0.364883380735882,1185.17837789177,0.300678261410894,0.315750507870415,0.487437134648955
0.624924617672785,0.40173611583051,1185.38995104962,0.211573157846487,0.373615391395191,0.0593031023046736
0.231152037659098,0.47410920194083,1185.87438732754,0.484436277923123,0.356869903163889,-0.11559904037505
-0.460002195789527,0.282211413376168,1186.23892354587,0.364536218330841,0.278805256294142,-0.290357154607935
0.0183868524220467,0.16001162539341,1186.24892354587,0.00999999999999091,0.275852874094953,-0.3000941288474
1.25366144397579,0.0214068903338264,1186.68017287555,0.431249329677712,0.116520931108161,-0.404919446392507
-0.296511600761025,0.0243288507444992,1187.18290319029,0.502730314739892,0.0649966242231305,0.183932582379735
1.72375676152801,0.120150417241425,1187.51190103468,0.328997844390415,0.0971863423234908,0.012750436067558
0.538425144481025,0.121724213566321,1187.81182363426,0.299922599582715,0.164846706500958,0.420584822701536
0.188581794448345,0.15426446528416,1187.92849306875,0.116669434483128,0.213486251301482,0.410901621635528
-0.180343811315301,0.344640123023289,1188.39171852323,0.463225454484245,0.338901099031383,0.110905302659103
0.191663080981436,0.339556178986198,1188.40171852323,0.00999999999999091,0.33995476116428,0.0998304374502146
-0.540785619645893,0.3684625658032,1188.63312825702,0.231409733788951,0.343691305552679,-0.0648837139464581
1.84698611149979,0.400199748229047,1188.66080917142,0.0276809144013441,0.341362920561718,-0.103214658059453
-0.398640580092539,0.265054558673313,1188.67080917142,0.00999999999999091,0.340381606124269,-0.0930574084293938
-0.497189415438425,0.133023475880851,1189.02269939661,0.351890225188299,0.240539561368124,-0.444386474437774
1.59704277808754,0.31903397322165,1189.03269939661,0.00999999999999091,0.236054678954012,-0.452549370319259
-1.16142721043129,0.115713443029765,1189.36319493203,0.330495535420141,0.158274398707867,-0.0192313323691978
-0.586267218979833,-0.110586679156414,1190.01156311578,0.648368183746243,-0.113620696517179,-0.718422452045369
0.318927389236671,-0.0127232825840096,1190.02156311578,0.00999999999999091,-0.12080430040415,-0.718268112226705
-1.93119518787811,-0.280074142796823,1190.39338893339,0.371825817616582,-0.314788493766957,-0.30433965716435
0.0593525785941446,-0.436055420345547,1190.63818541751,0.244796484116478,-0.414697833136759,-0.491762866527316
0.110290305079427,-0.442640523610974,1190.73914787853,0.100962461022846,-0.456510743251183,-0.334430403630603
-0.830626550544293,-0.490918509475567,1191.21972545807,0.48057757953984,-0.427354063747319,0.412303476560352
0.377373444119635,-0.178965669182822,1191.87151133564,0.651785877573047,-0.188381005288711,0.240524103432829
-0.519189338736354,-0.057057834652854,1192.07762115477,0.206109819125231,-0.12606016677934,0.357100263057026
-0.675298249039421,0.00649657279979149,1192.42265546759,0.345034312824964,-0.0318190334812623,0.182832112309858
0.0495191714795849,-0.0137105821874471,1192.63360600413,0.210950536536757,-0.00880076830002224,0.03635890292161
-0.174146615901219,0.0620507776622502,1193.1749260492,0.541320045066414,0.0153892492157475,0.04807301166854
1.27759245885345,-0.069491719213297,1193.49680361045,0.321877561251995,0.0192945102313228,-0.0223282501484433
-1.00128259902892,0.0434908600850492,1193.84009824025,0.343294629803722,0.0801892675694005,0.359002835020482
-0.441677441888553,0.103735686225684,1194.38595651052,0.545858270261306,0.0834218387407631,-0.316423466020263
-3.17859387937194,-0.135174182840034,1194.87062244299,0.484665932471671,-0.105939060450741,-0.429120895139961
0.332746792635245,-0.224276691097961,1195.04121112589,0.170588682907237,-0.216989334872349,-0.85919744002996
-0.770787809984226,-0.261954917800613,1195.13608147018,0.0948703442857095,-0.29264862976501,-0.733192102477382
-0.0705130545173639,-0.57213189896981,1195.75220200156,0.616120531383331,-0.592594083799648,-0.106061002993832
1.19312521250379,-0.557133822356331,1195.99758583658,0.245383835017037,-0.555235331173921,0.389436802562215
0.626647585155584,-0.618201852524298,1196.00758583658,0.00999999999999091,-0.551193564716233,0.418860049967188
-0.812762388915642,-0.463299419149436,1196.18322201103,0.175636174446254,-0.4451256639887,0.765779167408394
-0.0297301802573259,-0.192057067361148,1196.43691567354,0.253693662516071,-0.255486914399905,0.699634858319446
0.756493974077811,0.052170952714907,1196.82787740289,0.390961729347282,0.0162774640316316,0.651903575423444
-0.664763013298302,0.0115339141355023,1196.98901401574,0.161136612845439,0.125427354823574,0.696115425913819
0.694496404617064,0.0705860873868801,1196.99901401574,0.00999999999999091,0.132324659113756,0.683333126907505
2.32664333187771,0.48954121672369,1197.50530016695,0.506286151217409,0.449592092177382,0.486236969845663
-1.78469793050615,0.71870686976794,1198.03802162342,0.53272145646838,0.725575939056743,0.369880703352279
1.94108002012216,0.00844263406666479,1198.77360682165,0.735585198234048,-0.0757555021915846,-1.87961002754311
-0.197594169835116,-0.572323210121166,1199.12755090416,0.353944082503176,-0.530241876406965,-0.624603962971445
-0.971144421415699,-0.542643116027631,1199.45769631545,0.330145411290232,-0.619719829690411,0.0979628676517577
-2.51609881679058,-0.520319959019795,1199.69997079086,0.242274475410795,-0.559331081285827,0.376968120093094
0.196370524802409,-0.468156106891679,1200.20162560729,0.501654816434666,-0.485530562402654,-0.0991349920477816
0.487544592980726,-0.403162925699497,1200.65216006115,0.4505344538602,-0.368506094453727,0.549363465416305
0.605250001024463,-0.220266603459132,1200.8893259653,0.237165904148242,-0.210596101596837,0.757555984521467
0.543824438911219,-0.0225306098109201,1201.17987523761,0.29054927230527,0.0299707615311857,0.870304104876964
-1.05083568750883,0.00464916786603745,1201.23480842171,0.0549331841052663,0.0778047346250043,0.870300240771629
0.157803914971719,0.187556983918768,1201.35518073781,0.120372316094745,0.17038260378281,0.665775467750804
-0.185578342075398,0.323022284718707,1201.76305762575,0.407876887946941,0.381733946637819,0.335076537473385
0.368981081124212,0.331646485080785,1201.77305762575,0.00999999999999091,0.385014839848172,0.321107529262321
0.104462855091419,0.325406675057236,1202.07757630179,0.304518676033013,0.440373000870798,0.0367372706110195
0.647750942667932,0.274474717996126,1202.75161985419,0.674043552400235,0.247248077940208,-0.489287212235528
0.281942530139947,0.0946330112303234,1203.22440150516,0.472781650972365,0.0682685462908809,-0.244026299736438
0.110185407554444,0.0365512489186781,1203.59848427529,0.374082770124915,-0.0018438188317455,-0.125689381376714
-0.589396736519903,-0.0334652045232793,1204.01222362839,0.413739353102983,-0.0373274652639369,-0.0437591791122816
0.237255735785805,-0.0310346876317043,1204.37931281386,0.367089185471514,-0.0832490544573648,-0.195946579141358
-2.58574679543176,-0.0953960684829354,1204.6226613508,0.24334853694404,-0.11576165286419,-0.0709630153795111
-1.09071445907216,-0.13163159870573,1204.6326613508,0.00999999999999091,-0.116586607872445,-0.0940042687545836
0.104060222826405,-0.134731201974983,1204.89077677358,0.258115422778701,-0.165576621068606,-0.276802604741712
0.547140663926719,-0.183518327919349,1205.44415797306,0.553381199477599,-0.222638812027789,0.0682421729395283
-1.23031685987199,-0.143709611092602,1205.77534894464,0.331190971580327,-0.149680860657992,0.354048544463712
-0.124658396609565,-0.183219620240847,1205.80067818814,0.0253292434983905,-0.141063886811877,0.326336225028282
-1.09640964815243,-0.0101148394706744,1205.90949236221,0.108814174066993,-0.105661630832887,0.32294160521854
0.291226400392996,-0.0847436930473026,1206.02151963748,0.112027275271203,-0.0760389178248454,0.205836482480478
-0.459088718977841,0.2245502739175,1206.85336061192,0.83184097444655,0.153620926808237,0.27430448502446
-1.0184779448677,0.246458942830043,1207.05060634912,0.197245737193953,0.189687906999005,0.0915029599012019
-1.28328094759712,0.109483703083642,1207.61873916515,0.568132816033085,0.0315522233930748,-0.581174247127275
2.003898680685,-0.0107551255210543,1207.70306831105,0.0843291458995736,-0.0210398416458906,-0.664055586140624
0.595365282558923,-0.0614527334564514,1208.06399017274,0.360921861695033,-0.107827135904599,0.168869877497388
1.42377884455234,-0.0609770721177035,1208.10365566401,0.0396654912672147,-0.100560157643615,0.197350898376422
0.954570378189782,0.191757386066845,1208.54741693589,0.443761271875928,0.11710413441499,0.730668370966088
-1.14052257778941,0.191285363943808,1208.70748101478,0.160064078889718,0.237227336650668,0.761889077510078
1.60890899695545,0.314495816314914,1208.8572351121,0.149754097325285,0.327626655938219,0.44211720175379
-0.15951943070665,0.562051886775066,1209.40182748811,0.544592376004175,0.590150469124428,0.396013279688132
1.06586278542878,0.747546827329788,1209.62353765912,0.2217101710105,0.61386883242345,-0.177971969751498
-2.34274129227342,0.579647331304328,1209.68290495098,0.0593672918582797,0.601209226676737,-0.247236918184666
-0.995733924267736,0.398453391313569,1210.00510712928,0.32220217830104,0.31977202641679,-1.38481505106543
-0.373902163592449,0.148553910389027,1210.15052890829,0.145421779017624,0.10917816809217,-1.49615780821046
-0.326598739138855,-0.703317481647589,1210.80759831826,0.657069409969836,-0.684065124195702,-0.609550250961263
1.32395625085528,-0.681089362895034,1211.0594954375,0.25189711923872,-0.737796166178451,0.188191113591029
0.032558128495891,-0.518179416735714,1211.34378832141,0.284292883902481,-0.519551453487932,1.2355865146423
-0.592942059796398,-0.588481372805073,1211.36428948705,0.020501165647147,-0.493989034081708,1.25756472742839
-0.185889569859111,0.283934843466793,1212.1559920089,0.791702521843035,0.294106528274669,0.514406995385796
0.581745105296096,0.453132245542871,1212.43920544076,0.28321343186758,0.389868414435507,0.153141916483292
-0.0909797009256467,0.376001044691047,1212.57468151764,0.135476076876103,0.405257442425658,0.073422279905922
0.563187296402668,0.421200954325318,1212.58468151764,0.00999999999999091,0.405928174348061,0.0607326020078789
-0.252559593594677,0.420483088640661,1212.72164529602,0.136963778377549,0.408546389556953,-0.0218262886986202
-1.38941455100485,0.279238508033788,1213.19846284189,0.47681754586938,0.263452548850261,-0.521566033793319
1.80657496317923,0.0260103066657614,1213.50023705988,0.301774217995217,0.0380087343245213,-0.934691722636227
1.84582166899735,-0.157019856991385,1214.00373867134,0.503501611462298,-0.149347294505449,0.176921074883299
1.06050207292503,-0.13671252795137,1214.01373867134,0.00999999999999091,-0.147474691115645,0.197569621580305
0.525414124054764,0.0283056862437173,1214.44174499767,0.42800632632111,0.0369888968450515,0.621452874557877
0.0837932658577842,0.110264328267499,1214.55797238965,0.116227391989469,0.109818801269304,0.628755544061268
0.491606622667846,0.320481404552729,1214.8891033575,0.331130967842682,0.286191146959176,0.416656618145985
-1.80290063170347,0.345643938965701,1215.49460621356,0.605502856059957,0.428673841876398,0.0152143795950962
0.614289614092038,0.254017557513303,1215.93043367853,0.435827464969634,0.18083818914698,-1.04648050856548
1.34095388403123,-0.115871032218872,1216.28363860632,0.353204927793286,-0.129869159999815,-0.685423445369833
-0.0381850516132373,-0.233178905361083,1216.7390243902,0.455385783882775,-0.237079082356714,0.201930378317604
2.06146252840954,-0.173194750905167,1217.08388535355,0.344860963348538,-0.148980361161062,0.293259055627373
-0.319652204057424,0.329114459051135,1217.64388178352,0.55999642996585,0.300619059202966,1.17702030646579
0.98054318661768,0.523985067591591,1217.83815755135,0.194275767832096,0.494167358395302,0.793836229669409
-1.80309897144708,0.449958087118449,1217.84835060573,0.0101930543776234,0.502205937501693,0.783363073497602
0.611623171791533,0.581648114026023,1218.17144274059,0.323092134867011,0.549949217345452,-0.47015821217453
2.01830137876955,0.547278158119989,1218.27763620924,0.106193468647689,0.494630157201396,-0.564878034671873
-1.9172520355781,0.483954927333541,1218.47372964072,0.196093431478403,0.4004247464309,-0.38350525885488
1.60021190940967,0.264979368117409,1218.73861545498,0.264885814264517,0.209842922320407,-1.01193544029178
-0.598997013482632,-0.108442479905956,1219.13046789599,0.39185244100031,-0.0500406214103449,-0.301855832109349
0.0235247652451323,-0.205425876315643,1219.66274397713,0.532276081145028,-0.238695968393036,-0.364645430238588
-0.58615529810995,-0.267607069249675,1220.18784240427,0.525098427140392,-0.31708984701924,0.0692190723364549
-0.691329077478496,-0.304810325273526,1220.74628486663,0.558442462358926,-0.261908241480157,0.109418904449509
0.614276581864153,-0.302334272351333,1221.37597293255,0.629688065919481,-0.226237003221303,-0.00103035150853954
0.231230514917183,-0.1540986233865,1221.40728775226,0.0313148197071769,-0.225720567949659,0.033914372133916
-0.553252093932128,-0.130937218336827,1221.82246107963,0.415173327371122,-0.156580489391583,0.278153990624022
-1.67426463692696,-0.134988061019475,1222.1804889529,0.358027873270657,-0.0828019986811843,0.128711004085075
0.0923733208676719,-0.0643000152468199,1222.1904889529,0.00999999999999091,-0.081593285664932,0.113038912651118
-0.584182824566388,-0.0714946107154359,1222.73219006643,0.541701113535964,-0.00018035514697745,0.169863304053804
0.888217808847328,-0.0396543537547038,1222.89439984087,0.162209774431858,0.0186091135801374,0.0622465145387043
-2.40511479685471,0.0459290367570028,1223.12490402512,0.230504184255551,0.0534925811656778,0.234374630294575
0.176120055342939,0.115082465457314,1223.30634071565,0.181436690533246,0.0537745892948415,-0.224322585231502
0.620423307377287,-0.00523188703926809,1223.43655764343,0.130216927775336,0.026217863069112,-0.197984023367829
1.52765790755935,0.0337778333929781,1223.69463855736,0.25808091393219,-0.0027329519407481,-0.027555505055072
-0.248871819823154,0.297724287677323,1224.47690436819,0.782265810825947,0.354248876412215,0.770312971129998
-0.383798401860238,0.417360315842206,1224.68882592337,0.21192155517906,0.479058632906628,0.393611280325258
-0.50210433110034,0.516583937964469,1225.00967952704,0.320853603670002,0.496729367014912,-0.270814416762763
-1.01090753889975,0.177684580730573,1225.45732295714,0.447643430101152,0.223813617738078,-0.84134189462958
-0.19690563908031,-0.0688662508396076,1225.77525774685,0.317934789716446,-0.0849141910175791,-1.05965076097308
-0.14513696266738,-0.234881907261839,1225.99662399262,0.221366245765921,-0.303345155034296,-0.895674357660131
-0.589307035680658,-0.476309035714334,1226.28818973748,0.291565744857053,-0.509216477620708,-0.48052953173959
0.295005593794462,-0.591008663542079,1226.70182602893,0.413636291450075,-0.578375124871991,0.155715518407285
0.312275042046145,-0.206182179528454,1227.24265353033,0.540827501401282,-0.242657897224342,0.900230051466407
-0.102581591212801,0.188981438495898,1227.6685447268,0.425891196474822,0.149169706113532,0.880419294152223
-0.328058086320793,0.50726204066261,1228.32378425507,0.655239528266293,0.467666385374959,0.00600995697930257
0.491144271323099,0.465344656696909,1228.67032869102,0.346544435946953,0.373613702415387,-0.5075236049915
0.567305415670915,0.284565967060592,1228.78340525838,0.113076567359485,0.315054123341809,-0.523872926148598
1.2747097857891,0.100684384997854,1229.15311091404,0.369705655665939,0.136818052310872,-0.413145537062802
1.15713426969473,0.170812990344485,1229.56129464369,0.408183729645771,0.0680979679509057,0.0698307764499256
0.661124311728135,0.187744039334454,1229.83896459121,0.277669947526647,0.122759159074473,0.312831695312508
0.0995537276805293,0.277473870619746,1230.2230656976,0.384101106388016,0.253166694087409,0.343845745641617
-2.16654995251262,0.317521454251276,1230.73584684021,0.512781142603444,0.33276239197877,-0.0398716734040685
-0.142046672087866,0.176375037860595,1230.74584684021,0.00999999999999091,0.332214136872484,-0.0697476064518201
1.27626687577556,0.193655726631591,1230.99978281243,0.253935972227737,0.286181733612423,-0.281525481599742
-2.69076024299185,0.315598279964711,1231.32628342204,0.326500609605318,0.234798414072599,-0.0316994316818855
-1.34943249593862,-0.0547842471365849,1231.75173910681,0.425455684773397,-0.0386919205622817,-1.16854836506736
-1.81186030150944,-0.0786659063955013,1231.80509295766,0.0533538508464062,-0.101949265443285,-1.20138283461598
0.676869174675655,-0.497468474242831,1232.1034771428,0.298384185143732,-0.488506040870954,-1.32069451570706
-0.0969495779688337,-0.524367301660642,1232.17432118881,0.0708440460061865,-0.574445628789908,-1.10039671806412
-1.82726891750405,-0.792327973410295,1232.62020220751,0.445881018698401,-0.741371677807433,0.410109892559507
0.0929015007425535,-0.682373340475764,1232.69808553904,0.0778833315355314,-0.705318373015344,0.510430555077259
0.790228400454279,-0.325503753578254,1233.15376537997,0.455679840927814,-0.27166808690692,1.16787785728689
1.30922955771724,-0.0577088557644866,1233.32845175203,0.174686372057749,-0.0579176365550145,1.26276539661728
1.64837052891991,0.287781091818928,1233.5475147513,0.219062999273319,0.232553717100032,1.36421595486483
0.367865520357302,0.391464624487914,1233.73678913738,0.189274386082843,0.493243659708645,1.35724144304979
1.93704848257986,0.733285287587578,1234.05361102012,0.316821882730892,0.790431414435619,0.408413837824879
0.0695176101188345,0.920755041335315,1234.25531297591,0.201701955795897,0.822771454864434,-0.0922247880885666
-1.02654158149303,0.78935340339575,1234.44950033305,0.194187357142027,0.730168125622784,-0.81582910580721
0.0978311558407753,0.155521608902185,1234.90754449288,0.458044159826841,0.0935728057123777,-1.67887961134141
0.703345347689904,-0.0293558992708013,1235.01662521872,0.109080725836975,-0.0844757498995171,-1.57994775161858
0.217582949095835,-0.575829670653789,1235.5242588071,0.507633588379804,-0.605202065816123,-0.3305290521261
-0.400983860232193,-0.428116629580535,1236.02728550983,0.503026702732086,-0.456671707640448,0.785396540737502
0.18816336782888,-0.149883507784328,1236.31689493428,0.289609424446553,-0.219331040682834,0.809864872324313
-0.0154306688805549,0.106120037380335,1236.71276016252,0.395865228240837,0.102500393416925,0.771966287755121
-0.675470747758988,0.303544110397396,1237.10268483694,0.389924674424719,0.343609573268974,0.431120131056778
1.55620824551388,0.257977178674366,1237.16609144078,0.0634066038398942,0.367337151612636,0.316942581435496
0.786238345020145,0.578655505543336,1237.96804766399,0.801956223207526,0.606561193929518,0.0998605219860935
1.55505523740348,0.482623247731823,1238.49152583969,0.523478175702166,0.473699410979336,-0.500124483989331
0.459763419688155,0.321349448117354,1238.85686251572,0.365336676027027,0.328598182186267,-0.262614549096171
-1.38244867920167,0.340890145092299,1238.86686251572,0.00999999999999091,0.32596005599578,-0.264997525517621
2.24865123508912,0.19761590479649,1238.94643639021,0.0795738744907339,0.298479654027056,-0.4233758325625
-1.0082969102326,0.267012951528545,1238.99313773416,0.0467013439490529,0.280602013396047,-0.342121919753305
1.32637685708073,0.138763625770681,1239.3232497649,0.330112030739883,0.0973416430896124,-0.731081673231856
-0.0728110806435672,-0.0937355261868363,1239.82435164955,0.5011018846551,-0.0746959289938331,0.0410148681272009
0.378164600528594,-0.0415896381179321,1239.9162835739,0.0919319243439531,-0.0706946019039794,0.0458715705350021
0.553494667744741,-0.0871479165829509,1240.15835432276,0.24207074885885,-0.0459155625710101,0.15459598830091
-1.06137190115736,0.0225372051768816,1240.4988619607,0.340507637942892,0.0353527232165288,0.30904009354738
-1.96097032668065,-0.00324679387330995,1240.67929827141,0.180436310712594,0.0702952334356262,0.0795734555834796
-1.18244850186156,0.0168245588522447,1240.88205008141,0.20275180999829,0.0439077255043821,-0.331068698219034
-2.3764904109851,-0.14389961563348,1241.24727766192,0.36522758050728,-0.139785993225765,-0.642276068633168
0.641598183256198,-0.480653181079391,1241.64452877299,0.397251111074866,-0.502729170156433,-1.08346642144582
-0.528575995014177,-0.217318435559914,1242.50040557441,0.855876801420209,-0.28459800755332,1.20186332179332
0.205444167778732,0.178783396605942,1243.0383646304,0.537959055984174,0.236858571088933,0.657483864931274
-1.83385699784648,0.445529547969573,1243.57136440264,0.532999772248104,0.456630759409204,0.11259207496257
-1.62480440819709,0.218582016424085,1243.96066574063,0.389301337981351,0.275752337465809,-0.955769219926759
0.746487897779829,-0.416440030406492,1244.53384187694,0.573176136314487,-0.459145201908394,-1.40775725665268
-1.40499861595879,-0.580310100064049,1244.56195256636,0.0281106894185541,-0.497570429081539,-1.32526802282428
0.104690772995481,-0.841785433407812,1244.9798363372,0.417883770846629,-0.876748321680806,-0.264967134388453
-1.35351772552263,-0.580998920752131,1245.36890014296,0.389063805757132,-0.625720485150222,1.31288615547558
0.768418503144699,-0.524648438414466,1245.53843038835,0.169530245387023,-0.403860880523258,1.26746315596575
0.293902574769386,0.219468600559464,1245.96834466557,0.429914277222451,0.196535870076856,1.41475748474268
2.29097085449627,0.71555845259243,1246.46200988514,0.493665219572904,0.705701406378342,0.44884808156615
1.98142055252172,0.675270248961448,1246.65647961563,0.194469730489573,0.768224424208795,0.17779655709162
1.00392261000162,0.599337490524246,1247.33051679613,0.674037180500591,0.554145911455769,-0.531603020263115
0.200315144370768,0.406854697858243,1247.67068159031,0.340164794176189,0.3565079157324,-0.571124965808049
1.75105799326358,0.336213347496462,1247.86615061049,0.195469020181463,0.239064792899555,-0.616961393457274
0.126278524604899,0.125129739751733,1248.22372407995,0.35757346945843,0.118747787056695,-0.0553394656668178
-0.0378887150745526,0.178706392828038,1248.24539304625,0.021668966295465,0.117527339293833,-0.0572917558959934
0.482271293296126,0.116357218684576,1248.41907848794,0.173685441690623,0.104004719138959,-0.0969912297898615
0.600601509406619,0.117112621640639,1248.64699555294,0.227917064998564,0.0901555510638786,-0.02478200362166
-1.09259200595148,0.102911265049937,1249.05789930059,0.410903747657585,0.113412433590728,0.12920988913988
-0.672349891668273,0.0918194401145523,1249.18585935235,0.127960051753689,0.118730992755556,-0.0444818393874023
1.31661721376097,0.101914084450227,1249.50637644565,0.320517093298804,0.0621176072663093,-0.295528469466228
1.20877481990256,-0.0422270528229024,1249.51637644565,0.00999999999999091,0.0592292881272524,-0.282153196323815
0.751942316695495,0.147396129387986,1250.0718911006,0.555514654955459,0.0820448225235166,0.330982005720918
-0.860205527910039,0.268138318483654,1250.60090160288,0.529010502274559,0.291198883978401,0.408726805145547
-0.983402950707702,0.361812477990421,1251.03035967444,0.429458071566387,0.305237159937486,-0.320257145325848
-1.45551012144209,0.259481238506343,1251.11195013349,0.0815904590476748,0.274037069291544,-0.442321354762268
0.961294045507847,-0.228281393816419,1251.69184624679,0.579896113297309,-0.219312152583862,-1.11861472198546
-0.969247304408588,-0.450488597310971,1251.98151784937,0.289671602580938,-0.450600025143885,-0.451625886058344
0.813633354708831,-0.461698531703011,1252.02899273948,0.0474748901090152,-0.471312811936937,-0.420228740451514
0.660264156136025,-0.454335241543472,1252.40588940041,0.37689666093388,-0.454876702112015,0.47293668605439
0.206980924976113,-0.0196841328460259,1252.97198667435,0.566097273936293,0.00164804216075113,0.983229282573946
0.262461718680629,0.22459599739956,1253.16912277006,0.197136095710221,0.187594520819965,0.891585807775508
2.16244094763083,0.546315068364472,1253.67574981704,0.506627046986978,0.516839030514719,0.316813746403629
-0.110707031068831,0.631100892574576,1254.08556893609,0.409819119042595,0.645245561638813,0.248669083962375
-1.25187928057574,0.654815007871534,1254.09556893609,0.00999999999999091,0.647588719983419,0.219950174358996
-1.25372240512482,0.556313562109842,1254.37181400133,0.276245065244666,0.563361233315008,-0.776008010900695
1.62669496539393,-0.121852658950004,1254.87959857587,0.507784574537254,-0.0689863065451609,-1.50170343756096
0.421757834456656,-0.300556151598369,1255.08429837657,0.204699800702201,-0.320977560887386,-0.947026186205594
-0.28191751513565,-0.507231894855777,1255.60400350352,0.519705126946974,-0.534406169002042,0.173057022527133
0.45250756121307,-0.505364339717113,1255.61400350352,0.00999999999999091,-0.532602703518928,0.18760185776728
-1.70616711766306,-0.0409752639374251,1256.33287376804,0.718870264523957,-0.0324356720151123,0.93351521843525
-1.25035716647512,0.0896254624842196,1256.65911262815,0.326238860104013,0.157236842570072,0.22677051709392
-1.74145790042008,0.0804196636258868,1256.99814575412,0.339033125978176,0.140569533716668,-0.307611652307105
1.0539811240859,-0.0616793664768348,1257.44404275394,0.445896999817478,-0.155661352850067,-0.951026192686047
0.48527989254388,-0.285465573714935,1257.71591804771,0.271875293767607,-0.34140979487662,-0.402479153187417
-0.612338033492607,-0.436326970905171,1257.88059253748,0.164674489775052,-0.386039394118722,-0.138281386388093
-0.658510873602309,-0.412414355126618,1258.31467059517,0.434078057681745,-0.396268577826834,0.0860692135794277
-1.83303877703553,-0.239354706917671,1258.86715504299,0.552484447827737,-0.306898309612601,0.199399643134303
0.852099005476663,-0.311639006571828,1258.97937012655,0.112215083553792,-0.291910948347265,0.0680136090379019
0.720852662221775,-0.0845369988697043,1259.41866190683,0.439291780285657,-0.134060472567093,0.598508237859837
-1.04379899706803,0.216867372683121,1259.84695887794,0.428296971107784,0.165053199826247,0.748365751487569
0.452650825448074,0.291149256962334,1260.12225765709,0.275298779145714,0.301425233097756,0.236099734101493
-1.41159117720283,0.358073842566932,1260.58040491601,0.458147258921372,0.360259287123473,0.0126630950242134
0.271180768321333,0.295545060351449,1260.85836759334,0.277962677336973,0.278161232024469,-0.575802558255509
0.676685827960716,0.0892330909121067,1261.34643443272,0.488066839374142,0.0136009218006448,-0.461924151209192
-1.53029269102733,-0.0370965061027,1261.42417434998,0.077739917256622,-0.0196147074942994,-0.392189186157355
-0.00175478064562185,0.0147237399283954,1261.43417434998,0.00999999999999091,-0.0236010846715621,-0.405063753972829
-2.56557764785236,-0.19945998351503,1261.75789276924,0.323718419263969,-0.138160777435476,-0.292657577507498
-1.63868148865711,-0.193042249043358,1261.98077359479,0.222880825549737,-0.252615343022473,-0.715590205393875
0.648384268322495,-0.232011602121851,1262.08036073182,0.0995871370307668,-0.326899519925456,-0.77176270417431
-0.0460728550953866,-0.508608933665717,1262.300410199,0.220049467182207,-0.448680178722268,-0.323953189239193
-0.0139249304052619,-0.401943801357962,1262.8820047175,0.581594518497241,-0.394959360947536,0.442694834725586
-0.586779093350584,-0.106309890681193,1263.37431753572,0.492312818216533,-0.116169215629436,0.611869390243492
-1.72627286137685,0.0955224843913995,1263.97352336633,0.599205830615347,0.10978282078164,0.120812442193817
0.389275173013419,0.0675959001149067,1264.08237138399,0.108848017654054,0.111191395405825,-0.0930416059798009
-1.33861463409664,0.113858925556923,1264.6550415485,0.572670164517376,0.0926855627710264,0.0264111914436925
-2.12957290826385,0.0895165409658546,1264.67113062248,0.0160890739809929,0.0929115259478763,0.00170964840407485
-0.716851006363863,0.0504900181087518,1264.98149129815,0.310360675669699,-0.0110155550997896,-0.643568027018394
1.55920025815534,-0.144488844786817,1265.14625923193,0.164767933772964,-0.121008287278317,-0.684706827436302
1.11680066748568,-0.195535133535789,1265.57389407892,0.427634846992078,-0.216899056126611,0.220976095061143
-1.56144660495693,-0.189867351762481,1265.71578742387,0.141893344950631,-0.171218420142704,0.417778361623449
-0.484347078387897,-0.111401531580001,1266.270046357,0.554258933128494,-0.150168499921736,-0.311886223714606
0.552399595510098,-0.257603808320339,1266.67329597243,0.403249615434561,-0.2688042746843,-0.256879801472008
-0.0838732198044696,-0.283846644344546,1267.3308206274,0.657524654972121,-0.175858290817185,0.467823270116611
-1.80833003584548,0.0722941266201131,1267.94625132035,0.615430692948166,0.0861137239888591,0.334117561539097
-0.306240945298025,0.127285591524463,1267.95625132035,0.00999999999999091,0.089347415949354,0.312631661641498
0.881816234211036,0.1678389101092,1268.11301487207,0.156763551717177,0.130247912944119,0.208210294872339
-0.141980780774452,0.164063224910412,1268.26747478614,0.154459914065455,0.167979922327514,0.277193651106645
0.633282704796942,0.15620076560842,1268.41302406652,0.145549280382738,0.201389135142068,0.181015737399347
-0.0939406125982616,0.343476785351492,1268.94956588111,0.536541814589555,0.29909324024004,0.158081668266173
0.452312434604578,0.322705586386272,1269.36471312825,0.415147247146251,0.289392964573883,-0.190244447955214
1.20111945035667,0.263595216069527,1269.69983310217,0.335119973914971,0.221268441522081,-0.204507324826732
1.3917247046704,0.263674031438762,1270.04726050355,0.347427401383356,0.19859298412623,0.0694326209802712
-0.143395057144446,0.159603517062081,1270.37134160559,0.324081102040282,0.264878278707607,0.322728200538335
-0.135415423625993,0.365483085785665,1270.53779421876,0.166452613166484,0.305429575959965,0.163079913153689
-2.17988864898916,0.319163477390984,1270.86738228644,0.329588067678742,0.307615927083118,-0.141754421886011
1.46205201005659,0.251206872885577,1270.96694072993,0.0995584434947432,0.279630044150392,-0.41658963351931
-0.0519795353868372,0.217484669318569,1271.29222775204,0.325287022109706,0.199800220841556,-0.0714084925181931
0.322286396966146,0.173384946802546,1271.39689301287,0.104665260827915,0.189913381616493,-0.116668988537374
-0.606471943457065,0.036728502878028,1271.65908090023,0.262187887361051,0.159078988358767,-0.115254370582896
1.10959365801717,0.0680278303233783,1271.80778805767,0.148707157439731,0.132556190719479,-0.23838846256838
0.516667451685346,0.146761810799093,1272.31654158173,0.508753524056601,0.130038337092416,0.209611154384832
0.183697619626867,0.190056537024514,1272.38895511473,0.0724135330062836,0.145551372365395,0.218360073301358
0.359478380636965,0.256327385541311,1272.58513907364,0.196183958905067,0.18346920124414,0.166060962576553
-1.38542214993334,0.23171467347973,1273.11656352663,0.531424452990223,0.247111604058676,0.0626453753932758
0.580624071913742,0.142202094495085,1273.56698802319,0.450424496559663,0.0940332571907486,-0.68434944796875
-0.0561477326562541,0.054577679190789,1273.63535565582,0.0683676326275418,0.049008883302632,-0.632048931866544
0.628735563325156,-0.0326703774168677,1273.85478953079,0.219433874970264,-0.0837996399632948,-0.569738205001111
-0.544526632209565,-0.137461165123294,1274.16737207849,0.312582547700003,-0.206338062408378,-0.208700782334096
-0.00852895928462224,-0.224032573897356,1274.38738453302,0.220012454535436,-0.250904759452201,-0.192163356851247
0.790260912810238,-0.230372523513584,1274.72184931917,0.334464786151102,-0.27735147321213,0.0322574870828182
0.309964159216986,-0.221166498457107,1274.96003510023,0.238185781060338,-0.231294515407745,0.342773843187615
-1.29579121927987,-0.21294432675722,1275.17082329587,0.210788195636269,-0.146338456287122,0.4537354025373
1.01942524459435,-0.0538018445378433,1275.50755540325,0.33673210738425,-0.0634168018262867,0.0404075682832206
1.26826005348253,0.0500938394885129,1275.94272321353,0.435167810279381,0.0494254179099403,0.446728067442674
0.550923083999511,0.247332083814169,1276.41108195027,0.468358736738082,0.334985337360305,0.704241000372446
-0.332067681751118,0.507889001312057,1276.86226639605,0.451184445778154,0.551603314295084,0.190573863214921
-1.85503866859681,0.585299240853162,1277.04410104659,0.181834650539031,0.547703182032782,-0.22633229770262
-2.43872431138121,0.330414047217225,1277.41135798728,0.367256940694006,0.255821265367114,-1.24635168119069
1.34796070071091,0.0836219345200929,1277.50437655754,0.0930185702570725,0.130093930697108,-1.45030370107365
0.896971637824865,-0.142365869078597,1277.78172341158,0.277346854035613,-0.196469953375594,-0.885846382775834
0.994707480204334,-0.257767897949802,1277.79172341158,0.00999999999999091,-0.205239333580935,-0.867990717787992
-2.10306429482474,-0.328800320645153,1278.33292148405,0.54119807247298,-0.376086394163978,0.240967627442447
-0.0272703041648918,-0.425950504603795,1278.64328984424,0.310368360190296,-0.359280220877678,-0.126516346414002
0.297685110777366,-0.325170410417075,1279.29189005304,0.648600208805874,-0.258709519247243,0.36845452456465
0.335185721806303,-0.0180598417210214,1279.75109223038,0.459202177333509,-0.0370390196449852,0.549321806537231
-0.66918059804952,0.0893029319393631,1279.97198730141,0.220895071036239,0.0855307168827293,0.551265010566154
0.355979386941293,0.177765101705552,1280.3313305893,0.359343287888578,0.20812721113144,0.126424640371311
-0.28798799314088,0.210839810621905,1280.67916857496,0.347837985660135,0.240464189060874,0.0563504850580104
0.391590794205093,0.13159492399864,1281.09967711504,0.420508540075843,0.193684209622978,-0.258544036891128
-0.842722728597992,0.179477016607094,1281.53139238861,0.431715273573445,0.098001308410575,-0.171835164379365
1.25428699222858,-0.00491204441281133,1281.85799405799,0.326601669376259,-0.00365499602420535,-0.43216212260269
-0.0433793498490611,-0.0406640011585356,1282.07559244742,0.217598389426939,-0.0627643073935994,-0.11259645706583
-0.498723879553436,-0.10686034193423,1282.68759230806,0.611999860647984,-0.101444911847541,-0.0107140988362824
-1.88830118350222,-0.23549299295645,1283.08066722277,0.393074914707768,-0.125534042744023,-0.105255801029258
0.368892914681901,-0.302841064451864,1283.52560696844,0.444939745670354,-0.308212706408351,-0.658732859217535
-0.102619511136102,-0.537705785324607,1284.03933176129,0.513724792845096,-0.431440025043518,0.187833022507052
-1.86133056274987,-0.319329533715795,1284.425977205,0.386645443710222,-0.295242643462232,0.47145799704926
0.0523344424020343,-0.257222496027164,1284.92678403733,0.500806832333637,-0.235918726289358,-0.21967378070311
-1.52727908975991,-0.288981093486442,1285.03723455183,0.110450514497415,-0.255864705332646,-0.141150865441745
-1.55718027047396,-0.342095764791537,1285.35300537535,0.315770823518505,-0.337962350373825,-0.358726132457466
0.131112540131853,-0.432545750248723,1285.64619820543,0.293192830084308,-0.457626391848859,-0.430041986196936
0.15831711521691,-0.543161830386997,1285.92750674091,0.281308535476683,-0.506982597385658,0.0800564306702936
-1.23358203583426,-0.298044914838305,1286.45151635365,0.524009612739974,-0.273579329034065,0.689221186539422
0.470341199404104,-0.0903403027904407,1286.75102964253,0.299513288881826,-0.114224492900788,0.36272600903618
-0.676678773093931,-0.0708406837650449,1286.83298776892,0.0819581263879172,-0.08283044275591,0.402164453124244
0.800099282600822,0.0677054992808484,1287.1953256366,0.362337867686165,0.0138111708385775,0.12779062774711
-1.09647958758423,0.116447092948014,1287.62384784797,0.428522211364225,0.124221858298154,0.362606347251804
0.0736143346127641,0.0796590061674029,1288.00631375627,0.382465908306813,0.152999248227794,-0.1983678492506
-1.44593395267267,0.0614384968260333,1288.2855221054,0.279208349123564,0.0936471198182326,-0.220089453058245
0.0338230006011652,-0.030269445232867,1288.47865487084,0.193132765439714,0.0242682959746811,-0.489419657853003
0.0138973234341365,-0.0973054485647389,1288.81705677603,0.338401905188448,-0.123093559369055,-0.36783593469569
0.119667370583589,-0.138610267144379,1288.91908454735,0.102027771323492,-0.158163019451619,-0.318651366522679
1.13173028465435,-0.235438913770874,1289.45286580132,0.533781253972847,-0.234110767041929,0.0359797790630412
1.58990311304594,-0.22490656445447,1289.65576665767,0.202900856345423,-0.194485699237141,0.345738851958878
0.259093865856343,0.0319629033076886,1289.98686176005,0.331095102381141,0.00896720108925246,0.844730992343262
1.10500210564376,0.293062531617794,1290.44061348589,0.453751725841357,0.348566900760295,0.594314732241744
0.391847379317968,0.339660738118129,1290.47842000181,0.0378065159243306,0.370942725702147,0.588866757902178
-1.36864940048859,0.545606293306356,1290.84684285435,0.368422852540107,0.512458872924887,0.148727242787985
-0.863391284388723,0.450091076380183,1291.22894958898,0.382106734627314,0.360736114800453,-0.859605120556791
0.999119418292799,-0.191331667388835,1291.7310783834,0.50212879441483,-0.174370794390154,-1.15251870695612
-0.201452746136757,-0.445817859357975,1292.35737052203,0.626292138629651,-0.449514489531161,0.311713092767806
-0.376810815858063,-0.206148246445346,1292.97698081857,0.619610296545261,-0.148955399085472,0.536571201475929
1.23800231978778,-0.0174138371340262,1293.73517251891,0.758191700336056,0.110755502670224,0.108079707285972
0.180519716784778,0.138139934585893,1293.80390413848,0.0687316195751464,0.120401079188929,0.1719782861407
0.667832655840342,0.100069194165371,1293.96113106777,0.157226929282615,0.14533837933236,0.144119678168394
-0.416748474793452,0.239627300182012,1294.33765867537,0.376527607609205,0.215491803210041,0.215244822609263
0.806464975870365,0.253971580798074,1294.35181381859,0.0141551432111555,0.218437839959096,0.201007012364132
0.108227549774613,0.173142285214451,1294.41549729885,0.0636834802639896,0.231649835444539,0.213469710951958
1.02626259041244,0.249983648353024,1294.92707059055,0.511573291702462,0.269046187180884,-0.0647757539345215
0.359504554250009,0.255133369183078,1295.18135599306,0.254285402503683,0.266003313741585,0.0390259753271158
-0.156095590324218,0.244584644434714,1295.56160423033,0.380248237273463,0.261082821754824,-0.0607420838421475
-0.452493694336331,0.173989441585979,1295.83415643412,0.272552203789701,0.219409877515155,-0.235580780415042
-0.00697967632187295,0.183305180904974,1295.90751759379,0.0733611596731407,0.199975351243562,-0.293261709449293
-1.12727173478542,0.205102585873192,1295.99332905519,0.085811461397725,0.173800245190451,-0.315699112533782
-0.81676753009526,-0.150994099395227,1296.46698885182,0.473659796629136,-0.0981272170935154,-0.769119419526007
-1.73698992544432,-0.61068855987103,1297.06607656001,0.599087708194475,-0.525030986212054,-0.508998748882539
0.441163349084674,-0.570272911845152,1297.20599262797,0.139916067952981,-0.592036449102102,-0.439129300090491
0.222603290179465,-0.590381990695654,1297.42289208217,0.216899454204167,-0.618402653189436,0.191777603654996
-0.920586668068682,-0.331930200804966,1297.83118963242,0.408297550253337,-0.37270194282473,0.88646622313772
-0.00377945545606787,-0.145924811157964,1298.05273194954,0.221542317116018,-0.19028460395889,0.741470294311004
-0.0360427775368048,0.0860079259004583,1298.35674998807,0.304018038529648,0.0292831462361027,0.680752612558059
-0.438095985807732,0.0887053306426102,1298.36674998807,0.00999999999999091,0.0360688908808127,0.676360875156346
-0.572803525669877,-0.0199929001065142,1298.37674998807,0.00999999999999091,0.042790297249945,0.667864743345114
-0.129097707299829,0.224292821802338,1298.79859947102,0.421849482949256,0.22780022713273,0.195402819438096
1.27396742219219,0.24439797965217,1299.25587272014,0.45727324911627,0.240513331517396,-0.129968888394
-0.046044199591978,0.252614892882797,1299.77961035943,0.523737639296087,0.273510144367311,0.231278211954841
-1.20704574547313,0.275958231505933,1299.91052175083,0.130911391403743,0.296747969726307,0.123276076960617
-0.0464363649366636,0.290900229623347,1300.12891461008,0.218392859248297,0.27773918568478,-0.287568921513682
0.519516114865847,0.169932192217286,1300.55015773709,0.421243127004118,0.121258692917399,-0.421503205972434
-0.166113834691396,-0.0814466274795066,1301.13160297079,0.58144523369856,-0.0282703758031998,-0.0799292847666706
-0.451382805916326,-0.0393993681029714,1301.6462129212,0.51460995041316,-0.0741366982220538,-0.0898046165072219
-1.38663818025097,-0.0354766315734315,1301.6562129212,0.00999999999999091,-0.0750474990795411,-0.0923528227725146
0.552705135980713,-0.155835409063433,1301.97261761137,0.316404690175659,-0.158754378920108,-0.418382916295402
-0.0459131646012573,-0.144018919594995,1302.09371572355,0.121098112175105,-0.201246206964906,-0.282621104858517
0.643669006472326,-0.267362670634586,1302.47099691358,0.377281190028043,-0.266494480523977,-0.0586107216230852
0.0696661902336006,-0.188416202937944,1302.85045302286,0.379456109277953,-0.2023149825221,0.371303362360492
0.68023259713919,-0.137950954514927,1303.12252916485,0.272076141992557,-0.0927326388750304,0.42144453209428
0.0713953398436731,-0.0394063347662519,1303.34497868274,0.222449517893665,0.0150494477814456,0.537313184846582
-0.606942225557315,0.161947448057074,1303.5260001911,0.181021508357844,0.107671151604127,0.481075641873254
-0.114810170977211,0.246387968726041,1303.97828238224,0.45228219113983,0.21169896979469,-0.0211939642494789
-0.583326051008665,0.176927558050208,1304.46571975674,0.487437374498086,0.142357428386171,-0.240040859398294
-1.60354245923924,0.197296032623363,1304.60008016785,0.134360411112766,0.103613829786181,-0.333693801640571
-0.311487504839283,-0.442226466054375,1305.35005343665,0.749973268801341,-0.473659681669852,-0.967520648080857
-0.668863345356173,-0.70835662370077,1305.67162089866,0.32156746200576,-0.676534791722215,-0.235021170422983
-1.54705054163778,-0.584420641087156,1306.17357671371,0.501955815053634,-0.530039086209053,0.677564451144682
0.370390611647789,-0.308378641126472,1306.81728546421,0.643708750503038,-0.230707487415516,0.149732009271712
0.495114821147001,-0.0601255651574878,1307.4080607554,0.590775291189175,-0.0332586636058768,0.457401752651719
0.484743215327882,-0.0270674625097711,1307.61091525698,0.20285450157553,0.0648691243829916,0.502595324211118
0.0175296147954945,0.251864542007545,1307.93448540357,0.323570146588281,0.226589644290451,0.477192107086174
-0.198797382319132,0.342279779577716,1308.39184285048,0.4573574469091,0.355938152746833,0.070662205587593
-0.0223902335589007,0.358078919154424,1308.44119068341,0.0493478329306072,0.358006061654683,0.0133178644236363
-0.458505849724564,0.448198030315355,1308.60692346284,0.165732779435075,0.347268914551856,-0.139617709802031
0.364585173058288,0.277873783761081,1308.82351635768,0.216592894835458,0.289029090755582,-0.386215098452206
1.33296554088053,0.209525377373019,1308.92544623679,0.101929879113868,0.249155564926822,-0.393959415928951
0.721592400388715,0.130245373132244,1309.34273732223,0.417291085439047,0.171511056549376,0.0213725281586192
0.552513832564477,0.213077091520119,1309.35273732223,0.00999999999999091,0.171741882282914,0.0247882994893301
0.906791162651483,0.271554478668085,1309.71525603784,0.362518715613078,0.190598139011911,0.074866624576888
0.295432668262799,0.217731322847982,1310.27325511462,0.557999076775786,0.287348919538972,0.238243226938617
2.13858431154056,0.371337304244881,1310.65996599996,0.386710885337152,0.337452687259972,0.0167247317663103
0.348733974514777,0.370090712188613,1310.96525669457,0.305290694616815,0.396620729478567,0.350272373753137
-0.242188718504122,0.484132754955789,1311.2256298262,0.260373131624419,0.453843705007656,0.0832460925132114
-1.12709970246758,0.338493025020095,1311.57598618634,0.350356360141177,0.388832865066542,-0.421034957201336
0.979067062655258,0.0847889811762664,1312.0090256172,0.433039430856297,0.06052132557272,-1.00410327234375
-0.434598937494752,-0.142563744291709,1312.35461823598,0.345592618786213,-0.197975981289522,-0.475167771153408
-0.527503112133453,-0.313304813714572,1312.7380382057,0.383419969722581,-0.352317361857223,-0.303823393055807
0.194289967944579,-0.346717977069067,1312.7480382057,0.00999999999999091,-0.355327967584834,-0.298281386438228
-0.0970414067792805,-0.343075761930426,1313.2252037881,0.477165582399721,-0.353199388698775,0.282684957969931
0.11603331437498,-0.239972206947042,1313.56445662621,0.33925283810845,-0.227263345578019,0.431903033811471
-0.192933881953644,-0.173459313296673,1313.57593781134,0.0114811851256036,-0.222277674446843,0.436547502541702
0.425978225295008,0.00677682854992297,1313.95670454026,0.380766728918616,-0.0596441564866832,0.395045189479177
0.402150279358216,0.00616141481563343,1314.08513675294,0.12843221268713,-0.00637825954400842,0.431735665534646
0.941594334980876,0.126458718810804,1314.43943326017,0.354296507227218,0.151980663149956,0.442222429113823
1.32379500223625,0.220601890523929,1314.56076735094,0.121334090773189,0.208195393926215,0.481162391032083
-0.151015157786573,0.541074635389378,1315.04406424191,0.483296890964539,0.477612405951947,0.547107611985457
-1.27815154249288,0.528776894343899,1315.41571973009,0.371655488177566,0.538870164274489,-0.216639878959819
0.993996356262367,0.0247008832955251,1315.96303166297,0.547311932881257,0.0786174960526833,-1.2513362761679
-0.883135962351064,-0.35493218632005,1316.61140130646,0.648369643488422,-0.364934723108205,-0.0536960299197844
1.87718917322737,-0.325465161877247,1317.10026419002,0.488862883568345,-0.375511928918513,0.0112573112093703
2.03560648789243,-0.22959674460636,1317.42473423541,0.324470045382895,-0.232689437764211,0.819591459757956
-0.0952345728651586,0.276655902498411,1317.83645900783,0.41172477242344,0.249192362139593,1.42771048181098
-1.61925921568736,0.604682784405056,1318.17919374964,0.342734741813501,0.6287335533416,0.694923745831122
0.487527050061326,0.641239586590921,1318.4061693138,0.226975564156874,0.668773128744739,-0.335381939043888
0.716188917786314,0.591115750234797,1318.4161693138,0.00999999999999091,0.665310988674029,-0.35695808927072
0.57688503694568,0.607739601319887,1318.45470139552,0.0385320817176762,0.650179436138637,-0.427399032850302
0.132153804042294,0.557333065746622,1318.48847069517,0.033769299653386,0.634701603905274,-0.488403567439079
0.814399669167184,0.523525596410144,1318.67490891506,0.186438219892125,0.511656181201159,-0.799777651217996
-0.332834820625182,0.452826397594818,1318.69529206444,0.0203831493711277,0.495261927272567,-0.808536127192192
0.00334572583966736,0.00802769581468103,1319.11416964422,0.418877579788386,0.0791442513651409,-1.06924244388444
0.393005289774995,-0.136573044720967,1319.46115703745,0.346987393227892,-0.256290601477041,-0.827955804251979
-0.441774938020489,-0.300352994193509,1319.47115703745,0.00999999999999091,-0.264499587006766,-0.813862192535514
0.208652262557479,-0.22441363463607,1319.48115703745,0.00999999999999091,-0.272608536666076,-0.807867428791715
-1.42702516868838,-0.438016208122589,1319.70733979772,0.226182760267648,-0.4195367247393,-0.476202925296555
-1.34875353422817,-0.55924723401317,1320.14005334994,0.432713552216228,-0.593213552680806,-0.258768873206112
0.311817170433601,-0.707622280308492,1320.34859098773,0.208537637795189,-0.62371041883036,-0.0296377705695896
-0.559051973796728,-0.639601623168234,1320.35859098773,0.00999999999999091,-0.623867637373384,-0.00182711431577772
-1.26298421481834,-0.568721420994838,1320.36859098773,0.00999999999999091,-0.623790886656518,0.0171596061428386
-0.855768290903203,-0.518401809973198,1320.85405197122,0.485460983490611,-0.505435272428374,0.386345850641377
-0.0671573422598837,-0.3763793226142,1321.16184182821,0.307789856986801,-0.369718201015177,0.459305318816566
0.671918097766613,-0.22609206634503,1321.54458918962,0.382747361408747,-0.162247680019089,0.579534075412512
-0.55198515494439,0.0517601121430282,1321.70498352519,0.160394335573073,-0.0611107196939759,0.674334960651067
-1.07684250138561,0.0526558145239038,1321.96491842841,0.259934903224348,0.0858288229290556,0.448289186039251
-0.823597024448579,0.0852004576976135,1322.51005087501,0.545132446592334,0.115957290044427,-0.308785157984263
-0.316129579328624,0.107111400646967,1322.74546608634,0.235415211336431,0.0206590825534634,-0.48944887589472
-0.404474068167499,-0.0606992605905621,1323.03210178366,0.28663569731566,-0.120286479909874,-0.480365772878938
-0.292306460817283,-0.144829384181058,1323.06170313311,0.0296013494564704,-0.134464025315214,-0.47739343670063
0.526125661673942,-0.236318675883065,1323.285700358,0.223997224887171,-0.233887741492094,-0.402339502229892
-0.514107549704091,-0.209833049906398,1323.88803250884,0.602332150840084,-0.248066599556545,0.321922879399082
0.475415956919404,-0.140686799834534,1324.0110966287,0.123064119861965,-0.209488814117219,0.303037140272328
-0.575886596566925,-0.0168789362776199,1324.42978499399,0.418688365287835,-0.0286722764433451,0.524288245712415
-1.62002605608358,0.104239286078941,1324.66842054824,0.238635554252596,0.072977345831225,0.323437970786183
0.323143176261468,0.105946758765668,1325.07553511428,0.407114566037762,0.0521390471720701,-0.398081748129968
-1.96951295941875,-0.126554473736459,1325.63810946051,0.562574346229894,-0.0930997825971097,-0.104406202448826
0.476826460142231,-0.122810735819811,1325.98946309853,0.351353638018281,-0.226558165213348,-0.621497556729997
1.1336572761472,-0.252995234558767,1326.19639984164,0.206936743112237,-0.325933098953754,-0.333016709595109
-1.21355545895057,-0.334301633245919,1326.22512233533,0.0287224936887469,-0.334621447188175,-0.271956018527351
-0.546691834228136,-0.485401025851956,1326.50936670748,0.284244372146532,-0.41636603121646,-0.286828694542956
2.28689318672091,-0.442503681173378,1326.91627938838,0.406912680901314,-0.461558702496838,0.0678506651058341
0.818020800494449,-0.233885355312752,1327.28563078786,0.369351399479001,-0.215212505539085,1.17068165341438
-0.347678897339058,0.194054528465966,1327.58700671171,0.30137592385222,0.156160905525393,1.25217206602934
0.0310269075814897,0.383954607032214,1327.79862406509,0.211617353377733,0.38796107206614,0.918447446584762
-1.1591281385643,0.589229200098968,1328.13853743901,0.339913373920353,0.593912113979608,0.24410224024061
-0.733721364197957,0.403200305841059,1328.46578816131,0.327250722303688,0.496787152103055,-0.773082324711783
-0.251009498692165,0.0377294690617533,1328.8565872606,0.390799099286141,0.0941546111981172,-1.18154229090711
1.50647482969418,-0.149429900320129,1328.98489999889,0.12831273828715,-0.0554254549712179,-1.14385181150599
-1.75331862830392,-0.330254481091964,1329.32865155287,0.343751553981974,-0.312164423261527,-0.334280235287928
-1.61551090560954,-0.578411624406315,1329.98059649345,0.651944940580961,-0.606683287541478,-0.392391633602429
-0.503040172290069,-0.732334938804199,1330.13408534267,0.153488849221731,-0.654828692145804,-0.227191788846488
0.81209799383167,-0.460041218365788,1330.74979197346,0.6157066307901,-0.426183508804222,0.745005240136176
2.2500757232149,-0.123500272005416,1331.04165450289,0.291862529433274,-0.154162878714516,1.06658242994797
-0.939509351223362,-0.0688177043937324,1331.0519236099,0.0102691070087531,-0.143102915383262,1.08738328198096
1.14755247227309,0.275128176441891,1331.62427756035,0.572353950450633,0.247695691024875,0.23637529158228
0.791258921571337,0.437916451935098,1332.16394260713,0.53966504678192,0.413635159511102,0.319403517983873
2.19844402694669,0.560121301770666,1332.33624525832,0.172302651185646,0.459582743704873,0.209073203176269
-1.40092539281802,0.569738512323615,1332.56892577493,0.232680516613982,0.52349446801174,0.324061254671631
-1.47822310271771,0.249907053753025,1333.08446650292,0.515540727989446,0.294048987660461,-1.05141057010007
-0.0475085426313988,0.0341079330990207,1333.34438416699,0.259917664061277,-0.0242331370989892,-1.35835993449811
0.21002896629481,-0.435472615578785,1333.68028261394,0.335898446949841,-0.425863677559422,-0.977375613550622
-0.941705757045679,-0.454124352292013,1333.78123463618,0.100952022247611,-0.51403735684714,-0.763378717132879
-0.270488820856438,-0.597137407511669,1334.08540106315,0.304166426967868,-0.675734036075497,-0.251113522865673
0.951145765218285,-0.50194033068897,1334.59117158799,0.505770524838454,-0.492594789690334,0.805812577241116
-1.51976631930583,0.0820085118418149,1335.1149216527,0.523750064715841,0.106081217235644,1.30481792992359
-0.359943405322125,0.304802331764302,1335.40042858526,0.285506932558519,0.374936491418061,0.557863624968864
-0.125973447882491,0.435276294117462,1335.69362851492,0.29319992965884,0.463068506604153,0.0356900022412951
0.379647227601626,0.418983616776397,1335.97822972365,0.284601208731829,0.414059445353277,-0.358984474084663
-0.223329217578306,0.21951097723298,1336.25787869855,0.27964897489187,0.296265980560252,-0.459502132486809
0.298338211633079,0.25690065446336,1336.43957714445,0.181698445908069,0.202798340269611,-0.559414546075366
-2.10725127709687,-0.120346890119601,1337.09516808144,0.655590936989256,-0.0881020238830293,-0.276410965593261
-0.387685529669277,-0.23828280712391,1337.36566776537,0.270499683928392,-0.222704922722088,-0.694988049768297
-0.523685537619589,-0.384896204114214,1337.58227889274,0.216611127372289,-0.359516945996152,-0.554460286522127
0.0614440477256415,-0.490054149563539,1337.83307261552,0.250793722771732,-0.471788887718547,-0.323854967281456
0.715589449546669,-0.468660972242459,1337.92500113377,0.0919285182551448,-0.494321653764733,-0.165676829498156
-2.17791615932254,-0.501404304447092,1338.14740241552,0.2224012817519,-0.473822265921995,0.336355911943483
-1.16879406659807,-0.433843052486761,1338.45428571945,0.306883303923314,-0.41566606561387,0.0357638044925873
0.732467778812338,-0.413040403411527,1338.53546969298,0.0811839735367812,-0.412764878284003,0.0355300215929757
1.63195779400119,-0.328609442153785,1338.8485625437,0.313092850713929,-0.317340560454572,0.540213058809854
0.819157438768975,0.176803749004458,1339.29807951673,0.449516973036452,0.0973541079388463,1.20564633837364
1.88221698377798,0.228019361645072,1339.39228965383,0.0942101370987984,0.210639582223123,1.19518980129081
0.498237780014264,0.62618745383906,1339.68866493383,0.296375279996937,0.581091131878943,1.22184297856148
1.43331921837211,0.742708296147786,1339.88117116474,0.192506230908293,0.765593373919262,0.651045338792988
-1.26977763818804,0.860636334740733,1340.30217836232,0.421007197584231,0.773705025603054,-0.57315446853507
0.565111518424896,0.0592255071541786,1340.80017107729,0.497992714968632,0.0970976092008947,-1.77241345904023
-0.204923326970142,-0.655555031638979,1341.30455817375,0.504387096464825,-0.573171230668148,-0.735190963253399
-1.87668251144149,-0.668780949972994,1341.54535688881,0.240798715052051,-0.677506793282195,-0.110310599122855
-0.659593118529596,-0.655614513040601,1341.80538014373,0.260023254927091,-0.669949364098695,0.159540923595812
0.113864153567922,-0.51029320402494,1342.13403674448,0.328656600747536,-0.524446390816428,0.651456326269274
-0.501989729041851,-0.229019048196098,1342.45952661404,0.32548986955635,-0.255850135135277,0.926989207955532
-0.939257557919303,0.117620532709784,1343.01952476479,0.559998150748697,0.154776769933388,0.477838528548087
1.08319551987371,0.180037730997359,1343.24126309672,0.221738331930737,0.223325139766354,0.140193471290672
1.83392484519619,0.28712817837391,1343.69746290321,0.456199806494396,0.328232645918501,0.288793973028829
0.363404577969837,0.402149113847353,1343.92092329701,0.223460393801815,0.411070862882841,0.437333924086016
-0.617110933898723,0.480924770071529,1343.93092329701,0.00999999999999091,0.41539274986416,0.426983937053197
-1.15037159099877,0.461759216500369,1343.97572305733,0.0447997603207568,0.43248146702696,0.335655242288857
-1.72519302648648,0.406051748773142,1343.98572305733,0.00999999999999091,0.435708601333437,0.309752606031582
-0.390551370991422,0.464766720268298,1344.10421491058,0.118491853241721,0.450334383617955,-0.0606550283182123
-1.75790839492178,0.183235704087727,1344.64150721616,0.537292305579513,0.219458015921012,-0.6877603472534
-1.56532298566884,-0.0703804416282227,1344.90765929849,0.266152082329654,-0.0222542877443981,-1.09578760550926
0.743461206515997,-0.206212284854505,1345.04849696733,0.140837668847553,-0.184946213572776,-1.20488688672608
-0.0543642660242127,-0.411123266893683,1345.26437211683,0.215875149501244,-0.400515727864628,-0.773888567813452
1.47164631378803,-0.376056198687242,1345.27437211683,0.00999999999999091,-0.40818145261301,-0.759207660666259
-1.10002699154361,-0.440988449777956,1345.71921535438,0.444843237550458,-0.440794544061775,0.573967406277244
-0.183684350280836,-0.291069443415034,1345.99270135192,0.273485997536909,-0.294778007214622,0.469379567667067
-0.369226239786009,-0.286486664772997,1346.00270135192,0.00999999999999091,-0.290069461493829,0.472285210034612
-0.295421892137505,-0.134073163019966,1346.45886672826,0.456165376342824,-0.0853602399799154,0.38856714729813
0.236780516872452,0.102181291284231,1347.10642350056,0.647556772300732,0.0789054847767314,0.0985616115711259
-0.191235956894046,0.101767991283897,1347.25063740412,0.144213903554373,0.093293551660643,0.100223669714131
0.396345634991059,0.0500856711742117,1347.68544382658,0.434806422462316,0.0973540683718866,-0.0757246092469792
0.875626040979141,0.0305069883786182,1348.12615058394,0.440706757357475,0.0866288787752074,0.0249875349915671
0.774542343103808,0.0808353163561902,1348.52384297816,0.397692394217074,0.145504861980203,0.254809957913144
-0.0734396255012073,0.396032280244271,1348.79260990982,0.268766931663322,0.223690968913756,0.316771919385902
-0.0397116351570219,0.290323796991707,1349.27969108548,0.487081175662524,0.285678749241459,-0.0620277390521692
0.00499073117220133,0.302753287128557,1349.43380617109,0.154115085605326,0.268223418605319,-0.161794855886802
-0.285390514218694,0.195644594099351,1349.74486140104,0.311055229953126,0.19560793322608,-0.291064064764977
2.64908795719881,0.110454527448636,1349.95972028439,0.214858883347461,0.121678552488128,-0.389007915438814
0.663928394682745,0.188094486810098,1350.27967202656,0.319951742170588,0.125152331660267,0.389414762946366
1.24237867604948,0.287588238702785,1350.64354803679,0.363876010232616,0.272465444276851,0.396620162401345
0.472677275504298,0.327346103458116,1350.87965780401,0.236109767216249,0.373827131459643,0.446683364231332
-1.32077187414031,0.415769734476604,1350.93115112393,0.0514933199194729,0.395788754658254,0.405688460582482
-0.859631147363409,0.435549805452271,1351.33835088477,0.407199760847789,0.350724410242551,-0.579398803619254
-0.858958674645151,0.338994124990609,1351.54002781586,0.201676931082147,0.207661062668696,-0.819848865303394
-0.226799338359654,-0.00409759241110508,1351.85445875021,0.31443093434882,-0.0826086837270568,-0.98955503928352
0.519938228197291,-0.376505125354951,1352.23462546412,0.380166713913468,-0.408836699186494,-0.673576224147219
1.3712475486917,-0.527337883483896,1352.56393849089,0.329313026774571,-0.512936997462283,0.0520119582724534
-0.094034671824383,0.181029181068263,1353.39678851954,0.832850028645225,0.24894875118054,1.3557938303958
0.59808486861738,0.264392136081304,1353.40678851954,0.00999999999999091,0.262438932612049,1.34216194325646
0.978601158168496,0.677078278923243,1353.71164443889,0.304855919355077,0.618129117126075,0.909687370578904
1.47823270771701,0.692197622831042,1354.06117118426,0.349526745364756,0.784206064450947,-0.0273441472824766
0.398612848413978,0.502204676948562,1354.55433134753,0.493160163271568,0.5476176354669,-0.719139017003938
-1.28368233764976,0.405051665968823,1354.77601630417,0.221684956636409,0.368691353838186,-0.858069197737384
-0.294377164019586,0.00547391924396114,1355.12193476994,0.345918465775412,-0.011025754693521,-1.26776576947996
1.00513354215891,-0.493819609454682,1355.53866030615,0.416725536210151,-0.476708867412184,-0.878857333189425
-0.439626304236976,-0.474711768373927,1355.54866030615,0.00999999999999091,-0.485349887649864,-0.849331922353548
1.65202101016408,-0.680374353019707,1355.96515601775,0.416495711595189,-0.666402244238437,0.0419390344265455
1.44552888771874,-0.455536993031628,1356.18694138423,0.221785366482436,-0.555817031973926,0.907007743921663
-0.788333310415914,0.029411940962787,1356.67229890506,0.485357520825573,0.10834411359315,1.62650068701327
2.38792323102194,0.499608215312571,1357.0934206444,0.421121739342652,0.591037600352717,0.557696112218915
-0.756014067939552,0.748645353809447,1357.37477800056,0.281357356166382,0.728789086490092,0.369807203039023
1.50563326041912,0.751212482049759,1357.52922790902,0.154449908458218,0.734293456817837,-0.291393343397719
1.71422493869412,0.694784362580001,1357.59739689131,0.0681689822906719,0.71046848360883,-0.404282594224314
-1.52526263743624,0.774813753121527,1357.69920506685,0.101808175536235,0.663401746090697,-0.51214522860641
-0.388216234907311,0.568349930705527,1357.90185753551,0.202652468662109,0.486546497399936,-1.17927344256522
0.219710978746662,0.258210274522927,1358.10813695129,0.206279415777544,0.223860998884799,-1.32914488011456
-0.0890749501482235,0.0568219497381979,1358.29281793002,0.184680978734832,-0.0120501626389651,-1.2114334577814
-1.05239045733986,-0.357458808429362,1358.5680708379,0.275252907874574,-0.317373423074641,-0.977437379023947
0.532346017496856,-0.797616166975767,1359.14052118228,0.572450344379604,-0.714592195233865,-0.194633802690219
-0.805713919088886,-0.597408260814227,1359.47770702865,0.337185846375178,-0.578162393572648,0.904515464454815
0.595940020203853,-0.306901975837055,1359.78034310052,0.302636071868619,-0.291417096299449,0.918937302698057
1.38833198876817,-0.159027635549476,1359.93613116217,0.155788061649218,-0.14003198268121,1.01261176029234
0.698552904467473,0.304431977509518,1360.28025496795,0.344123805775553,0.259096093198335,1.25036537504334
-1.22362976442866,0.472511900718555,1360.46628498859,0.186030020645831,0.478278914703813,1.08080673113896
0.205434741643895,0.526588158806247,1360.47628498859,0.00999999999999091,0.48892298844812,1.04792879625313
2.30085383419006,0.793611146022235,1360.74036578388,0.264080795283689,0.685414857103304,0.390684231633287
-0.936327453306955,0.808244440153751,1361.20187744702,0.461511663146666,0.740283794035092,-0.172985879084829
1.20050242975431,0.261458639202119,1361.70465199729,0.502774550270942,0.25005951725863,-1.45288625301802
-0.770116101504122,-0.084812623939455,1362.04495626246,0.340304265166878,-0.150554415785755,-0.869361608125564
0.0846760397178605,-0.314333377331012,1362.28587625771,0.24091999525217,-0.355321174301298,-0.807033564137609
0.971456062106987,-0.390542699292488,1362.30578812738,0.0199118696677942,-0.371105401144557,-0.778187317608041
0.000456334646933755,-0.577355855407544,1362.62582399618,0.320035868801142,-0.491680610005307,0.0349108530058049
-0.262228612890809,-0.465701123309821,1362.78659517848,0.160771182302142,-0.466791087694808,0.267921974246973
0.00724691347895738,-0.456874965448948,1362.88026240703,0.0936672285438362,-0.43738202152437,0.35700747367595
0.0686241988901544,-0.2701686548367,1363.19063519865,0.310372791623195,-0.28442814182733,0.59061794920159
1.16551863781831,-0.134568522841227,1363.38399238667,0.1933571880204,-0.164083758318148,0.642608420545567
-0.379028769351772,0.217371360278834,1363.84190480992,0.457912423252765,0.221622069152072,0.966634886869356
0.467890403801525,0.611996950789143,1364.35197666085,0.510071850921349,0.496097962805304,0.0486169436365628
0.229612577589305,0.584159661842802,1364.42631914043,0.0743424795887222,0.496538093339512,-0.0362844464221048
-0.613953067129572,0.411458406036701,1364.70420021247,0.277881072032415,0.438806691951179,-0.357305257537207
-0.739048501629646,0.400297202144249,1364.71420021247,0.00999999999999091,0.43514748031793,-0.374514343284393
-1.21606174842252,0.188597889058114,1365.00981476029,0.295614547826744,0.257096677148414,-0.785662923313944
0.0514601923883067,0.150024046965851,1365.23920147579,0.22938671549332,0.0453165516825453,-1.03656121156451
0.741703982730354,-0.35825186942858,1365.77409648849,0.534895012705874,-0.396277803837502,-0.530298475073971
-0.0973135306144958,-0.431142293180472,1366.37199847026,0.59790198176438,-0.339498382042568,0.633044695400357
-1.67823855716802,-0.0617006383996859,1366.80835112132,0.43635265106559,-0.0494142615260581,0.640417973816933
-1.44241905250711,0.117233223142412,1367.09805691626,0.28970579494171,0.0561927817547993,0.0917001058613083
-1.64121310698499,0.00432929612052289,1367.35946830393,0.26141138767025,0.0278160043373788,-0.297764176596235
-0.759010654433384,-0.261474726948568,1367.88644883538,0.526980531445361,-0.303322516382197,-0.86543509217971
0.300152523285519,-0.515147511449754,1368.23626501725,0.349816181873848,-0.558979492488089,-0.532041648158007
-0.333850263410632,-0.530788487135787,1368.60119232574,0.364927308481356,-0.577015097445349,0.411520774396922
-1.77292041220837,-0.492466466384185,1368.75778294535,0.156590619614235,-0.495720589177193,0.610637307884316
-0.509735941187634,-0.315874882511679,1369.25797882255,0.500195877199985,-0.294858573705748,0.14085605580308
0.108331288744983,-0.190548010770795,1369.68545206792,0.427473245373676,-0.228808058019548,0.153333161504185
1.34039798264788,-0.140441165367834,1370.101186282,0.415734214080885,-0.12686029578019,0.313719728175957
1.25750550431295,0.233710911474083,1370.64013885512,0.538952573115921,0.209770386111579,0.846908674906108
-1.48321774335935,0.47949930333345,1370.95687477603,0.316735920911697,0.481457375263918,0.813837896959152
-0.419755392770846,0.401442952645111,1371.01444521769,0.0575704416603458,0.522576685162373,0.61338373023277
-0.738529207059467,0.52475640610559,1371.29886136647,0.284416148777609,0.590784486182325,-0.137939997874978
0.897546120077106,0.397902552864999,1371.63799821854,0.339136852074262,0.402172829043049,-0.888932290031583
1.26313415906976,0.085001381079042,1372.20751987968,0.56952166113183,0.00576098102401248,-0.424670785666385
-0.101804654761447,-0.00976307238142516,1372.49820053448,0.290680654806238,-0.0562084865706871,-0.00582976534739102
-0.68122115821034,-0.0306997185040085,1372.6062108887,0.108010354215594,-0.0567532688436856,-0.0042519604222844
-0.354536265237198,-0.0846965656515301,1373.0253173536,0.419106464905781,-0.103372594391652,-0.204312671230884
-0.0321581889449163,-0.121303499068016,1373.61600115676,0.590683803155571,-0.215720295177593,-0.151834530490573
0.558100950615159,-0.328691419546993,1374.03808465191,0.42208349515181,-0.233006372382518,0.0655731365839566
0.35115681429486,-0.243553285264189,1374.070505559,0.0324209070915913,-0.230330344695407,0.0993732153863655
-1.40645636350182,-0.048448200387867,1374.52314338574,0.452637826737828,-0.114171660517633,0.381116142380928
-1.36554271491921,-0.0720862102643996,1374.96500188977,0.44185850402755,-0.0760586040862398,-0.193131430424592
0.286409315196188,-0.0680928385763872,1374.97946416523,0.0144622754596639,-0.0789678168008704,-0.209146011220811
-0.301679577490719,-0.0701253755108358,1375.29960502639,0.320140861162599,-0.117283685989009,-0.0306011516702444
-1.57790354697124,-0.178581285462248,1375.75388619314,0.454281166751116,-0.134238300349817,-0.040761531056161
0.886329400720744,-0.204543630807744,1375.96226768477,0.208381491627733,-0.169160209681501,-0.287268426872554
-0.323960672892738,-0.136407285017256,1376.40233507956,0.44006739479255,-0.165593852073759,0.281628731532616
1.1827126134209,-0.0263322275922951,1376.86524983324,0.46291475367957,-0.0556090305537142,0.178931371043176
-0.498548366019512,0.144145261000017,1377.33412938376,0.468879550515339,0.140859428721547,0.610357423612197
0.348590155955185,0.237815908072603,1377.93486177348,0.600732389726772,0.289862877807375,-0.119999507075293
0.369977332806105,0.167180797068865,1377.94486177348,0.00999999999999091,0.288648331337683,-0.122901287007674
0.25900083489144,0.201382247344892,1377.95486177348,0.00999999999999091,0.287406093612462,-0.125537874780765
1.38721110515182,0.214387833236712,1378.21571345585,0.260851682364319,0.243879357107499,-0.200723076311177
0.238920206384798,0.147968782028698,1378.41380281755,0.198089361705797,0.222278732447194,-0.0183760921869266
-0.394885524814699,0.276953994689324,1378.72427632668,0.31047350912354,0.205545044447009,-0.0853354099305023
0.113047944050473,0.268758296064196,1378.75617292723,0.0318966005527273,0.202416198969794,-0.110728527036458
1.03450848156764,0.065318415753554,1379.48250432007,0.726331392839029,0.0782798952515263,-0.190604408256391
-0.192235774422896,-0.00846564164890726,1379.78467005418,0.302165734109849,0.063936596548447,0.090053830249312
-0.139737848393864,0.152936098050448,1379.91021471383,0.125544659653315,0.0723612216725422,0.044270799274481
0.0914942687596885,0.0433218842233918,1380.28789575532,0.377681041486994,0.0681232017009937,-0.0627556182386029
-1.13979959678601,0.0499107386851387,1380.33695384839,0.0490580930711531,0.0650292178774664,-0.063326287166265
-1.15660076102278,-0.043463656670879,1380.74392736007,0.406973511682963,-0.0527967150536297,-0.485109648663376
-0.790480036293253,-0.17830407299923,1380.98318777692,0.239260416846491,-0.188601675433157,-0.635005861387614
1.19416952077315,-0.294908194867565,1381.09564911034,0.112461333420924,-0.260010128577857,-0.631210442960944
0.976722151639696,-0.331333584168334,1381.35692266585,0.261273555511252,-0.351099995272459,-0.0646540517074248
-1.07833105192522,-0.359438526142589,1381.60960027017,0.252677604317114,-0.308946119406767,0.382244306841274
-0.706231531370018,-0.172972124545039,1382.0327927563,0.423192486128983,-0.201458940607324,0.112935194652251
-1.11377218692188,-0.183334631955676,1382.29176331835,0.258970562048262,-0.183122381127369,0.0284873313563439
-0.914233481625957,-0.234645469624284,1382.59488354146,0.303120223112046,-0.206149293980518,-0.172325955479417
0.452747034232414,-0.326712154018827,1383.12458226902,0.529698727557616,-0.331282200757939,-0.261600197035103
0.850701525731803,-0.384888743100371,1383.37944683951,0.254864570496693,-0.35178918402476,0.0963397347169926
1.16156914475405,-0.333209388421149,1383.5980512448,0.218604405286214,-0.292185734770446,0.434946666632132
0.826958722510322,-0.0537463934126709,1383.89866709147,0.300615846674418,-0.0973773237793039,0.825459694103394
0.537809607254218,0.345331496635746,1384.49401787257,0.59535078109343,0.429813183373945,0.806386156820796
0.407225730995318,0.618985334163135,1385.14024941718,0.646231544609236,0.60256293656052,-0.334184510979117
0.970395444667807,0.408538137196628,1385.40116248115,0.260913063972566,0.467745511343718,-0.654540228899555
-1.88978550292192,0.327913252536701,1385.79410950138,0.392947020236988,0.227645279084241,-0.511682377890801
1.75802608355105,-0.344946044328623,1386.33378187805,0.53967237666825,-0.291403229720278,-1.2726992618897
-0.0855518311269209,-0.429448138791903,1386.52859911505,0.194817236994822,-0.477280558961975,-0.620061169800522
0.953910945505602,-0.550502278504723,1386.92089959705,0.392300482004657,-0.571357015301149,0.154192522898474
1.17168017472454,-0.625928937844534,1387.08994251773,0.169042920678066,-0.505721136186968,0.604092120691986
2.71915757734747,-0.230940747570251,1387.34352476051,0.253582242778748,-0.284698906292158,1.08708577420286
-1.21725549929179,-0.231627838294434,1387.38269356382,0.0391688033068931,-0.23997555065268,1.19530351603681
-1.35813571184141,-0.021757994267222,1387.62770224465,0.245008680836463,0.009818747732782,0.828477851124838
-1.84554647480937,0.0630324102556745,1387.82885732422,0.201155079563705,0.139411063423042,0.457077261633575
0.507838171295693,0.145367803295655,1388.08251537892,0.253658054700963,0.180422271410077,-0.12554584338097
1.32302569202983,0.126387164288269,1388.47778710907,0.395271730148806,0.146541693110252,-0.043255440530031
1.42077180544703,0.117780301012074,1388.65531911068,0.177532001610643,0.154708758495068,0.132100703475308
-0.952312081049254,0.209944136554201,1388.68526864503,0.0299495343515446,0.15912186509948,0.162470628580231
1.22012600535862,0.0662445984773722,1388.69526864503,0.00999999999999091,0.160678022232335,0.148767595562796
0.377940367710206,0.26107426987771,1388.81241317766,0.117144532634256,0.18340356014019,0.237264585210453
-0.760567223334244,0.29808220793116,1389.38325009724,0.570836919576777,0.28209303340991,0.0886094555833215
0.207295603626613,0.215608186282478,1389.97951153464,0.596261437397743,0.107366495482837,-0.591898091725491
-0.32187869068175,-0.0432544418422508,1390.17632989104,0.19681835640381,-0.00234010735843902,-0.516740535069079
0.352565936665231,-0.1730259780873,1390.41172241069,0.235392519645529,-0.123330481318898,-0.501690933829961
0.448061953525329,-0.252218271519621,1390.70332248682,0.291600076129271,-0.230693314396559,-0.228267080197416
-0.672373891604846,-0.24844323137238,1391.16860645858,0.465283971767803,-0.223423243039861,0.239377339939511
-0.228313682162338,-0.139420845290887,1391.49771219095,0.329105732366088,-0.16270336473267,0.124281211275178
-0.57121329300942,-0.115614192437855,1391.79626126936,0.298549078406495,-0.124481143426746,0.127286014142069
0.409313238975847,-0.0931645699436289,1392.28610631202,0.489845042667184,-0.10706690793761,-0.0518806780828197
-1.71707491483889,-0.106050218143067,1392.5825764312,0.296470119180185,-0.0949740840545781,0.127699686949559
0.625261316434134,-0.0873839106906742,1392.5925764312,0.00999999999999091,-0.0937763364024167,0.111862965848631
1.57659518751913,-0.0262969703086403,1392.92268360046,0.330107169257872,-0.019640434438713,0.323033340240273
0.919817524371955,0.187325441828221,1393.22056946053,0.297885860069982,0.134385364119129,0.686227142694883
-0.866935863194809,0.538580895365918,1393.88759006233,0.667020601797731,0.554962215467399,0.397173237358751
0.153571520402855,0.569342971554647,1393.90374970871,0.0161596463799469,0.560984091375454,0.348080174333668
0.375613855392697,0.491204086369105,1394.50337117318,0.599621464466964,0.429199180868864,-0.649424832649462
0.234625967326942,0.240659918801936,1394.9614050754,0.458033902222041,0.118030601351233,-0.633529315712609
-0.424767036506667,-0.126664935114675,1395.48124737688,0.519842301486278,-0.146803295197732,-0.350212276459812
-1.08657016412598,-0.337428573529846,1395.8303382908,0.349090913913869,-0.259906802042581,-0.282329281774086
-0.514698992533479,-0.356944876994609,1395.91422014053,0.0838818497325065,-0.284675028360904,-0.306969537226379
0.380842134138198,-0.26312071124241,1396.10924817508,0.195028034548841,-0.337419605114218,-0.229240823973851
0.15544685419612,-0.195254541226291,1396.85447913855,0.74523096346752,-0.175589025913592,0.545167821779039
-0.649950065917267,-0.0608135913996948,1397.07199883006,0.217519691514326,-0.0532034368556681,0.569842550248861
1.68778185060187,0.141434118719469,1397.59520569399,0.523206863931136,0.120426296945212,0.0840303598278439
-0.124804583220483,0.196059217571424,1397.89161888735,0.296413193354283,0.201988349639141,0.447668029518035
-1.16897968223443,0.223413412842763,1397.9190082534,0.0273893660555586,0.213949300105942,0.425604337567793
-1.26068260489738,0.158147716396119,1398.24894725901,0.329939005609958,0.254156787979834,-0.171723511372513
-0.489796760729614,0.168936862336957,1398.59807653662,0.349129277604106,0.0985233458002452,-0.681790755909092
-0.464134703259611,-0.209191149325201,1398.98719914893,0.38912261231053,-0.178135284210861,-0.701957559258274
1.39054399017639,-0.421641797203867,1399.4156480869,0.42844893797087,-0.431528601240665,-0.426811755431412
0.520368166196044,-0.302421674329347,1399.95634379361,0.540695706708448,-0.272396908759084,0.890727000079014
1.97297477709806,0.01594835092265,1400.25535711659,0.299013322979363,0.0140050232149851,0.989285285396392
1.64614547809377,0.0298222245529682,1400.35430980195,0.0989526853663847,0.11854927409173,1.11909727569742
-0.239754775367911,0.949851664277615,1401.04358728722,0.689277485268576,0.839249219212694,0.470241070622881
0.0202731159811459,0.638374211806215,1401.46210113281,0.418513845587768,0.625176921642398,-1.26023781789701
-1.72229963255738,0.076482402893362,1401.87349499399,0.41139386118175,0.0480134970172889,-1.38319707869039
1.49275699849619,-0.456252129636573,1402.17941021975,0.305915225760828,-0.410694385591892,-1.54938044219113
-0.451196235523777,-0.717556872835332,1402.70660174164,0.527191521889108,-0.644338031514003,0.711371208610794
-0.0093402040426502,-0.532555641862972,1402.85659492987,0.149993188231974,-0.520944207489004,0.909428989307415
0.0994986222341908,-0.466320379774906,1402.89526262015,0.0386676902785439,-0.484877030577038,0.954597078117215
0.351319504356463,-0.0576626050107513,1403.30029017638,0.405027556232881,-0.0551134262278749,1.06888301810876
-0.445782345009607,0.0901378880205004,1403.40398035578,0.103690179399564,0.0549427848171728,1.05022651532643
1.01855118857611,0.329688714916139,1403.76799864797,0.364018292183118,0.352830664649166,0.551719565695767
0.626312420581417,0.550611340845378,1404.05486772528,0.286869077311621,0.495290178874169,0.412342190387433
1.78561376028351,0.500379174033332,1404.34822540964,0.293357684365901,0.560185799127332,0.0197713410955724
-0.027442489184957,0.52150837513911,1404.61246358848,0.264238178835512,0.557835706398887,-0.0356218318306502
0.0623143195735486,0.361518707571787,1404.94987716062,0.337413572144442,0.445981576293633,-0.574228959451589
1.01325875563114,0.205780097647911,1405.36519072508,0.415313564455573,0.158710163763674,-0.734183045919575
-0.179296335168289,0.197900707715626,1405.37519072508,0.00999999999999091,0.15142042815039,-0.723780790092081
-0.196985571537966,-0.0570021653629018,1405.66593085785,0.290740132765904,-0.0583263618241503,-0.698639912623458
-0.170618231264427,-0.0429126153569029,1405.67593085785,0.00999999999999091,-0.0652979718307041,-0.69565341445474
1.04322570101278,0.0104290268872823,1405.71327326818,0.0373424103302114,-0.0910485631957125,-0.683134191991803
0.0369462452579764,-0.154314108770939,1405.9295794643,0.216306196119831,-0.201173439674543,-0.33213550344113
0.625495919030515,-0.283584907071588,1406.15797554628,0.228396081987057,-0.259268102066903,-0.173387749194123
-0.897152590512304,-0.16818728200788,1406.92928180112,0.771306254834144,-0.0592429965140732,0.573950789015622
0.50784758297046,0.0887564609450257,1407.31150916651,0.382227365390463,0.0787131616245932,0.143901215962494
-0.291999600725312,0.150746028174639,1407.658590156,0.34708098949568,0.142007956881154,0.210851516662445
1.2948980016087,0.183804800320083,1407.83280694237,0.174216786369016,0.16812090354696,0.088898293066994
0.294196607934957,0.193730102558833,1408.19411386943,0.36130692706115,0.251883762564168,0.353324525542881
0.146525525387532,0.388515297548127,1408.55195708867,0.357843219237111,0.343091322537371,0.144301088399721
0.707295987845458,0.347966271782202,1408.74829562167,0.19633853299888,0.355751116516711,-0.0143307843204989
2.25402317811277,0.344698537244662,1408.75829562167,0.00999999999999091,0.355596729630029,-0.016543599722598
1.53076914865838,0.430944903852243,1409.07780161907,0.319505997398437,0.412735440692357,0.351555158103793
0.454930495456669,0.466462428907511,1409.18187323211,0.104071613044198,0.449961724927709,0.360661936559169
0.174668483297134,0.441672968125972,1409.33036986118,0.148496629065903,0.491003914544213,0.188789860717963
0.638512358889409,0.45341249932883,1409.34036986118,0.00999999999999091,0.492817054095665,0.173849276237693
0.477963401289247,0.363967998146594,1409.41332498898,0.0729551278016061,0.502729363441588,0.0976585542291819
-0.367811081444581,0.536076977357409,1409.70435318784,0.291028198863842,0.481996510483235,-0.226376230575626
0.0375408115504755,0.33037836538447,1410.01923990526,0.314886717417266,0.335951750841053,-0.654253956272297
-0.237006470595376,0.0709159439123303,1410.53979166845,0.520551763193225,-0.0213793855509883,-0.642202142399782
-2.03425835558571,-0.118520890103528,1410.70840238112,0.168610712667714,-0.126892919281041,-0.603716897144448
1.0948183387902,-0.109939298307326,1410.71840238112,0.00999999999999091,-0.133003178554864,-0.618278719070989
-1.46373787554301,-0.240428977906033,1411.0558901048,0.337487723683125,-0.243970683709507,-0.0394583645533642
-0.963049460255542,-0.382094637117908,1411.45387412633,0.397984021529965,-0.321519438719395,-0.324280192011031
1.13262432717991,-0.426403991300755,1411.68723432989,0.233360203552138,-0.394511880761789,-0.2907404136559
0.935102915691022,-0.28207985877323,1411.97163881269,0.284404482800255,-0.383579931126511,0.349970283078641
-0.447594497246174,0.115694058221934,1412.60088313209,0.62924431940678,0.0866867575205143,0.981012255746084
-1.63001428877074,0.223688017245245,1412.80341694737,0.202533815274592,0.26042755327565,0.724374815918975
-1.43085293520145,0.213961369696965,1412.81341694737,0.00999999999999091,0.267541093060046,0.698341966847519
-1.1971704298875,0.298244673238446,1413.40670177683,0.593284829460345,0.259979079158597,-0.651680307143047
-0.463146475593341,0.122242690730145,1413.52368624236,0.116984465535324,0.174334686854359,-0.806412219225521
-2.92718835702641,0.0396353156087168,1413.62136079848,0.0976745561213193,0.0938224820692068,-0.838938830305083
0.750002488505108,-0.170760263056255,1413.86043983432,0.23907903583904,-0.176413732975786,-1.38834941874321
-0.400827949741943,-0.0984024352863154,1413.87043983432,0.00999999999999091,-0.190205689050232,-1.37010152150469
-0.138487313060022,-0.467510295872701,1414.10184380556,0.231403971234613,-0.481005976867936,-1.1056408520274
-0.435938854506541,-0.70535417454552,1414.57840702961,0.476563224054644,-0.709290463458278,0.239999167269359
0.186546795973236,-0.334825618402668,1415.11451914983,0.536112120215421,-0.332212917376853,0.91095578719128
-0.0755759240172704,-0.164171605608226,1415.32525478761,0.210735637777589,-0.132405817318487,0.964418254030204
0.518614558870999,0.260943587775679,1415.78825549449,0.463000706885623,0.256157132867254,0.659890774843129
2.02213825061145,0.352775688340589,1416.08056780755,0.29231231306062,0.424026471144992,0.462376445697759
-1.98533306003303,0.571056033568155,1416.29612724966,0.215559442110134,0.532288790266192,0.519850495465073
0.535465153394942,0.207544678031943,1416.84502097159,0.54889372193179,0.259543596289489,-1.2964584137208
-1.36318035640612,0.112924322314721,1417.02914735564,0.184126384043338,0.0337129688797999,-1.14260734964257
1.92704235976279,0.049662500234879,1417.03914735564,0.00999999999999091,0.022244291627915,-1.15105344137939
0.0104882063289494,-0.179532936908049,1417.26827280745,0.229125451811115,-0.175362556925072,-0.568845059212656
-1.23369783176,-0.350716849977783,1417.53507909878,0.266806291327157,-0.299981121352766,-0.354090633898979
-0.786410733771459,-0.380266472168179,1417.82835963958,0.293280540808382,-0.41155774163982,-0.384621066427572
-0.508043987396238,-0.45284508116406,1417.93221044905,0.103850809463665,-0.44812329301175,-0.317119004953664
-1.40850805311407,-0.562711158072877,1418.22290332956,0.290692880507777,-0.495196885387247,-0.00208103978758334
1.46928692107748,-0.460401514168243,1418.49105013603,0.268146806469531,-0.489397399240717,0.0428471054406266
-1.67028825855991,0.0363162180614167,1419.16794939805,0.676899262026382,0.0600462594184556,1.30152271054104
-0.235659344815223,0.461973257354701,1419.51874832463,0.350798926579046,0.357025734175962,0.369727754366815
-1.75112589253164,0.518413875875531,1419.81594341131,0.297195086675629,0.40503041107929,-0.0464189438077084
0.485388546206865,0.435320212087534,1419.96557914248,0.14963573117393,0.367101840380629,-0.4514112295408
-0.482260776635215,0.131018870164178,1420.4611163422,0.495537199721639,0.14340372825986,-0.397710491389038
1.19648011278631,0.122306115403286,1420.64708552923,0.185969187026103,0.0606214913544673,-0.485615922634555
-0.960525115037766,-0.0726094472629831,1421.02421339609,0.377127866861429,-0.0282917290532794,0.00964376885034299
0.105439518506293,-0.187057334514021,1421.59206592076,0.567852524672617,-0.149862914672055,-0.393849958997068
-0.634312075814566,-0.204432080327548,1421.75939892504,0.167333004277452,-0.206662067979552,-0.282642393700226
-0.953797484012073,-0.276771509492889,1421.96911786229,0.209718937248454,-0.265530685576823,-0.273114619529013
0.924496407794885,-0.164854516811625,1421.98799445376,0.0188765914697342,-0.270719517707152,-0.276581411786714
1.7277324953827,-0.369571048752185,1422.08177324801,0.0937787942516479,-0.289181266235407,-0.117472848500396
0.980941724321084,-0.152195022306363,1422.45857537259,0.376802124576898,-0.170393454542204,0.700090663643655
1.83034751840728,-0.0549284528371157,1422.70742772184,0.248852349251365,0.0292150204747186,0.882837841406055
0.380560579641004,0.0775435773716081,1422.81628325856,0.10885553672756,0.132657996822466,1.01259216477622
0.517932368353772,0.546224928066424,1423.16424800818,0.347964749613539,0.444135937851699,0.724831137966727
0.377016191182724,0.652534498267251,1423.64367089053,0.479422882352537,0.611649723977029,-0.0817881685191385
-0.533308600876833,0.256468640603858,1424.34070731616,0.697036425633314,0.248193790615984,-0.695994373158651
0.902142950686655,0.0313188928919975,1424.71616438426,0.375457068093283,-0.0474786826853098,-0.833333195919848
-0.491876992527854,-0.243259583814859,1425.22717085872,0.511006474460601,-0.273182609908023,-0.0354797494444784
0.313664846226227,-0.403140547116192,1425.50683725435,0.279666395630784,-0.276344635018689,0.0122106605330794
1.21826860665515,-0.36799924499417,1425.60616132888,0.0993240745283401,-0.270464162497216,0.105128328164628
0.0755943406029162,-0.191936818873457,1425.93643606355,0.330274734668819,-0.146608718953144,0.612186019575332
-1.10580181316305,0.278483215288857,1426.71984963191,0.783413568364949,0.263090751536205,0.332335542366688
-0.549552179917551,0.347153447255303,1426.94739740471,0.227547772797607,0.290265218970776,-0.0887547311467363
-1.29964410748726,0.176638098699332,1427.27030181255,0.322904407843453,0.204932105657707,-0.417201734278481
0.554877488356904,0.0823659660864581,1427.48149300992,0.211191197363632,0.0854460419312895,-0.699477696467305
-1.07398155230294,0.0213309928685453,1427.49149300992,0.00999999999999091,0.0784879992840493,-0.692136537537982
-1.36499730514745,-0.152877085437301,1427.72537510465,0.233882094730461,-0.103623644860993,-0.847712116796761
1.13257491060331,-0.209526648445336,1427.91862444365,0.193249339006343,-0.278200181276242,-0.943050622555305
-1.70269460646587,-0.443464983672764,1428.26747066815,0.348846224499312,-0.458376294926125,-0.0708893292403856
0.850300485381319,-0.432871995622763,1428.52890926002,0.261438591863907,-0.484403840045618,-0.121041870415203
0.184686331657424,-0.146800661186064,1429.01739925025,0.488489990235394,-0.288580540612224,0.809802805898429
-0.0025242925333879,-0.0561875232120706,1429.28247914613,0.265079895877307,-0.0649680425689168,0.851526238135872
-1.10899554613898,0.244172286047076,1429.55117008536,0.268690939230282,0.148334459954644,0.719400460462351
-0.753625620690679,0.149945654469976,1429.56117008536,0.00999999999999091,0.15543922439109,0.70154128314755
-0.0501448719177179,0.346508432233456,1429.86067979775,0.299509712387362,0.297726911740125,0.239992712959157
1.33119829684936,0.312456932929112,1430.15083749408,0.290157696335427,0.329000157121027,-0.0233244544112963
-1.06695762836719,0.329270714542275,1430.72390433741,0.573066843331844,0.386523160102431,0.191740394742211
0.549264139265692,0.289770478497196,1430.81254684223,0.0886425048197452,0.394837324406318,-0.0032376227763984
-0.899517107763384,0.398003524495463,1431.13565517574,0.323108333502432,0.367790502662309,-0.153906214900916
0.776014009319205,0.0905877074810984,1431.61384392499,0.478188749255878,0.124302220848954,-0.778914268884427
-0.166565446402507,-0.0797699835102264,1431.81994774462,0.206103819625014,-0.0154050361162033,-0.570492302045318
0.0325172222702802,-0.10004898350378,1432.00659802194,0.18665027732095,-0.118152188977071,-0.524541499890518
2.02697364113814,-0.341407220072509,1432.61940211956,0.612804097622529,-0.309987223898215,-0.0694863036415593
-0.428887113822179,-0.33507913655408,1432.80816667946,0.18876455989539,-0.274452262974466,0.434298746917941
1.4998908487225,-0.226566603079836,1432.81816667946,0.00999999999999091,-0.270109200777014,0.434297329009026
-0.316612337160113,0.280549989171577,1433.43411861579,0.615951936336387,0.265715540160152,1.14390664866166
-0.34112902177034,0.558820659028072,1433.82686042155,0.39274180576308,0.568547778376439,0.327269217948677
0.403028855295369,0.595084773863513,1434.06775179595,0.240891374397279,0.573270848140544,-0.277089754501135
-1.45732625074338,0.427162916047654,1434.33597704822,0.268225252265665,0.453173880449346,-0.579012745518315
-0.191002318331968,0.153731800858812,1434.63233511173,0.29635806351439,0.188977787066318,-1.14170143969127
-0.16376236015975,-0.0366036776275595,1434.84956197995,0.217226868218631,-0.0554558328087504,-1.09090864441084
0.949849064639724,-0.449145141729189,1435.25725907286,0.407697092909757,-0.43481645101645,-0.703462397400178
0.577552546498419,-0.424835263816512,1435.75738142633,0.500122353472761,-0.451118890034628,0.589298974221594
-2.47860148192095,-0.283293301727302,1436.0585712155,0.301189789169257,-0.216024869109569,0.918842875947777
0.581818951555599,-0.0515705792371008,1436.29963272291,0.24106150740522,-0.0673779796525452,0.312975601170533
0.0613582566744155,0.00250562685404947,1436.66643288225,0.366800159345303,0.0772817092908147,0.453558033876463
0.351965083358836,0.215357198099475,1436.87010639455,0.203673512293108,0.161913175481897,0.37245853783614
-0.653128428109736,0.194065586165713,1437.18765870646,0.317552311917552,0.266981256284126,0.276697478761861
1.62010283213263,0.316387296556883,1437.22184777357,0.0341890671111287,0.275610300911601,0.228074681960295
0.174085964843263,0.36796930801008,1437.59987387941,0.378026105839126,0.410106734672009,0.44461210994993
0.949517245682352,0.421914047991783,1438.05116883669,0.451294957275195,0.475038410127833,-0.15886173193733
-2.03345869546009,0.295113681386535,1438.6028549155,0.551686078812054,0.35043115344881,-0.235445835578852
-0.762703966415127,-0.180391920694185,1439.20078684652,0.597931931019275,-0.189678942513601,-1.38046397699039
0.593023345996249,-0.711664758651668,1439.63390415986,0.433117313341882,-0.694587108987991,-0.776172464943688
-0.114078949922602,-0.497675244907891,1440.23453100587,0.600626846008936,-0.450870961349688,1.26422701582631
-0.0319907477688601,0.135273924835238,1440.69068473381,0.456153727938272,0.116668724316687,1.11527593420009
-0.738223369317344,0.488058021894439,1441.10627603066,0.415591296852426,0.481060162152319,0.567039054372028
-0.325406151148938,0.462594669170442,1441.3810323883,0.274756357638353,0.537705529520744,-0.153780113158648
-1.46015931562493,0.471788287015253,1441.69866276571,0.317630377413252,0.397571291708898,-0.674111944251182
1.06471244361212,0.166770362340744,1441.86159954833,0.162936782616725,0.261040408677358,-0.983901443380655
-0.203453549307305,0.209737498008655,1441.90503063981,0.0434310914786238,0.219232978670951,-0.940630479841065
1.52489317441566,-0.13406470846122,1442.24357528404,0.338544644227113,-0.0975962343842,-0.894226786403898
0.964283264345007,-0.232935376191733,1442.76979807662,0.526222792585259,-0.258967371810103,0.26716058933535
0.203249516197836,-0.163814496279218,1442.99750898119,0.227710904565129,-0.164170687433395,0.550300056292665
0.545777640021808,0.192739187930156,1443.60943447286,0.61192549167049,0.176392828994111,0.492401570335843
0.118323010104103,0.397248110203664,1443.88886965861,0.279435185755119,0.306454632940113,0.422533132358329
-1.29435398067593,0.371523922133374,1444.15070578598,0.261836127370316,0.385375134202868,0.172520783493081
-0.954022185739828,0.0542909382969204,1444.70607647918,0.555370693199393,0.152450205329661,-0.886505246182131
-0.150221418950713,-0.155299695005588,1445.04760499109,0.341528511908564,-0.183433140975062,-1.03608933105638
-0.121234532147737,-0.551467244879333,1445.48294609862,0.435341107527165,-0.527497872100538,-0.461328424474135
0.0633048872414403,-0.624420900904369,1445.71283520642,0.22988910780623,-0.580833835747154,0.00209296822385303
1.58957640311176,-0.439695199942938,1446.03699647538,0.324161268951457,-0.476672016352687,0.588230590458275
-0.0277870422749893,-0.0332478858750536,1446.4738277852,0.436831309820036,-0.0186538453534368,1.37190574167013
0.37476773899042,0.48611115505509,1446.99735174097,0.523523955779638,0.544504711258823,0.639997491202274
-0.381160450784687,0.579094480278209,1447.241963622,0.244611881020774,0.639626682272695,0.11967339397273
0.16166372262475,0.696464977930688,1447.35098023501,0.109016613018412,0.634933073775539,-0.202150082653081
0.597889351917844,0.220758811396288,1448.00576943465,0.654789199640618,0.198924380479735,-0.845374566072985
-0.411208350298387,-0.153029837292972,1448.55049465917,0.544725224514877,-0.14056290623483,-0.358592566797338
-0.638928133464242,-0.244098056602959,1448.98220866919,0.431714010020414,-0.27902326632727,-0.259457891869471
-1.48810360178036,-0.445499968513391,1449.52874648148,0.546537812285123,-0.379464116908759,-0.0821364992252063
-0.860462189096564,-0.409842877968514,1449.76717112895,0.238424647473721,-0.409406589808201,-0.162255885456892
-0.623834929360701,-0.395986013234143,1449.85644265088,0.0892715219276852,-0.422307245548313,-0.126148542998209
-0.427186886867628,-0.392198708974532,1450.22756734238,0.371124691500881,-0.42386870183838,0.110711707567766
-1.12503051065221,-0.279001524534546,1450.65336541438,0.425798072001498,-0.323439201803687,0.323343821522343
0.984240671128564,-0.316302907977969,1450.68852323039,0.0351578160068584,-0.31236851243556,0.30628349963187
0.0677255633405018,-0.117362952990397,1451.01571286241,0.327189632021827,-0.138096448436008,0.720552845182567
0.971637553250406,0.0894710669515072,1451.29997731101,0.284264448603835,0.0609671824417383,0.662028123635838
-0.0996632654891245,0.307242633300732,1451.51213001228,0.212152701264131,0.210372399489137,0.733038390829913
-0.714705939603205,0.439743902755063,1452.03408685087,0.521956838593042,0.433902047577122,0.0782367848133423
-0.164899323942454,0.367905737483464,1452.22923424374,0.19514739287456,0.41185292713504,-0.294693424985336
1.54855823977329,0.419712980928004,1452.39267747497,0.163443231227347,0.349271570020314,-0.461597958964703
-1.36136675288537,0.236344805589243,1452.50357977348,0.110902298510609,0.303682656874199,-0.358485217036984
-0.611022981619534,0.137700517888302,1452.80937194365,0.305792170165887,0.115195081889481,-0.835703506491545
-1.56235198568591,-0.176156681038023,1453.06399426492,0.254622321268243,-0.106242516141778,-0.883440008484547
0.435112779139175,-0.287343524015305,1453.33651548823,0.272521223319018,-0.371454443836153,-1.02453858644575
1.52609931882494,-0.598034365239221,1453.9563661238,0.619850635561306,-0.541287211359376,0.498653499698446
-0.320246763045184,0.122373476367398,1454.49780388308,0.541437759288783,0.0535238117838492,1.47066556339796
1.16586273223501,0.413362274804097,1454.8280656746,0.330261791516705,0.459568070477859,0.931546456932494
-0.136960723017215,0.738627202037853,1455.45457530871,0.626509634106242,0.730125576300853,-0.241862804747852
0.615978351012088,0.635257753469841,1455.69083621049,0.236260901783908,0.589712737503995,-0.885429240071393
-0.0596098460833107,0.60674291915055,1455.70083621049,0.00999999999999091,0.580802149460423,-0.896617205238898
-1.07243255359329,-0.0661688264294006,1456.26884085871,0.568004648218675,-0.0392563785740094,-1.07462083889446
1.04287025965139,-0.31506256321765,1456.51105495644,0.242214097729402,-0.306843571327608,-1.10710975804367
-1.52995603467024,-0.504075296509783,1456.7495628774,0.238507920963912,-0.49814011185541,-0.474943916965647
1.23695766324643,-0.619618241256078,1457.29384152806,0.54427865065577,-0.648466159709864,0.0010394781767687
0.322823239224323,-0.0961456579343469,1457.93091789754,0.63707636948061,-0.0691132417881626,1.43752485296868
-1.46812406084944,-0.180827136221911,1457.94091789754,0.00999999999999091,-0.0547513173109003,1.43481632143052
-0.674507445818534,0.355246145896193,1458.39821926545,0.457301367909167,0.361013345193279,0.342152829017574
0.394739147092426,0.409565669567506,1458.43341052553,0.0351912600835931,0.371934741302947,0.278478231558112
-0.204186816756343,0.375286803827388,1458.67289778696,0.239487261423164,0.415898505296416,0.0848826244917055
-1.06269374124987,0.248848405842573,1459.10543543556,0.432537648601738,0.33090311263024,-0.43254135216507
-0.193836206391083,0.076538454922444,1459.47245075084,0.367015315277968,0.0792064645318829,-0.88289886412617
-0.668342274997617,-0.316529711685451,1459.86471520487,0.392264454034603,-0.243850108902574,-0.723013949261021
-0.406966032161477,-0.503923879480898,1460.43076171815,0.566046513281435,-0.547656620604958,-0.239118495149242
0.0610542327960419,-0.41942574146289,1460.60820545865,0.177443740494027,-0.564182453704096,0.051798573543484
-0.661854798866158,-0.475075412987021,1460.85412301863,0.245917559982445,-0.494316159177886,0.489211107890502
1.08674974245173,-0.317826605471514,1461.22040788113,0.366284862498105,-0.292534899527911,0.556244664249958
-1.85604754530459,-0.0262786214662202,1461.55272457046,0.332316689331492,-0.0394695496434514,0.921531120913531
-0.362318042414334,0.102999127111894,1462.05614076519,0.503416194730789,0.137412502489254,-0.202546459021919
-0.75912546627187,0.0428434866164489,1462.38973565823,0.333594893044847,0.0441322765408335,-0.341688382801575
-0.0987346126105303,-0.181578275184047,1462.86426330057,0.474527642333896,-0.174561470168521,-0.5357976295773
-0.50054571371242,-0.214160041374331,1463.07228615032,0.208022849749341,-0.272705082826208,-0.400691004888123
0.931794411449453,-0.392760487907146,1463.58289412042,0.510607970102456,-0.410804611420337,-0.107155787221443
0.00374395238242466,-0.350673807116234,1463.90930401333,0.32640989291076,-0.338594239031462,0.515694599780771
-0.704517177335398,-0.105432049351187,1464.25066917851,0.341365165177876,-0.140152641308328,0.611305128704557
0.539899361614007,-0.0268944607546265,1464.41480757874,0.164138400228921,-0.0501270442885055,0.482136157805184
-0.0435225701412798,0.186238893124786,1464.74365214884,0.328844570105275,0.123051582613533,0.549812926277417
1.75568406506096,0.195408612978245,1464.95242932521,0.208777176372678,0.223966505316288,0.410669294324626
0.586189710954543,0.315433776193981,1465.13410065033,0.181671325113257,0.314033398607093,0.570007783873749
0.589033811680478,0.337339671804797,1465.40805807299,0.273957422667308,0.446163008696611,0.373573020326794
0.382724530662319,0.500474245140541,1465.82771289787,0.419654824877171,0.509641924848393,-0.079805467137871
-0.130057950202844,0.475092483456832,1465.94626856206,0.118555664188762,0.491693935044144,-0.219538019344761
0.291521989123505,0.350026000871333,1466.30456135981,0.358292797749073,0.32941922105639,-0.628496344150904
-0.414758632275906,-0.000483893132476374,1466.83869744936,0.53413608955384,0.00781957315585063,-0.509316331902315
-0.722981300139545,-0.183336920867916,1467.13448180753,0.295784358170977,-0.145786324836422,-0.513371931654633
0.930060614753823,-0.415273494412983,1467.64426527229,0.509783464751081,-0.397513055838072,-0.409695195659458
1.17132738233663,-0.383188420421903,1467.91978039422,0.275515121931903,-0.425120775748548,0.201020937491736
0.403314759184884,-0.2738031266812,1468.25505430943,0.335273915215339,-0.24488279267884,0.818036142792268
-0.419414269560537,-0.232343656141918,1468.26505430943,0.00999999999999091,-0.236674705318862,0.82350782074155
1.73248522046453,-0.158928017480914,1468.33231700628,0.0672626968503209,-0.182046916940864,0.799316737872113
-0.303789771186057,0.0375238036714724,1468.5103904997,0.178073493416832,-0.014980434194661,1.06235784276776
-0.202213597829146,0.222751694056836,1468.6844853024,0.174094802695208,0.156332611535033,0.897604575832673
0.771438820833437,0.210476489734501,1468.75604577454,0.0715604721463023,0.217948509823209,0.823140619361346
0.866149498217568,0.315900015689364,1468.76604577454,0.00999999999999091,0.226173317987411,0.821776242189299
1.19696415324452,0.217676127260682,1468.77604577454,0.00999999999999091,0.234387945840695,0.821167962885481
-0.0290685358878368,0.56182115541806,1469.25093745845,0.474891683903707,0.599311539193238,0.584418108362645
0.923656990597687,0.603235211581132,1469.6388442138,0.387906755355743,0.619692084701051,-0.455035639230217
-0.86653538078893,0.169141145443419,1470.17014177743,0.53129756362955,0.297796347287116,-0.596401136227176
1.10893767494454,-0.164119591213295,1470.68289498702,0.512753209594393,-0.123415921995352,-0.948788438501018
-0.192678577554663,-0.277146259808202,1470.7991377043,0.116242717275554,-0.220975150629399,-0.727249785725129
-1.60601746511916,-0.574326862142814,1471.30366455211,0.504526847804982,-0.467954193676339,-0.191064796667366
0.553451369228804,-0.398931116663541,1471.40428750631,0.100622954200844,-0.4873172577843,-0.192024052771609
1.33077382231288,-0.388163777048524,1471.86074146357,0.456453957259328,-0.365945660916913,0.64400545180805
0.873977670278025,-0.170011083466021,1472.08556583073,0.224824367169049,-0.177712725244049,1.00133876628818
0.706205503058803,0.256409620498266,1472.47789798201,0.392332151280016,0.247695776610514,1.10367787710715
-0.429704002618722,0.64969991209382,1472.79519310637,0.317295124355041,0.558071781117606,0.7854426749465
-1.67389104906035,0.553104435735525,1473.28632649358,0.491133387210311,0.575432610943488,-0.662535568747533
0.818578522080049,0.256304861869876,1473.57493633039,0.288609836808746,0.267439999383886,-1.38175676873295
-0.441769416946184,0.291923210217404,1473.58493633039,0.00999999999999091,0.253667018893839,-1.37286897839237
0.607145779531914,-0.34345459837403,1474.02193140776,0.436995077370511,-0.334048395213511,-1.22362384537495
-0.257268143615308,-0.572910608238819,1474.46185305718,0.439921649422104,-0.623296303082514,-0.00962805610647532
-1.24912509815989,-0.516456437158526,1474.83276470196,0.370911644777607,-0.495072767605989,0.625185819948192
0.790873067195345,-0.481806839281666,1475.0037259835,0.170961281541395,-0.390377479427769,0.585405507784517
-0.123746773025035,-0.191948612333599,1475.30564265827,0.301916674768336,-0.15658821082471,0.917055551360671
-0.856614574384609,0.0831153466210287,1475.49548784208,0.189845183813986,0.0109266491424981,0.837816426758975
1.30663307127634,0.246321598677436,1475.76951312614,0.274025284058098,0.188832081299398,0.451655117455466
-0.787429931534648,0.317209769872535,1476.16809501564,0.398581889501656,0.403924235146785,0.575385312117186
1.15657615023638,0.458363149102849,1476.52847167385,0.360376658204359,0.462676226563033,-0.24216255452533
-0.793533021221129,0.353904705188474,1476.55537076751,0.0268990936665432,0.456114667539805,-0.24554395796717
-1.46259432785672,0.198398646593293,1476.92086610269,0.365495335174728,0.251721196272022,-0.805129612094621
0.566898781394764,-0.226117886682499,1477.401841289,0.480975186316755,-0.270742849476289,-1.25582053098769
2.53397731117469,-0.519696862572034,1477.62999366634,0.228152377332208,-0.503112272352192,-0.752133725988292
0.480178080788866,-0.409007107962032,1478.04009452022,0.410100853887798,-0.43480058434273,0.995748623142034
0.334858027377002,-0.280404625322121,1478.23628463109,0.196190110863427,-0.221341037194831,1.15210773172012
-0.175088697932555,-0.198296609375065,1478.24628463109,0.00999999999999091,-0.209807679726254,1.15450284524071
0.517928191075797,0.136728108206898,1478.66506178256,0.418777151475979,0.221369625075254,0.850625309876297
0.0425052616395862,0.363137889407084,1478.7978997373,0.132837954732395,0.329932833205961,0.777115624744543
-0.627925600299514,0.370980681741793,1478.82053223971,0.0226325024179914,0.347213299813404,0.7497089380424
-0.294993847014177,0.398928307756333,1478.83053223971,0.00999999999999091,0.354614732293735,0.73054928499906
-0.90930321551981,0.475616452233623,1479.18113734432,0.350605104604028,0.500735457033112,0.0799895257993565
0.418791364354486,0.236781959369982,1479.66429768141,0.48316033708852,0.28054261471314,-0.868824933822509
-0.412174852151033,0.209405676469751,1479.79269575322,0.128398071808761,0.171338148121977,-0.826177052493069
0.455535165724329,0.209007605049465,1479.86203270857,0.069336955350991,0.113290218861243,-0.846519149059795
-0.542263575503799,-0.114162454003006,1480.24513306297,0.383100354398721,-0.152240680171374,-0.515233967654949
0.751688622413418,-0.247802386708528,1480.436212653,0.191079590035315,-0.248589680406768,-0.485676348085677
1.12302100019077,-0.282189753439037,1480.57756759379,0.141354940784367,-0.30133057434394,-0.25929861714566
1.13360476143524,-0.350270272420485,1480.65094842675,0.0733808329650856,-0.315010331267432,-0.113858730945846
2.48978653526564,-0.191580990542175,1481.08644401755,0.435495590803157,-0.19399832132474,0.615112291124839
1.87340388494212,-0.0517557816440773,1481.30482167558,0.218377658026839,-0.0027051108144881,1.11243777716663
-0.183911123873565,0.314114436084977,1481.57175709636,0.266935420784421,0.331463875850863,1.34899897749754
-1.28696961626861,0.638917409187383,1481.74888500663,0.177127910264062,0.539564996707561,0.975926748835901
-0.122193055473227,0.322271081266294,1482.49129210707,0.742407100440005,0.260806788141251,-1.35465560184423
-0.043365400861728,-0.26604544433209,1482.92414498251,0.432852875445178,-0.289721938806203,-1.10868547179005
-0.100795454389734,-0.488253647953841,1483.07160191045,0.147456927936673,-0.43832711505131,-0.894825995810614
-0.818254414985298,-0.440988927682056,1483.23011490033,0.158512989876044,-0.557187439698651,-0.590772409309633
-0.675586538364996,-0.646899892449195,1483.66854887168,0.43843397135538,-0.646464995861969,0.204954461053163
-0.395345652616742,-0.494355373393026,1483.97092518391,0.302376312225533,-0.514728561745994,0.607880401931667
-0.314801931337057,-0.349585087591713,1484.15703715328,0.186111969370131,-0.388356159310092,0.728329948977977
-0.709057783443653,-0.371850672997521,1484.23781873764,0.0807815843591015,-0.328524595480074,0.749671577808733
0.85528423441079,-0.0167658098252724,1484.63041475483,0.392596017192545,-0.0730344729948959,0.51554461916239
-1.6182765974201,0.157223204608955,1485.04929962609,0.418884871256523,0.190195852241629,0.696113449252464
1.97352453758556,0.323778446338019,1485.22214530082,0.17284567473348,0.274609795062378,0.279732684839091
-0.77922354354528,0.427610361588896,1485.44349160007,0.2213462992529,0.362430894504276,0.49832561318087
-0.0120878738901478,0.358208793066245,1485.45349160007,0.00999999999999091,0.367314449895277,0.478366137099803
-0.68992055830857,0.447297338629353,1485.58283201275,0.12934041267863,0.418437218279604,0.309193909979925
0.241740258140875,0.317917939704635,1485.77905236649,0.196220353738454,0.439733106729837,-0.0889445423694813
0.453677283271318,0.257953956843593,1486.2006941675,0.421641801014857,0.327905566821819,-0.396254238671558
-0.750055445377508,0.109935029305428,1486.50569937689,0.305005209385854,0.205189357781112,-0.389352798814663
-1.47656047765254,-0.0735747420934368,1486.83653022213,0.330830845236051,0.0306047557304414,-0.637503091867983
0.0108897831985853,-0.22430275971789,1487.21001897817,0.373488756048346,-0.274747958812478,-0.944501191148929
0.0972837475425739,-0.418339897983874,1487.49215110895,0.282132130771743,-0.486662826464709,-0.524796406999899
0.457068688700705,-0.545613037743758,1487.56385828891,0.0717071799597306,-0.519274241512582,-0.383361547136123
1.43748782202155,-0.622429232695279,1487.66111916652,0.097260877616236,-0.545146707678585,-0.147923520001725
-1.10366223190462,-0.50007878075866,1487.92336751796,0.262248351435346,-0.47286259441131,0.661981067077711
-1.05986111133434,-0.268536391341971,1488.26613239663,0.342764878675325,-0.263083600886051,0.51759445404829
-0.521707485377667,-0.153452641788977,1488.53602742763,0.269895030999805,-0.15199205773335,0.29740712653647
2.22793381252154,0.0287892961968344,1488.8054135709,0.269386143267639,-0.0859337572481562,0.188926743836966
-0.648559921625615,0.168784300414205,1489.23478406815,0.429370497244918,0.182713494871109,0.993195907465185
0.146230555813399,0.362636883253522,1489.49956260824,0.264778540098632,0.386344067756989,0.525534299218191
-1.07315359971184,0.50884323353267,1489.69117094375,0.191608335509954,0.463696168709139,0.274157445233652
0.59078816871163,0.404694452462477,1489.88981340727,0.198642463514261,0.466858141704575,-0.234407913884186
1.12216910595053,0.409126951537191,1489.89981340727,0.00999999999999091,0.464477566789708,-0.241676107868782
1.17609179451811,0.34189603202644,1490.2961043491,0.396290941833513,0.3670502004021,-0.220830476000714
0.520348690290907,0.369020718713691,1491.15066630792,0.854561958823297,0.323861418898182,0.1168096649266
-0.388210938126105,0.252894879155617,1491.44744154469,0.296775236764461,0.342248880380035,0.00649804137545127
0.589396698095111,0.289189187189561,1491.84037677774,0.392935233047865,0.256319157242576,-0.410547489756464
-0.481385089728612,0.190788364919682,1491.9615995992,0.121222821467427,0.208317658326039,-0.379000729594903
-1.99307479910767,0.163955949057209,1491.99524806227,0.033648463064992,0.195146992556401,-0.403575542663084
0.749920869490697,0.103390912500978,1492.18993414064,0.194686078365976,0.07734385641838,-0.79147721361608
0.458281779568777,-0.147696306394788,1492.51987942434,0.329945283699544,-0.124606719679491,-0.420161372433815
-0.457469697674441,-0.105595460788464,1492.84037232695,0.320492902619662,-0.209846030696238,-0.108943908060579
-0.801729044431705,-0.229992570495444,1492.95667783376,0.116305506809795,-0.222025527408827,-0.0999483542150032
-1.55642579293188,-0.288367221595611,1493.22449784659,0.26782001282254,-0.256475051777171,-0.151754287347572
-1.32049460084876,-0.27242044691815,1493.56875133071,0.344253484127648,-0.35359037907374,-0.386718542960448
1.28531677770446,-0.45650509985643,1493.71240651823,0.143655187517197,-0.410381192441897,-0.398085362999189
-0.230319461001013,-0.440275593862589,1493.88414387569,0.17173735746087,-0.439661121806466,0.054587862867309
-0.270981455066594,-0.545263352881754,1494.0949662449,0.210822369203015,-0.406478744551146,0.251214594792372
0.1626209432665,-0.398325377676268,1494.18936661132,0.0944003664224056,-0.379627405352303,0.315327946815018
0.887207463964957,-0.289656960592537,1494.47360210297,0.284235491646996,-0.255431642472072,0.532401296097938
-0.036998195161593,-0.101472618824597,1494.66654814831,0.192946045342751,-0.132702750539752,0.726389640603319
-0.289845074190008,0.135049204204645,1495.11687394899,0.450325800682549,0.161730203498268,0.542204037315908
-0.696442030057052,0.20129599824894,1495.28819719476,0.171323245765279,0.240673074686936,0.375824234051947
0.726999442293842,0.306503613402771,1495.6920471998,0.403850005045797,0.275696831346365,-0.190367700956672
-0.761285574345194,0.140899221450707,1495.97654294349,0.284495743690968,0.22993912770624,-0.126406964677434
0.796906199496291,0.122319751633934,1496.32571754993,0.349174606434872,0.119720675602198,-0.478426614605719
-0.123654341396526,0.0248373679721391,1496.5104862539,0.184768703968075,0.0453463690141133,-0.32421547007501
0.284584383127388,0.0418736848407421,1496.69667397449,0.186187720591533,-0.0152154159994385,-0.322575472803529
0.646104995570004,-0.0564650247895864,1496.7651880109,0.068514036414399,-0.036178246296356,-0.28903820532379
0.508395090130859,-0.139842062246567,1497.16010301349,0.394915002587823,-0.083176816345323,0.0462948954498941
0.335369451402892,-0.0968009607369749,1497.28704598502,0.126942971531662,-0.0721835721920642,0.125578445163988
1.90568441142345,-0.00258073157635377,1497.29704598502,0.00999999999999091,-0.0709068932531087,0.129748855199309
1.59477376992516,0.181115255887577,1497.74797440874,0.450928423721052,0.164993612523279,0.852299716325738
0.426874584734832,0.241777033156775,1497.75797440874,0.00999999999999091,0.173557168146974,0.86034042684312
0.460922956393341,0.296961945933277,1498.00281159617,0.244837187426356,0.367889827823872,0.705300849951776
-0.501904856745171,0.531517929044692,1498.33595566923,0.333144073064204,0.539893527458361,0.288811635487238
-0.813083668482672,0.51641663582465,1498.34595566923,0.00999999999999091,0.542655935000399,0.263650813594754
-0.290567785362416,0.484374835053429,1498.67246825879,0.326512589561389,0.484518755208855,-0.576638049170146
0.230699892831827,0.28000671048975,1498.98305579536,0.310587536568391,0.250429586300742,-0.872850923935107
0.515066823255719,-0.036503838862126,1499.33496968219,0.351913886829607,-0.0367413168976534,-0.725888720928124
1.14187079949964,-0.0940850747995851,1499.45577138504,0.120801702846393,-0.117208643176963,-0.604129336541399
-0.400895803684849,-0.0836779098086142,1499.46577138504,0.00999999999999091,-0.123165466184638,-0.58723978963215
-0.387304751429159,-0.409950848305615,1499.9719768683,0.506205483261965,-0.37388839034957,-0.348829453987889
-1.20012458978707,-0.413802802745403,1500.23770417603,0.265727307726138,-0.435863928735947,-0.110542844949895
0.183587566391298,-0.439596906408318,1500.28827613829,0.0505719622669858,-0.441264186980186,-0.102834855720749
0.863065921214628,-0.447804102589646,1500.37059758625,0.0823214479603394,-0.444526289868418,0.022940773192999
0.636719544288437,-0.275898590430258,1500.72173888508,0.351141298823222,-0.316171622689856,0.65661221364511
-1.8474442318379,-0.0813439288360678,1501.02241532569,0.300676440617963,-0.0811148966006633,0.870139481592939
-1.06391608634601,0.0280305423202241,1501.1580962231,0.135680897409202,0.0172172224177631,0.578171374207957
-1.22379005098655,0.182765677214032,1501.41024925228,0.252153029179681,0.118112150784583,0.220770971713659
0.454941201924969,0.101773098754353,1501.84890107705,0.43865182476361,0.0720754053338884,-0.400287223869453
0.0105481933012089,-0.0437635370856828,1502.21268233379,0.363781256745142,-0.0363447147810376,-0.188971284903972
1.5132683393553,-0.102918972953898,1502.49610577498,0.283423441187551,-0.081773882364311,-0.128616093883182
-1.74848282103847,-0.0558112772581849,1502.50610577498,0.00999999999999091,-0.0829729518748381,-0.111209137940057
-0.481237346428937,-0.148712352020962,1502.69190351054,0.185797735556889,-0.128743931458241,-0.374335492197379
1.06425391885821,-0.219979532922536,1503.09883267539,0.406929164855683,-0.273498576587008,-0.31314536466055
-0.0179231901541307,-0.235627241396642,1503.39961904243,0.300786367042065,-0.284755472219675,0.226459512053915
-0.0282426828913824,-0.269600055825202,1503.60867388768,0.209054845244509,-0.226888336322468,0.319466717798923
-0.0762551207900763,-0.0873762519898211,1504.18771451247,0.579040624790196,-0.018616863019282,0.352346925870255
2.25146541489323,0.0118411513072848,1504.39192558542,0.204211072953058,0.0480559121248139,0.29701962965725
-0.28998823051183,0.124323151722219,1504.54710068666,0.155175101237546,0.117217795399812,0.586867008613237
0.563757080136757,0.303128257263296,1504.8430832328,0.295982546141886,0.25131692077021,0.309249943177261
-0.415384303091342,0.367131884753431,1505.509612739,0.666529506201641,0.383615180350337,0.048427729837339
1.51445763679549,0.291093937956469,1506.02323621956,0.513623480556817,0.238685014634322,-0.5412337318689
-0.391693969498586,0.158675379943795,1506.08391390313,0.0606776835659275,0.208156878552926,-0.464558108947874
-1.15805661209237,0.11839153959967,1506.46319431308,0.379280409956209,0.000663638153047333,-0.596387921305649
1.26896960996441,-0.296435961313307,1506.93088172528,0.467687412194891,-0.341812073622036,-0.79284857534724
-0.406293414336388,-0.330959560420367,1507.10758462791,0.17670290263186,-0.44079500751416,-0.321725673240072
-0.0412929055303503,-0.431849666252828,1507.26733517989,0.159750551976231,-0.47802788805615,-0.141660312648442
-0.842887288584944,-0.378832991476343,1507.36683650849,0.0995013286055837,-0.484573162466649,0.00943956138658646
-0.410679715296446,-0.482753035767356,1507.49375621853,0.126919710041875,-0.477987005049541,0.0926981968954023
-1.23909062216195,-0.446970447606191,1507.50375621853,0.00999999999999091,-0.477007947533877,0.103091427270792
-0.550749907166391,-0.491908529931166,1507.65222734885,0.148471130321695,-0.459801266749705,0.126150629285973
-0.4818338324439,-0.405547337773466,1508.07587514486,0.423647796002797,-0.351704355082882,0.34133385017153
0.585950660176474,-0.295874087665501,1508.26384839876,0.187973253900282,-0.284347853812454,0.367491672915758
-0.117537348618003,0.0566603608372934,1508.84873852296,0.58489012420182,0.0579935902422114,0.708006123836332
0.34766021178563,0.181163880791578,1508.87631516978,0.027576646818261,0.0772900336348361,0.691333075245093
0.946088720526184,0.267166013747598,1509.1815681155,0.30525294572567,0.274483116785765,0.578354390490541
-1.29064310335141,0.318370132658885,1509.36110785178,0.179539736274364,0.376565617096237,0.548227271699407
-0.0419201731920433,0.420147911044714,1509.65448921855,0.293381366774838,0.425084825157959,-0.209559506515727
1.13542699332146,0.392537344332004,1509.90747672345,0.252987504892417,0.339372362964471,-0.447628479946307
-1.40230462325757,0.300409725033982,1510.02766610634,0.120189382898161,0.289449327289993,-0.380335687448467
0.504893717733539,0.226879499122332,1510.29285959033,0.265193483985058,0.12868490062335,-0.80337830554723
2.04482357920998,-0.105674000115655,1510.82544045259,0.532580862263785,-0.181667565494605,-0.32536795063276
1.00528445493244,-0.230791348422865,1510.99136615587,0.165925703280664,-0.200409288396093,0.0949676692351577
-0.0993794565312622,-0.113751468420471,1511.25682192418,0.265455768308584,-0.129423553398996,0.424841247650979
-0.5335659117687,-0.0373754537588585,1511.63477172913,0.377949804950958,0.0207124496516787,0.352386731922161
0.208871772282895,0.127850415556845,1512.02592588309,0.391154153955313,0.0993061076281653,0.0487922644563654
0.291229875103883,0.0374937890549927,1512.2902116794,0.264285796316699,0.111261541027957,0.0407174140573356
-0.783038490687926,0.207588553951856,1512.71528765033,0.425075970930266,0.130882364979192,0.0482231975059736
1.70496159329207,0.19757269282906,1513.08352457711,0.368236926777854,0.0805536720795297,-0.303867907984072
0.813727342587407,0.131559833200272,1513.55149812736,0.467973550250917,0.113733255967711,0.41187387449914
-0.143900201193644,0.294154123591917,1513.9998011619,0.448303034535002,0.317923960014417,0.45541163692339
0.00050741889082859,0.40030644970811,1514.41567709401,0.415875932116478,0.398772250471757,-0.0709163994342488
-1.90410789652777,0.161849447269481,1515.03910004039,0.623422946372557,0.196961396830582,-0.479906441155893
1.68471997853743,-0.0361882035404431,1515.31834708694,0.279247046548107,-0.0100016031191202,-0.969816951698834
-1.01525355095975,-0.297100323085762,1515.66735884543,0.349011758496772,-0.211487068959406,-0.181254814293952
1.66261170504214,-0.213548475517621,1515.88809614433,0.220737298901213,-0.261187854195149,-0.262365727581076
-1.6327705210852,-0.156695524558955,1516.24968620504,0.361590060711251,-0.206740245862121,0.529677862620453
0.633789972667447,-0.100523605499893,1516.49852044786,0.248834242813018,-0.120451149922973,0.162959765328678
-0.040366492773501,-0.10264642662082,1516.59357887587,0.0950584280101339,-0.101450596897031,0.235571684820355
0.683047972746695,-0.175129887803084,1516.60357887587,0.00999999999999091,-0.0990923788761628,0.23605853177659
-0.148233790981764,0.0669910913571679,1517.01297960394,0.409400728072569,0.0508093730047655,0.46740328226088
-0.782552439017394,0.260287844892291,1517.38836864264,0.375389038702679,0.186718213477322,0.244568381125765
0.567194184357307,0.260505534676529,1517.63915581107,0.250787168429042,0.207437076902153,-0.0748902816456112
1.21208075628304,0.243202929492065,1517.87728510567,0.238129294597456,0.193937602017952,-0.0378304574345796
1.56613540235461,0.302249129187041,1518.42775786701,0.550472761341098,0.280152182947394,0.312274369124938
-0.741428867842576,0.421968222181734,1518.7871226705,0.359364803484823,0.427822029118088,0.470244760008712
-1.77777979744129,0.398150236768991,1518.97363776975,0.186515099253256,0.476118788871986,0.0465546609506019
-0.116033684530263,0.38850491745885,1519.2192522647,0.245614494953088,0.394035288144247,-0.683070025187882
1.7905065403784,0.232196323134698,1519.50545930136,0.28620703665365,0.174995956047826,-0.810235873593008
0.560790488342901,0.119692890743004,1519.63037006572,0.124910764363676,0.0882543056017764,-0.577005783098784
-0.0165181457696363,0.023635411666861,1519.90367508537,0.273305019649115,-0.0419814424951994,-0.368796796999717
0.201012707592291,-0.119238626638677,1520.60539874969,0.7017236643253,-0.210071078330268,-0.0816181209349055
-0.730451428131668,-0.174912044347613,1520.91579546168,0.310396711989597,-0.202631406796914,0.123186198919312
-0.771614167155219,-0.149872310710183,1521.26115935511,0.34536389342702,-0.181104629064377,0.00183740230600025
0.643660314882563,-0.192252550524168,1521.82038362237,0.559224267260333,-0.231082382107118,-0.160487317576023
0.0173294991536243,-0.261019616794164,1522.08737943049,0.26699580812101,-0.230696445297089,0.156238352313956
2.45980701854675,-0.194565428458071,1522.27527624894,0.187896818450554,-0.193956765247346,0.23056413598886
0.645200026965564,0.0899544849252829,1522.61356574592,0.338289496981815,0.0273224606165384,1.02774896546996
1.61372367939666,0.45699692688755,1523.06046722768,0.446901481751638,0.459369387136789,0.813935210567251
1.30718079988424,0.753192633806475,1523.44765507597,0.38718784829689,0.716639434982099,0.403674206170716
-0.676677562494891,0.666188949734976,1523.86959444396,0.421939367984805,0.687685668676986,-0.487089909712264
0.332636826621336,0.388719447738186,1524.1412724983,0.271678054345557,0.452291250559418,-1.15449053261089
-0.402133739689788,0.367752135264335,1524.16982058813,0.028548089823289,0.419168473009181,-1.16521296171672
1.75714358235467,0.0723027530159408,1524.45305830456,0.283237716436361,0.0663927597026943,-1.27337768816966
-0.987124933583156,-0.30137076759526,1524.78887299177,0.335814687208313,-0.227227761022338,-0.46189318328924
0.173292661586256,-0.253669658076549,1525.11207811589,0.323205124121387,-0.380668778166507,-0.459340261024972
-1.121437884163,-0.4329734843412,1525.44824603776,0.336167921872402,-0.449068812701037,0.0558657435997286
-1.30929121927881,-0.367701656706685,1525.57631269585,0.128066658080797,-0.440402773897288,0.078309736166627
-0.155730588367016,-0.415476829932726,1525.79389104549,0.217578349643645,-0.424900669047187,0.0617761435102187
0.636793246207401,-0.329132961273985,1526.02049863398,0.22660758848906,-0.386045464114433,0.270569431206465
-0.301704378100565,-0.261459181514232,1526.25661682161,0.236118187634247,-0.283330284846372,0.578267261964929
-0.492084847975033,-0.144927339646389,1526.43843834048,0.181821518869128,-0.178448269678819,0.566618386463558
1.77328459883947,-0.0276062433746028,1526.59831985572,0.159881515243114,-0.0935828346535876,0.49083959976091
0.841840177406956,0.375266660852293,1527.12359761742,0.525277761696998,0.349029979553642,1.07649186524804
-1.11355140669825,0.70693724416985,1527.66354597447,0.539948357049298,0.726551330356388,0.12451859113078
0.529830416868504,0.631747055409802,1527.85334476928,0.189798794806848,0.671766535297286,-0.672513844020666
-0.324988881443808,0.502514112168915,1528.07626807113,0.222923301848141,0.485007626402015,-0.948369620823413
-0.162608827480284,0.327785435706348,1528.16064831572,0.0843802445954225,0.400605949581014,-1.04556396272909
1.49451605875609,0.129996402181049,1528.42504899749,0.264400681772486,0.110436999735931,-1.10882609668459
-2.43707447275679,-0.211958967391585,1528.95933135069,0.534282353200069,-0.201712621347682,-0.047162624671913
0.364689826454614,-0.530150743101137,1529.56074951885,0.60141816816008,-0.519277921923531,-0.843914531234447
1.98055870435517,-0.644299798632927,1529.84214815116,0.281398632309219,-0.645572585775529,-0.0294661587234571
-0.800179442132444,-0.358790724887835,1530.24317995413,0.401031802967054,-0.338092771532281,1.38590364474505
0.753570882598362,-0.335945087842734,1530.25557319796,0.0123932438286829,-0.320966461746653,1.37786319170137
-0.627542550295263,0.401776906248172,1530.79178920437,0.536216006414179,0.443753371397996,1.3042949293284
0.880484815429865,0.641204317091358,1531.31484604546,0.523056841086373,0.668990645086556,-0.512070833740096
-1.61246916697405,0.682101406893523,1531.32484604546,0.00999999999999091,0.663785681456707,-0.528811183070936
-1.4176157650446,0.496637455591042,1531.55133082337,0.226484777912674,0.452617268168887,-1.26700397042965
-0.877930563549197,-0.208047139545238,1532.01354450417,0.462213680802506,-0.268830311234453,-1.69546871013247
1.08888433238714,-0.227571248100081,1532.02354450417,0.00999999999999091,-0.285753995356398,-1.68916371015027
1.121554937357,-0.608261815462878,1532.25711821513,0.23357371095949,-0.59851761728117,-0.940844582550922
-0.659216864925132,-0.650084520173513,1532.41796037602,0.160842160881202,-0.697024575859938,-0.27079838410064
-1.43313502255631,-0.608734178897449,1532.84098599645,0.423025620438011,-0.597142652656089,0.646120597999603
0.709897807240451,-0.391466472640316,1533.20772406685,0.366738070391875,-0.361337952117419,0.56292917402461
1.4474952947642,-0.224823313238912,1533.38275811909,0.175034052247838,-0.244157380505769,0.761483037846222
-1.16862010365398,-0.0203245906035826,1533.67339477907,0.290636659980919,0.0340759705598379,1.11432599255189
-0.161535830549467,0.333730126959117,1534.16145913873,0.488064359651617,0.343185379624737,0.123245517604132
0.635957863060791,0.316195222051345,1534.37147733529,0.210018196564306,0.34501814523304,-0.102069037029895
-0.248496089974478,0.410908870410282,1534.55313710405,0.181659768755935,0.323543358857494,-0.131515600269657
-0.309218883823316,0.139193261928154,1535.03232235355,0.479185249507282,0.167951397317482,-0.466762176177514
1.09546263691138,-0.0231772989702823,1535.37373836399,0.341416010437342,-0.0082939710629123,-0.542183004785408
0.540692548401882,-0.0133318521828419,1535.5183215155,0.14458315150523,-0.0720826275923639,-0.339515347118531
-1.73435379382435,-0.161195052350356,1535.55581526412,0.0374937486287763,-0.0842080874555858,-0.307231204598895
-0.557944588723841,-0.318592548633724,1535.84435549136,0.288540227232488,-0.225351737140132,-0.64681025207394
2.18284444921057,-0.432659425192539,1536.27709584144,0.432740350079939,-0.456150897835961,-0.365379877023512
-0.64220225417121,-0.389602537800387,1536.5285062953,0.2514104538634,-0.432487977014891,0.529572179111668
0.993874919811875,-0.132717190318803,1536.91407737574,0.385571080438467,-0.223811427470995,0.50454462147744
0.335521708074607,0.263429826476534,1537.5630750897,0.648997713959261,0.275146516235703,0.891394914970706
0.225720031967546,0.338426639573161,1537.59246731386,0.0293922241612563,0.301005926662521,0.86785823707037
-0.880148873440814,0.237787217751178,1537.62815082017,0.0356835063068957,0.331353202667659,0.832494690443519
0.931025413447729,0.522357603332093,1538.16520047182,0.537049651651841,0.441487820483849,-0.411187339887849
-0.625868507574832,0.320042211464451,1538.50163272854,0.336432256725857,0.305030995105396,-0.369650961188853
2.47973472231534,0.110582930386332,1538.92607756982,0.42444484127418,0.0650818886207773,-0.704641729775062
-0.79334281303033,0.0548865913816068,1539.47691054315,0.550832973335901,0.0690515008493431,0.654626402462364
0.117650019426633,0.226016734013952,1539.85239809655,0.375487553396624,0.221396642481898,0.150001769690514
-0.535919985398265,0.247824136573001,1539.95555210233,0.103154005777469,0.234424576872501,0.102375019864048
0.161158464555122,0.2048054328161,1540.14153510184,0.18598299950736,0.234524265877542,-0.0981931847054938
0.480314135318767,0.20210854017424,1540.63428688302,0.492751781180459,0.156657977475344,-0.196980350811464
-1.42151962413879,0.101363251954331,1540.66345405858,0.0291671755655898,0.151018763195231,-0.189659416024328
0.0219467248316945,0.136913687130154,1540.95663584923,0.293181790651715,0.0307769937327744,-0.607650624919562
0.264524135188881,-0.1350907078021,1541.37333644472,0.416700595490283,-0.187678079407954,-0.414951957717677
-0.928839602691549,-0.358758695411073,1541.78691411256,0.4135776678404,-0.279226636728389,-0.0231360657835838
1.04383748003569,-0.296408784650249,1541.98583347066,0.198919358099602,-0.288470818928472,-0.0680763489719668
0.598134108768984,-0.196997330529149,1542.32740978356,0.341576312898724,-0.215406868507643,0.467775871715375
1.01639938784069,-0.0266582138278344,1542.65177171726,0.32436193369449,-0.0286160826141911,0.655979054386343
0.595304516291298,0.0740628957566715,1542.78062191783,0.128850200577517,0.0614895823942506,0.737824117188228
-0.119490843783976,0.0474241586861196,1542.79062191783,0.00999999999999091,0.0688726395962877,0.738763035246108
-1.53597877230121,0.287873932124896,1543.12248042527,0.331858507439847,0.2723204756434,0.466745902696582
-0.188370896742589,0.334328980911548,1543.28144429317,0.15896386789791,0.316012643051842,0.084187331573747
-1.22545021023494,0.258080475406186,1543.77546234629,0.494018053120271,0.245098062436034,-0.334245969054852
0.201383751876874,0.176789867616289,1543.91801843902,0.142556092727773,0.181869847335901,-0.54620494704601
-0.502139667706041,0.0464595405009672,1544.22983168935,0.311813250334808,0.0212809821416716,-0.467729986393172
-0.0365403649270308,-0.159937858056571,1544.61729893024,0.387467240884916,-0.172648057222533,-0.505427185634366
0.054347272352043,-0.335633853789612,1545.00528721262,0.387988282379411,-0.316234891997566,-0.216562995231412
2.23903844763826,-0.343523931224627,1545.48743076571,0.482143553093465,-0.311915472742034,0.215401743384238
-0.625689681424511,-0.0926949304799863,1545.79683052818,0.309399762463272,-0.119401625311261,0.981183780738423
1.10715496644516,0.336699417808375,1546.44776825783,0.650937729657699,0.280871866458537,0.191338499094443
-0.360191161076187,0.31662406719531,1546.52235958262,0.0745913247906174,0.296031816327949,0.214387639659853
-1.25466604158839,0.19247348131991,1547.21029835435,0.687938771728341,0.189045299125508,-0.447114147638945
1.15579184207584,-0.0773611265606595,1547.65192858337,0.441630229015345,-0.121250846558864,-0.893164924857972
-1.72735681307024,-0.26602092852647,1547.68430820927,0.0323796259019673,-0.149193407472702,-0.832608425972064
0.511712702886199,-0.549897948045531,1548.05463709421,0.370328884940591,-0.500510809156633,-0.98004186736469
-1.01565749826816,-0.705946186436772,1548.47550756488,0.420870470673435,-0.642414823299164,0.333066523142005
0.25221155919129,-0.670597651989001,1548.6459520738,0.170444508914898,-0.567945378541705,0.522078256062865
2.3279057265994,-0.555505286120042,1548.6559520738,0.00999999999999091,-0.562623242747061,0.542299090339936
2.1034381159822,-0.151635569557192,1549.06231222805,0.406360154248432,-0.0779639821232166,1.67334534356728
0.604112512002171,-0.0811145607204469,1549.07231222805,0.00999999999999091,-0.0611601551738327,1.6872148673131
0.587316011032339,0.275048446071098,1549.27137545907,0.199063231023274,0.26802835946224,1.5971069309572
-0.291555173508849,0.756716038011279,1550.01426168342,0.742886224351651,0.794005636096559,-0.593085443179239
-0.379418744775003,0.618768015957302,1550.22675842545,0.212496742030226,0.59170054112188,-1.23194011468597
0.873821532640285,0.120509279335643,1550.55054166704,0.323783241589126,0.134975002148844,-1.47901896443252
-0.944915964420628,-0.407087391373601,1551.10131797664,0.550776309599996,-0.421915012247833,-0.452021201012545
-0.17161962470588,-0.494883291177535,1551.36180285666,0.260484880017657,-0.517486627522474,-0.26357187617632
2.26650771103328,-0.504809988956421,1551.61404857079,0.252245714132187,-0.52998166252652,0.158790470563449
0.0829370053706129,-0.112113504174642,1552.03937056736,0.425321996565344,-0.159917229705325,1.42457471761614
-0.449492714069116,0.0834567067580441,1552.23396849837,0.194597931013277,0.108363093254877,1.316415589289
-2.08298709665729,0.377485806265164,1552.38741929066,0.153450792286776,0.293313452104533,1.08456108151122
-0.239763519282827,0.500575320540384,1552.65216579756,0.264746506906931,0.458703570050388,0.154163724477158
-0.396032805610569,0.33262718313457,1553.27943117803,0.62726538046536,0.267918428401327,-0.631074857027689
-0.419173738724762,-0.325781104113665,1554.02967250117,0.75024132314411,-0.272776769200845,-0.655535143135195
-0.469400383959759,-0.30703029751884,1554.10876188037,0.0790893791991039,-0.32273664802308,-0.606038532110319
0.0231925221430884,-0.307415186561247,1554.19603682135,0.0872749409804783,-0.372961011659141,-0.542526146024514
1.26509508668873,-0.552915161484203,1554.50386801976,0.307831198404756,-0.472355226948457,-0.0904646015674083
-1.09553275229384,-0.287922340604854,1554.89031462873,0.386446608968299,-0.319888059835754,0.80456587218194
0.135375511126883,-0.0420582318508907,1555.15742369071,0.267109061988094,-0.135878448179148,0.555941287273408
0.00273486772325819,0.0933953304216371,1555.55778715507,0.400363464357497,0.0852259367312784,0.519453949833398
-1.17496923157957,0.271050096264618,1555.90459786309,0.346810708017756,0.233775312317197,0.322123631788193
1.62854495224104,0.212478201837219,1556.30523146629,0.400633603196866,0.218457795694452,-0.372093361440469
1.49504668750909,0.269835570625202,1556.35013669164,0.0449052253518403,0.203090000991763,-0.312298120432299
0.748604565239111,0.150949275909197,1556.59003611355,0.23989942191406,0.162807741313176,-0.0252815553053731
-0.284255006932996,0.192593339591737,1557.20020112925,0.610165015698158,0.214216298460366,0.170267817606908
-1.09475366772107,0.209619405573302,1557.41117387171,0.210972742457443,0.231412899879051,-0.00580790247129221
0.559128700098891,0.122266146231844,1557.59161806085,0.180444189146783,0.205025270819729,-0.280353855465901
0.641106833648985,0.222783210420819,1557.99436822381,0.402750162960501,0.117290339734085,-0.145789482507631
0.0557404299164702,0.0703133882390403,1558.56302290572,0.568654681908356,0.108719267586662,0.105260367186165
-1.400148744692,0.121396379018522,1558.94430104564,0.38127813991855,0.132162241413704,0.0172041114302914
1.70159871060313,0.0581713270248986,1559.30071103548,0.356409989840813,0.0394066853741326,-0.51003590653414
-1.43790174591189,-0.0441995183193083,1559.48690202902,0.186190993533273,-0.0231081876346502,-0.162986656117807
0.377993766015466,-0.176938630468487,1559.86330674597,0.376404716950447,-0.166835766865319,-0.568528395813742
-0.285470842755857,-0.392009390358845,1560.38098208636,0.517675340396409,-0.310547650597776,0.0245961269570416
-2.83017235917983,-0.296726325728391,1561.03235785111,0.651375764749901,-0.217152277731975,0.219068654983395
0.12290568105238,-0.205594509060784,1561.25854397755,0.226186126432822,-0.228490077950853,-0.308182239214211
-0.929419160325987,-0.286084789334488,1561.41876701964,0.16022304209082,-0.267418668208423,-0.176455421037593
0.969031758940448,-0.310667006156001,1561.88036539786,0.461598378227791,-0.359875075051316,-0.198239717126226
0.651746250677388,-0.322028481097682,1562.09154928899,0.211183891123483,-0.357658386082838,0.211657440345905
-1.67493410178171,-0.12640791777785,1562.47607118598,0.384521896992283,-0.183821717014778,0.642717536534954
-0.442705405067288,-0.0555610535230349,1562.88088925683,0.404818070849842,-0.0577025827453227,-0.0158538463601476
0.165233729650433,-0.0780423693825928,1563.05335323487,0.172463978042288,-0.0649885920397262,-0.0674641638313244
0.206574981685483,-0.0858788305573232,1563.36982660461,0.316473369741288,-0.0702013240059771,0.0324410888865558
1.43102507491962,-0.065489776301661,1563.71368990649,0.34386330187408,-0.0412680768253895,0.129627070890072
-0.982169541248582,0.263103675060467,1564.33771478118,0.624024874688985,0.268687198589941,0.757956754972428
0.038213256030997,0.332453035686722,1564.50300227498,0.165287493808819,0.365801743339607,0.412401599433845
0.148299954475266,0.471351063656763,1564.83043867876,0.327436403778847,0.435184508558869,0.00553213523634963
-0.886007714049787,0.412820589444253,1564.98333812254,0.152899443773094,0.423177830008838,-0.15901963614262
1.13702946791679,0.47892072199077,1565.19483513513,0.21149701259742,0.347472029691706,-0.538685715665764
-1.38707121798016,0.154663987184592,1565.77079292714,0.575957792005738,0.156008930697023,-0.0945138393534219
0.582256997998721,0.030101170354727,1566.11039962493,0.339606697790487,0.0360555461254649,-0.583091222589005
-0.87319416360335,-0.0150586879881683,1566.12942796875,0.0190283438200822,0.0251064748080817,-0.567734122443916
0.495296047486742,-0.282951384516659,1566.60656996632,0.477141997567514,-0.290658109849871,-0.691706538584568
-0.954577056574131,-0.311538956466997,1566.63313547728,0.0265655109601539,-0.30848351661948,-0.650175856934287
0.306874475441876,-0.357638279250784,1566.78621730758,0.153081830302654,-0.405098664118478,-0.602999774173495
-2.12759214281297,-0.471646329764249,1566.928187292,0.141969984415937,-0.472286281113103,-0.338812118912473
-1.48897380208162,-0.530952254822642,1567.12314155996,0.194954267959702,-0.544874370016821,-0.391062353573033
-0.658205146332602,-0.527527568401726,1567.19076936124,0.0676278012815601,-0.569824915296509,-0.345192984244839
0.172507050398307,-0.540652059695672,1567.61597008361,0.42520072237221,-0.568879813271979,0.324366854958273
0.145742939629058,-0.596069638858443,1567.73417228319,0.118202199575762,-0.51706046954858,0.543675336510063
-0.0403811251557571,-0.486690405698314,1567.74417228319,0.00999999999999091,-0.511544371802578,0.559469651064886
-0.884651858772223,-0.624909682364768,1567.75417228319,0.00999999999999091,-0.505881404918815,0.573021568551295
-0.486374382270392,-0.295557962085378,1568.18647718812,0.432304904929424,-0.253327683694834,0.520242960674677
-1.49749364588168,-0.0548428533595033,1568.55063099422,0.36415380610697,-0.0839951662869223,0.388659085841255
-1.2685633597689,-0.0126221626674039,1568.66921150183,0.118580507605202,-0.048588269410873,0.208874335592912
-2.65854552155248,-0.129734434947084,1569.03659608014,0.367384578316205,-0.0543659647378751,-0.226184099751498
0.181346650300439,-0.566595093384042,1569.57019884656,0.533602766415697,-0.463143363394244,-1.15442556059464
0.14028651272808,-0.586014562834955,1569.79795815396,0.22775930740454,-0.659798858515003,-0.532935235871033
0.225601642916923,-0.660845301860752,1570.01377111755,0.215812963581584,-0.69859898195181,0.173280795968771
-1.20692164119889,-0.618366373809497,1570.10544424708,0.0916731295305908,-0.669588650889566,0.45346810373216
0.319669322026091,-0.403420456418547,1570.62496619321,0.519521946130226,-0.35111214865494,0.595686037143146
0.362149533855724,-0.291104200428856,1570.7041235424,0.0791573491890176,-0.301238375008764,0.6616656722152
0.182485922275592,-0.0982401269152061,1570.96900964515,0.26488610274987,-0.106395028127111,0.783815149089256
2.47567996006139,0.0697953168936975,1571.09856922612,0.129559580974956,-0.00535414124654093,0.771655818944462
-0.90820002139142,0.288498843071313,1571.32865891154,0.230089685422627,0.222123350536836,1.17855222240566
-0.194446268515106,0.247917774688322,1571.33865891154,0.00999999999999091,0.233808903951716,1.15849561859763
-1.35897177497514,0.468659296322564,1571.68098695083,0.342328039285576,0.534502671677758,0.539820565180724
1.23628291863226,0.488028156112913,1572.00534753191,0.3243605810801,0.527869212169456,-0.548263137488804
1.67259032542584,0.499967318776364,1572.01534753191,0.00999999999999091,0.522373134772909,-0.550859006663036
-1.57211309312937,0.289338710612841,1572.53261382625,0.517266294343926,0.316368450594292,-0.180165600209756
-0.131744158406343,-0.00926386948965019,1573.0612841909,0.528670364643858,-0.0397331254019143,-1.04904557877786
1.97001216989804,-0.0350916135844748,1573.0712841909,0.00999999999999091,-0.0501996144894721,-1.04418698657788
0.184950682238611,-0.0632561119583132,1573.0812841909,0.00999999999999091,-0.0605116454804253,-1.01825145863877
0.0558426602619763,-0.368799868032378,1573.40334986945,0.322065678554509,-0.33660987884863,-0.665829488807753
0.615752384768356,-0.404257892180822,1573.56443789027,0.161088020823399,-0.426385766030659,-0.44162787744193
0.681681871687641,-0.402880727204209,1573.84532713576,0.280889245490243,-0.467035048600814,0.147990708027303
-1.10749070510249,-0.484180072823241,1573.91457259558,0.0692454598126915,-0.451979169602067,0.28517417802203
0.261507223017585,-0.256758103523132,1574.47631000127,0.561737405693066,-0.310455097831213,0.16830077574292
-0.535214595988879,-0.218136357837716,1574.88879272287,0.412482721596689,-0.174759071219747,0.452105625539845
-1.48921446842607,0.00627006854780445,1575.41515891827,0.526366195404535,-0.00582737420528235,0.170617665406614
-1.18406218348433,0.0463565616447752,1575.77714460167,0.361985683400462,-0.0410355491616329,-0.345162405093119
0.039336254068651,-0.368214583417797,1576.17053280067,0.393388198999673,-0.235401288220691,-0.604962154279044
-0.297484261709984,-0.338495930505598,1576.35420308996,0.183670289287193,-0.330436800607818,-0.423275426012506
-1.12756212595165,-0.385852771259828,1576.7392007325,0.384997642542658,-0.428542132782865,-0.0708952484615908
0.546509943013937,-0.435390174790522,1576.79604963494,0.0568489024378778,-0.432308802525164,-0.0614925139724759
-0.822347067796462,-0.288804468560139,1577.3701364689,0.574086833956244,-0.213624580279124,0.703609883252298
1.1630672671676,-0.0607697927422527,1577.5953835527,0.225247083802742,-0.07523814194449,0.516590945756591
0.87679875714761,-0.0934863582560628,1577.6053835527,0.00999999999999091,-0.0700198884797463,0.527044359209917
-0.355576645062835,-0.0403783561215383,1577.7092778869,0.103894334205279,-0.0114640342456476,0.597514409845383
0.90856886005532,0.125694591105684,1577.81346333858,0.104185451671583,0.0472077053777628,0.527308046856525
0.23178596045484,0.156069203640851,1578.09838980309,0.284926464517639,0.214297484485065,0.625133227959652
-0.163705631579902,0.263870585082725,1578.27100396541,0.172614162317132,0.312679165756578,0.507761527684707
0.429628335341502,0.340644330221253,1578.35134074324,0.0803367778341908,0.349516119199864,0.408178438540046
-0.26324059358214,0.419409801605123,1578.46079262903,0.109451885783983,0.389820183214652,0.326052334892049
-1.35037184560987,0.287786598158166,1578.93741451675,0.476621887723923,0.37654674074991,-0.349333038934906
0.865196622986697,0.000206804011087163,1579.42875183102,0.491337314265365,-0.0031056242651038,-1.07968519008059
0.361223932598778,-0.195242651588233,1579.65200732993,0.223255498914796,-0.206523589671782,-0.732336628828902
-0.645402201290591,-0.348324112649987,1579.84033663364,0.188329303712635,-0.321991579487395,-0.486611424174134
0.284656133939443,-0.386522729671209,1580.25118077479,0.410844141148345,-0.470667914121498,-0.20130346805465
0.0385214541888854,-0.445896496237978,1580.32586522535,0.0746844505613353,-0.480550642808382,-0.0635413794603856
-1.54167143755171,-0.369237166016721,1580.79921250052,0.473347275166134,-0.35586105005588,0.518436455955546
-2.16047421474228,-0.23759522428432,1581.00592734378,0.206714843262944,-0.269001309832219,0.315110658227467
-0.200184195468486,-0.260791364775245,1581.1922240347,0.186296690912513,-0.239360479955198,0.00520986184848674
-2.47534138141761,-0.24085109710209,1581.81325527781,0.621031243113748,-0.181631268659028,0.156246098386841
0.201767162083403,-0.229101195210287,1582.15314207409,0.339886796280325,-0.246138249592135,-0.507230019137647
-1.4504757462653,-0.305593304172041,1582.35602799752,0.202885923429903,-0.326808261726193,-0.282926585345901
0.304363366279617,-0.456481244341722,1582.66069759296,0.304669595440373,-0.428741761622963,-0.362599229346279
-1.26010852923529,-0.410717914863209,1582.85360946136,0.192911868401097,-0.465788635462238,-0.0209797507825574
-1.22505885414646,-0.51056737253885,1583.14729113768,0.293681676319466,-0.464100621451911,0.0307541553149812
1.28555589912378,-0.334874483737232,1583.42179601261,0.274504874926606,-0.449640012685252,0.0702735354388693
-0.0343002818761465,-0.197568261146594,1583.8733703439,0.451574331294751,-0.193052087877461,0.957709046568585
-1.12240650776194,0.145672014403964,1584.21503689501,0.34166655111062,0.115716877692687,0.816805360761331
0.17535824455999,0.223112566362124,1584.45535026853,0.240313373517665,0.259105309018742,0.370714711453429
-0.391590711034723,0.303925902963252,1584.50704795577,0.0516976872370378,0.277430143245789,0.337842986110246
-0.454017898003472,0.342165969943455,1584.63899825782,0.1319503020502,0.31123720096974,0.173922937432188
-0.324125488530747,0.33149113895937,1585.20290487549,0.563906617671137,0.219103738090307,-0.44250448897775
-2.24492590353863,-0.152662136693443,1585.81842253397,0.615517658485032,-0.112148324673994,-0.554704337381424
-1.64956955360357,-0.145661950018499,1585.91110013086,0.0926775968889615,-0.170723814284346,-0.706101598057032
-1.35227039515124,-0.595326744614167,1586.4544386409,0.543338510033436,-0.614099436899805,-0.741001236241728
0.504939428674883,-0.632173724726948,1586.49473191766,0.0402932767622133,-0.642763391195461,-0.680387521836565
-0.0973168816375405,-0.692151999352579,1586.50536061793,0.0106287002743102,-0.649798831818812,-0.643410423049239
0.323127903242593,-0.676252197351525,1586.9351360794,0.429775461462896,-0.642711303121691,0.623742377612125
-0.819239771976117,-0.500849983527585,1587.09332871377,0.158192634376519,-0.515612479753004,0.954940470684917
-1.69316177650727,-0.217658801069835,1587.42652664979,0.33319793601413,-0.203220704170055,0.853405634896894
0.388915397292984,0.00271521428493525,1587.82436313105,0.397836481265358,-0.00341472609106518,0.146153458962476
1.13256283423782,0.0344388173562043,1587.90762339459,0.083260263534612,0.00982778196381844,0.171408993396238
-0.155788293926697,0.0234430318310879,1588.0598563402,0.152232945610194,0.0472856490111056,0.316934348235741
1.15648127517421,0.1539453843707,1588.29791155304,0.238055212840436,0.110269263506765,0.209108006495998
0.186015899495482,0.137469651781283,1588.37810668318,0.0801951301416466,0.129613240337585,0.272306238629465
1.23143948842569,0.22593655017004,1588.6604234123,0.282316729120112,0.195963732735298,0.192116110621355
-0.726251343322191,0.280025086656414,1589.00103104428,0.340607631979765,0.295860800914122,0.372762968008272
-0.626276214567554,0.385905267610028,1589.11695111647,0.115920072186327,0.328020523423676,0.181793753326886
0.464434610664855,0.282093702742984,1589.44029288408,0.323341767616739,0.308843952977943,-0.283960501645119
1.23511915369333,0.165288868425976,1589.79602948744,0.355736603360128,0.205077124014912,-0.280982722308965
0.15162369908133,0.262764617015152,1590.02687878845,0.2308493010039,0.165027202407147,-0.0662869861533698
1.10955304795468,0.189950533835237,1590.03687878845,0.00999999999999091,0.164355976891965,-0.0679531905392616
-0.057216953882935,0.258757631931605,1590.50397428154,0.467095493095712,0.211864722777743,0.249511375536063
-1.75940111820464,0.198878965535876,1590.86967747648,0.365703194943308,0.25791515715393,0.00189138910899552
-1.26565964237401,0.221412246673225,1591.06471877554,0.195041299055902,0.215177354136547,-0.42909932449538
0.684854380716913,-0.0823917070032471,1591.49864188442,0.433923108878162,-0.0876553550076652,-0.901979076390538
0.763956875845297,-0.356695507768428,1591.903677032,0.405035147578246,-0.332732268723491,-0.28277780001088
-0.0149392965035113,-0.354572687641449,1592.24880436029,0.345127328288072,-0.328331319767994,0.290579145910819
-0.29132492106881,-0.245515130600569,1592.44744576447,0.198641404186901,-0.25917107578356,0.396400483776121
0.487889574652967,-0.145397573596651,1592.76471009013,0.317264325656424,-0.13356666261881,0.378630783903879
-0.754278966808716,-0.0292358168065216,1592.92390764852,0.159197558387859,-0.0667430217965775,0.455999667087691
-0.0180925975125871,-0.177037194637054,1592.94384182017,0.0199341716563595,-0.0578221064345814,0.439013020548494
-1.29791073596907,0.078155654341116,1593.25964140217,0.315799582001091,0.0707546613998229,0.363611310536023
0.377264792733404,0.188252787003397,1593.35875904132,0.0991176391496538,0.0988442067235678,0.203530968332726
-1.53006705223036,0.130719223827506,1593.7431478783,0.384388836973358,0.177999749753101,0.196844766355191
0.357918402258434,0.16687197361042,1594.02715746778,0.284009589483958,0.155928027146961,-0.336987982069102
1.40593174618919,0.102016595134912,1594.35737507949,0.330217611705621,0.0588804656536929,-0.241766486717955
0.7218360714913,0.0241119846037096,1594.48558773796,0.128212658475604,0.0393515442059927,-0.0639221748578807
-0.62662927222709,0.00490794838206853,1594.76325851631,0.277670778348465,0.0465764346484413,0.111211887984487
-0.78267274682728,0.102249056780657,1595.01955999997,0.256301483656443,0.0503089739705128,-0.0783519540406684
-0.336093507103498,-0.0593027082852653,1595.27096589486,0.251405894893651,0.00567387834193403,-0.268939381201223
2.58443330192679,-0.125681589026172,1595.67654243217,0.405576537310708,-0.113704521725077,-0.301960459580743
1.86541466997361,-0.147254579741804,1595.82525965235,0.148717220174603,-0.126336153080433,0.127455066481896
0.321099190976269,-0.0543054620375749,1595.95611658872,0.130856936376858,-0.0925190069458813,0.384972907945845
0.21564055726576,-0.0916520757073722,1595.96611658872,0.00999999999999091,-0.0886533805524177,0.388119815842032
0.386789681905236,0.027960742986775,1596.30302061667,0.336904027948549,0.047947979231802,0.406724808858496
2.02124118492623,0.195025536458751,1596.64086211139,0.337841494723079,0.184721633538426,0.386409799336688
0.363718342085787,0.310018701653869,1596.83008646458,0.189224353180634,0.28128394364774,0.621915265129722
-0.321879331768741,0.467510810333945,1597.0266806487,0.196594184127662,0.389430178016637,0.467604545531574
-1.51991609273072,0.356633497475128,1597.06931295842,0.0426323097135537,0.407869485574981,0.397095458795488
1.62825073643589,0.264629177869195,1597.55985368474,0.490540726325207,0.279032143321182,-0.826606425909445
-0.0571289338173711,0.198864035381685,1597.80098524224,0.24113155750274,0.122901711609253,-0.459466051161252
0.367159598675381,0.00311179968399274,1598.11288573252,0.311900490271228,-0.0194503443863221,-0.438635582334202
0.780592548629412,-0.0497616730151849,1598.31656105634,0.203675323826474,-0.0951183047314798,-0.30142850507348
-1.56621852286568,-0.129808100573163,1598.76525235606,0.448691299714255,-0.119613360418815,0.178131355211635
0.907818261785407,-0.105151139064894,1598.77525235606,0.00999999999999091,-0.117902360223677,0.164074864582252
0.403458816213639,0.0296348186342137,1599.19841556451,0.423163208457481,0.0340592431816547,0.51931658895521
1.87443246027052,-0.0273954766860538,1599.20952455865,0.0111089941317459,0.0398327009114848,0.52008119526383
-0.587354145440523,0.00208429561540266,1599.24742722076,0.0379026621137655,0.0606298899420612,0.576871965532527
-0.713521318131695,0.0881233780285903,1599.48132744886,0.233900228097355,0.167012912496538,0.32843809351685
2.55454345105177,0.14124124649452,1599.51742029053,0.0360928416694151,0.178062181433713,0.28379088036083
0.316607641122519,0.539949008011424,1600.02754104258,0.510120752056082,0.532788159079961,0.960117438284657
0.506724602645107,0.539554100272725,1600.03754104258,0.00999999999999091,0.542289285578186,0.940024651997023
0.763615409788294,0.701060572984808,1600.46496666919,0.427425626612603,0.72155910141593,-0.170919094368305
-1.14751505685796,0.419812325473524,1600.90058828809,0.435621618897812,0.474425463438835,-0.799151852321868
0.861327297736461,0.446914914672293,1600.91058828809,0.00999999999999091,0.46632364956119,-0.821140470488772
1.10396413876553,-0.0672303564424264,1601.50469750235,0.594109214257969,0.0528124711692365,-0.462708927023992
-1.07479531736106,-0.058225661248965,1601.53120851026,0.0265110079085389,0.0409785230264049,-0.430033076556438
0.894473445780172,-0.0245600098062756,1601.70439580075,0.173187290494525,-0.0464284736529069,-0.572220706635066
-1.61702322120891,-0.134653080207108,1602.42382626165,0.71943046089973,-0.123822885818699,0.322351424713831
0.334599015645812,-0.160363629717985,1603.0316740032,0.607847741542173,-0.189610491777212,-0.481701954323742
0.516280227131016,-0.104966858908862,1603.04838582759,0.016711824394406,-0.197522232688505,-0.465082515899461
-1.88234310910353,-0.324046788167718,1603.41101610865,0.362630281063048,-0.285460694990113,-0.017869344060746
-0.252502678470039,-0.305932392771137,1603.5846330877,0.173616979049712,-0.305743898798202,-0.211038051456299
-1.19899353854431,-0.245845038938791,1603.9573814553,0.372748367594795,-0.340306490003948,0.0259225361364408
0.523206603410236,-0.352416941277465,1604.50480474822,0.547423292925259,-0.370198619189211,-0.117630560386388
0.247808644728481,-0.311622877759588,1604.93828636017,0.433481611949674,-0.285605211721839,0.463307575670385
0.0016140370484945,-0.183729485416014,1605.18415362772,0.245867267552285,-0.154842106116726,0.583096610913836
-0.360690183904189,-0.00159441128217927,1605.46286279746,0.278709169731428,0.00461777299397081,0.546409964432929
-0.715008312299428,0.14543599365691,1605.85887086744,0.396008069985783,0.164088870896452,0.246321027044018
-0.899155168140584,0.190275138625874,1606.3404934214,0.481622553953457,0.150827431706292,-0.27737518785825
-0.16673589255567,-0.116021059633572,1606.78217418408,0.441680762685792,-0.0581875493974244,-0.624016286596453
-0.69978014845322,-0.268390013066478,1607.2559648806,0.473790696522201,-0.304521462096787,-0.375247971722848
-2.18101801598536,-0.337810189062659,1607.48475347423,0.228788593627542,-0.381878935086325,-0.291407223361765
-1.26144209276655,-0.596256923000281,1607.99520524342,0.510451769191832,-0.609745529943763,-0.480400341560132
-0.565009536029214,-0.602635630624762,1608.2610174101,0.265812166677051,-0.683134269400823,-0.0538882625210983
-1.32413203753428,-0.634567069006971,1608.5872091276,0.326191717497977,-0.585040450087244,0.592635409360478
0.520926510458882,-0.529107790633305,1608.64199666703,0.0547875394322546,-0.551866372305838,0.616195465030649
-0.601938842311659,0.0802678531693465,1609.21835666784,0.576360000805607,0.00908625495310431,1.11655336519468
0.605572361724697,0.364570154571577,1609.68749436595,0.46913769811249,0.377057467944994,0.400150166356226
-0.760363996818352,0.48054684387516,1609.77656889333,0.0890745273813991,0.410098874489301,0.340060964974383
-0.235074299510574,0.373279181089053,1609.81336859522,0.0367997018904589,0.421190718252571,0.262703987155432
-0.253420358283807,0.346057536928755,1610.38028078349,0.566912188269271,0.332703484106001,-0.499504780841512
0.432419329412014,0.126196393890037,1610.70534037237,0.325059588880549,0.137547642258203,-0.666148073288715
-0.266947992073697,0.143158451692889,1610.74992800675,0.0445876343851523,0.108338398306216,-0.643675279574324
0.993829717424866,-0.179815215802652,1611.26418864487,0.51426063811482,-0.214609661607157,-0.556680752866961
-2.54320426566941,-0.245083315429642,1611.59282144793,0.328632803059236,-0.301228654510433,0.0280384154925632
0.490164024350001,-0.369659414749866,1612.00057485941,0.407753411477415,-0.425381014963603,-0.582844021559713
1.91057893343141,-0.609223119765472,1612.23241309153,0.231838232123437,-0.503637066037061,-0.085773009650942
0.289308862915534,-0.532858041225424,1612.38621226768,0.153799176148368,-0.475501129777241,0.440781095001838
0.0318421019814791,-0.242226556781586,1612.81062671622,0.424414448538528,-0.189319557711029,0.816661784222752
-0.140180438543531,0.0702417894385469,1613.17611659948,0.365489883263763,0.0973150474328858,0.718201408783351
0.607798846623965,0.366917365856129,1613.71188640509,0.535769805612745,0.353825790898996,0.195525867869125
0.190799342887711,0.363933509165036,1613.81875622849,0.106869823392572,0.3722251389212,0.147923922357189
0.871301425393642,0.317051512022447,1614.44859298492,0.629836756431814,0.304991613824222,-0.308166794557036
1.15239906819479,0.317919196748969,1614.90622192091,0.457628935994762,0.203308821549012,-0.120499638348566
-1.36452614270091,0.211318059230515,1615.36843995278,0.462218031867224,0.224635948111561,0.195992315454872
0.576538586227803,0.183910700189146,1615.37843995278,0.00999999999999091,0.226497525127353,0.176331292215687
-0.952885902102125,0.283029114598557,1615.86783251428,0.489392561499926,0.301271409381299,0.112995797978003
-0.03348268786895,0.153417338236749,1616.45347838044,0.585645866163986,0.10697650081975,-0.682444317180654
-0.396725162524233,0.0631866986247099,1616.52094475224,0.0674663717950352,0.0612051989127803,-0.673383675858407
0.322308963374198,-0.231197810755578,1617.21212787657,0.691183124328063,-0.370069862356445,-0.458476226604506
1.98173685513958,-0.409591475537471,1617.57140584661,0.359277970045923,-0.430730408933206,0.119807690703152
0.299631665964749,-0.440567925051747,1617.60402095234,0.032615105726336,-0.425143141654457,0.222387315779131
-1.09484728604297,-0.202178210799376,1618.08425882245,0.480237870107885,-0.193204836426582,0.658524030702344
-0.15742183673721,-0.0647955404579631,1618.53099544444,0.446736621993523,-0.00935073300316618,0.154065953058075
-1.48498783808034,-0.0250418529059982,1619.01284986091,0.481854416466831,0.0373069278730688,0.0367992598539449
-0.435352684254963,0.03249405164741,1619.02284986091,0.00999999999999091,0.0375961258732153,0.0210531187987202
-0.689009403144794,-0.0684082792564459,1619.21499158213,0.192141721222242,0.0323272579861535,-0.0740309761811755
1.98562722769803,-0.0287408548458297,1619.6169213546,0.401929772466019,-0.0487020606212198,-0.31023866191744
-0.398534948355269,-0.0561475815183669,1620.05521429512,0.438292940526708,0.0173827224593983,0.56943268588062
0.377084249932104,-0.1026808124707,1620.08742017292,0.0322058777942402,0.0353450863816878,0.545912827388066
1.00677587018171,0.217987275403703,1620.45764459756,0.370224424639673,0.23027051960544,0.481324719638772
-0.808458128236624,0.310721959831653,1620.700942176,0.243297578447709,0.350859762489152,0.493640228908571
-0.362075992737962,0.357908933122207,1621.03157138822,0.330629212216081,0.404202275170349,-0.16515075879238
-1.83376409574962,0.316546870892796,1621.24272631885,0.211154930631437,0.340350713686485,-0.425775400526581
-1.06429344243811,0.301436927887884,1621.29157438788,0.0488480690316919,0.316627658997373,-0.544322163151792
0.50044819258185,-0.0646504957582518,1621.7415652531,0.44999086521284,-0.0485736071756882,-0.995222993153784
0.692353398462226,-0.0571149673295892,1621.7515652531,0.00999999999999091,-0.0584708720851309,-0.984175397032947
-0.364772201368823,-0.321547394133249,1622.10461448713,0.353049234030095,-0.315450402217454,-0.447527358123942
-0.772513128445814,-0.394154627507301,1622.29012257848,0.185508091357633,-0.386086987210615,-0.307742265900192
0.179115674418465,-0.488821364927162,1622.66126357905,0.371141000562602,-0.462177554955423,-0.0866438820006071
0.15749855489608,-0.394027141545859,1623.06085345444,0.399589875397851,-0.377722360750867,0.46329260824098
-0.182502406744519,-0.16259607138666,1623.35005223019,0.289198775743671,-0.21340512878198,0.642059424118306
0.811007971473707,0.0381916923595655,1623.81033109492,0.460278864730753,0.0569068860987032,0.493690785283032
-0.874603102739219,0.233733860306845,1624.09635609754,0.286025002619226,0.211441727438372,0.568184553969173
-0.196380368136395,0.317516928870192,1624.59022862721,0.493872529674491,0.288819231951207,-0.240717857092459
0.10022853167629,0.23678764347544,1624.82028857613,0.230059948919916,0.215447207279898,-0.385930013696674
2.400651742153,0.252184858419157,1624.83028857613,0.00999999999999091,0.211578764401039,-0.387731834519598
1.22432894804582,0.163772919277507,1625.06335093441,0.233062358277493,0.178124563702601,0.0945422449352811
-0.000974309820106235,0.169472815750125,1625.07335093441,0.00999999999999091,0.179109513776406,0.102436565680879
-0.41572296296337,0.0812260814453668,1625.84232504394,0.768974109534383,0.139806776321094,-0.173577696985454
-1.12790364488444,0.135834260532732,1626.04529152422,0.20296648027238,0.0928058469510102,-0.28417208742429
0.325276725045307,-0.0679787924571133,1626.38810377783,0.342812253614511,-0.0648785063638731,-0.608146170145989
-0.885044035781695,-0.0756040712789812,1626.39810377783,0.00999999999999091,-0.0709219147528794,-0.600522495561156
-0.18951624315469,-0.281365012693971,1626.76030320916,0.362199431326644,-0.304799599011559,-0.652852514384037
-2.9027431526278,-0.441092200846442,1627.50623582172,0.745932612562683,-0.457168891013054,0.273273639056615
0.750901160362382,-0.486905747914722,1627.89561704154,0.389381219819597,-0.473151358315507,-0.329947132968458
-0.0941612723648378,-0.335657408482749,1627.90561704154,0.00999999999999091,-0.476331146318751,-0.30600424799558
0.159125890640013,-0.489718287287023,1628.08467020267,0.179053161128195,-0.505752021195298,-0.0219077181243771
-0.257891864628029,-0.396903608259824,1628.52781608844,0.443145885770718,-0.360959586596533,0.597272869756891
1.36176723059403,-0.0143562902145154,1628.99899219124,0.471176102804066,-0.0718344642906373,0.568056463627433
-0.127696828211318,-0.0342148044396967,1629.21658632688,0.217594135641775,0.0775661686333844,0.790133005955016
0.540101499617235,0.312853400707451,1629.80111187293,0.584525546048781,0.382131292962598,0.191580437678131
0.164018822408699,0.362668557238998,1629.99286284811,0.191750975172226,0.407405074849772,0.070445566488578
0.219273980903628,0.445312904046635,1630.10979143521,0.116928587106031,0.40872753051192,-0.0467969133471998
0.324619323008851,0.426485548895381,1630.23562352152,0.125832086310993,0.39584496094364,-0.155615593129348
-0.663318625221878,0.254553371645932,1630.68343156557,0.447808044048998,0.273736055687563,-0.347995259081194
1.13519105523449,0.224150896635872,1630.81656097395,0.133129408382047,0.217980172775098,-0.484476021092257
-2.22933446471803,0.0168930789436039,1631.08266163442,0.266100660471693,0.122487920037802,-0.228657082274553
0.30373299169877,0.106357561587939,1631.28503700712,0.202375372690994,0.0302993824819691,-0.668421007269361
-0.295024102805443,-0.183047943177617,1631.75073086742,0.465693860302963,-0.20370498569498,-0.310773030917837
0.35872723694294,-0.254457178815306,1631.87020337667,0.119472509253683,-0.238438927610626,-0.269198348724098
0.13419655831317,-0.272449550510222,1632.18612154569,0.315918169015958,-0.271537015163515,0.0562881795069927
-0.363861194000303,-0.235025996057106,1632.40133018005,0.215208634365354,-0.24315068510002,0.201818390548496
-1.86048586737738,-0.0211006318892421,1633.21899028415,0.817660104097513,-0.094504223651786,0.117557210066654
-0.363035802380457,-0.263758066878801,1633.78657068653,0.567580402380145,-0.273737694032805,-0.669407177178761
-0.155308466967584,-0.429749724374268,1634.37153787991,0.584967193378588,-0.503186684913665,-0.0429809888353279
-1.38639137242663,-0.492441676003761,1634.64758328759,0.276045407679021,-0.461215963009451,0.327603266082393
-0.333268903693385,-0.349653238517704,1634.85781635831,0.210233070723916,-0.397648038557717,0.267557826958854
0.0842636804374406,-0.293318173739844,1635.28235979927,0.42454344096177,-0.245524472841153,0.405086884040537
0.914012780065732,-0.12268120083965,1635.30253132341,0.0201715241321381,-0.237264236040366,0.413847344857591
-0.0978925013974045,-0.200982937449893,1635.53529092176,0.232759598357461,-0.111004894620955,0.654173630737623
-0.0838916140398889,-0.0472108112489285,1635.55698980849,0.0216988867302916,-0.0968579136708937,0.649704277451357
-0.455083903339036,0.138639994276973,1635.86226949953,0.305279691036503,0.0862636543460046,0.534008520717493
1.89299299796777,0.288617463718036,1636.3809110755,0.518641575967195,0.231857842381676,0.0188213248751633
-1.24529878925001,0.272485683315371,1636.71998791798,0.339076842486293,0.309690474869248,0.415431100741445
0.977493474713368,0.319635304266192,1637.02276389393,0.30277597594386,0.334687450395663,-0.238260705946129
-0.51892096925472,0.315265452782002,1637.0899009499,0.0671370559714433,0.31926855199419,-0.22054860956774
0.327469470504019,0.246973117644211,1637.14455663832,0.054655688417597,0.305445909194694,-0.284524583724568
0.131474877780766,0.207705518286783,1637.41281147749,0.268254839168776,0.222361367907351,-0.322687445009936
0.163848538845893,0.090228510122669,1637.80534061728,0.392529139797489,0.0889604282228724,-0.335724419677342
-0.715539140871909,-0.0554106092385772,1638.28783328552,0.482492668240639,-0.0456072090162945,-0.205406827077319
0.951491393832284,-0.0695079427740884,1638.66459703905,0.376763753522482,-0.153343969936011,-0.347387042562441
-0.875984865023153,-0.14868747775564,1639.26507570235,0.600478663304557,-0.114173147536228,0.428491159063274
-0.888154393856992,-0.00746590891814304,1639.62853011529,0.363454412934516,-0.0172259822240362,0.102773369301149
0.339656808428717,-0.00718575663457554,1639.86443145692,0.235901341637373,-0.0174158776275845,-0.100360498855519
-1.26107421279153,0.0593765316588596,1640.46642690178,0.601995444853856,-0.00552967582838229,0.125821316315014
0.792935763654439,-0.15458589180727,1640.82545468838,0.359027786600564,-0.0402854264329218,-0.302331419179669
-1.21116205992259,-0.0315504379533718,1641.53465377197,0.709199083592466,-0.0113400294681605,0.337786952537653
-0.266342655565947,-0.000409553931728465,1642.17481455087,0.640160778904146,-0.0557416189884482,-0.42511182333627
-0.950509534451827,-0.132636848279555,1642.18481455087,0.00999999999999091,-0.0599897197358177,-0.424539021308999
0.0284551588508686,-0.179468443582774,1642.38577202481,0.200957473938388,-0.156099165050882,-0.523265033768041
-1.19895488120193,-0.0711104422550952,1642.39577202481,0.00999999999999091,-0.16130055701032,-0.517016133017088
-0.227249885392961,-0.120041706822474,1642.48475626771,0.0889842429005512,-0.209484549078992,-0.563816189016279
2.40869411247916,-0.38730230022949,1642.92814999842,0.443393730710341,-0.39128063951042,-0.222189045423225
-0.584617494082718,-0.33831142433554,1643.17636445062,0.248214452191405,-0.339890780330759,0.61009176958129
-0.601348437052434,-0.0589953083450701,1643.63654699114,0.460182540522055,-0.0889514071740596,0.434844455384262
3.23268414519314,-0.0411506344120417,1643.76718108911,0.130634097977691,-0.0377832445880705,0.347215110900803
0.645639825304561,0.302110133108647,1644.16557376092,0.398392671803549,0.32015440908453,1.36017049583116
-1.17341089207408,0.628310519075242,1644.4171516172,0.251577856281529,0.622094754318403,0.978507864726004
-2.50065178079228,0.696628852114284,1644.6590175637,0.241865946502685,0.729242550343421,-0.109971466323755
-0.384437382355083,0.0504169115259296,1645.16309488221,0.504077318511008,0.10426640520143,-1.99013517349961
1.11431618159688,-0.117313456110161,1645.27319773267,0.110102850457906,-0.111601137125028,-1.92357174255791
0.028139643417617,-0.528916928670296,1645.47519389448,0.201996161811621,-0.448222349486912,-1.38092729816266
-0.00355485900950198,-0.64622355670001,1646.10361653027,0.628422635791367,-0.696360546785753,0.696883188327747
0.678055881633404,0.122730979439498,1646.80392867312,0.700312142844268,0.0666918792722431,1.08909928056287
-0.498257524880653,0.56290296084705,1647.30843508497,0.50450641185239,0.557720299971127,0.716262482828344
0.780168434561556,0.639135955129386,1647.52214505628,0.213709971311346,0.641908337231535,0.0606987359514744
0.217906917603326,0.671287374553184,1647.53214505628,0.00999999999999091,0.642422577248779,0.0421571216817149
0.723145095272459,0.699765475634663,1647.60122815556,0.0690830992803058,0.639640756910894,-0.121488223719024
0.460007538740667,0.652492035250797,1647.78245090485,0.181222749289191,0.59041423450614,-0.40591945225017
-0.92954455501187,0.462933448916226,1648.07077884607,0.288327941218313,0.42477757839067,-0.688451984728407
-0.078743952451098,0.20094187886898,1648.31500480057,0.244225954497779,0.212213607155954,-1.01434874791781
-0.501893612012326,0.13363472524026,1648.40833874029,0.0933339397204236,0.117698850618327,-1.00748704545207
-1.93449342629235,-0.516534451439159,1649.19518788719,0.786849146903705,-0.566476862966577,-0.463459410178361
1.9325673837324,-0.557956677823223,1649.20518788719,0.00999999999999091,-0.571093996881547,-0.459912150953636
0.648074975100926,-0.320877645261795,1649.78589672331,0.580708836116628,-0.209691783953536,1.42424253400496
-0.0606139761739745,0.568068413036604,1650.38172478692,0.595828063608224,0.591797575603691,1.03283836154207
-0.579874967146269,0.716747679719232,1650.85117490031,0.469450113389712,0.702121233348268,-0.576503785240728
-0.582979246062176,0.683695550373863,1650.86117490031,0.00999999999999091,0.696186044703893,-0.610416150394593
0.200070553548812,0.559351889352446,1651.10660016722,0.245425266911525,0.46487842220416,-1.19369854111466
-0.721931039929159,0.202870438729102,1651.32203355029,0.215433383074924,0.202202448834144,-1.20941469441805
-0.591412476215601,-0.305085733522259,1651.7149789745,0.392945424209074,-0.287112506768563,-1.20988547163282
0.862140524259153,-0.749188115822149,1652.2467548102,0.53177583570141,-0.720688231108991,-0.21382458566219
-0.355320460692282,-0.648948643112248,1652.32230951566,0.0755547054527597,-0.724681173984423,0.106605063476776
-1.56610301698116,-0.3816268188247,1652.92162980943,0.599320293771825,-0.307890063804539,0.956023617162476
-0.0549413685340545,0.0743983485466812,1653.49777937249,0.576149563058607,-0.0111102630238571,0.0515317550788688
-0.540190323339424,-0.0549919615857955,1653.50777937249,0.00999999999999091,-0.0105978774629406,0.0509423865134349
0.636810364481523,0.0102345855429383,1653.89413574837,0.386356375880041,-0.0290498062922783,-0.137929603024261
0.446486126999071,0.0232821855537754,1653.94757308774,0.0534373393691112,-0.0353330103833296,-0.0972950023208399
-1.2276982671063,0.0360779043890195,1654.44811675424,0.500543666500107,-0.0175834010275181,0.154533032323239
1.43615928111788,-0.0186720223425547,1654.85240409032,0.404287336082461,-0.0528306206214647,-0.308346690968667
0.543264084956677,-0.0835157792850385,1655.07412713779,0.221723047467094,-0.0802104381368323,0.0567148521856043
-1.35373223219041,0.0152948338642922,1655.32029118026,0.246164042469218,-0.0470144504516565,0.207065316863703
0.301833252239182,-0.0124037086733857,1655.47520491122,0.1549137309662,-0.0310648822718797,0.000686593716800869
-0.429978190839915,0.039712070294004,1655.48520491122,0.00999999999999091,-0.031039858560109,0.00431455937755136
0.979694043300475,-0.049045631239482,1655.57471182789,0.0895069166726898,-0.0321126424643853,-0.0280115559983371
-0.667415334960002,0.0412578980716616,1655.78578146647,0.211069638571416,-0.0153462023833765,0.181990961217627
-1.61035595884822,-0.0120726312672829,1656.52604163558,0.740260169114435,-0.0636632735648591,-0.271381416377583
1.20856134140555,-0.138670542740092,1656.55035287612,0.024311240537827,-0.07065553609422,-0.303727418580239
-1.07951952387021,-0.0393891169444911,1657.02997999614,0.479627120019359,-0.0518548081616232,0.352337366132565
-0.16371824417286,-0.0193436389821967,1657.09604351291,0.0660635167766941,-0.0310944137481921,0.276103344903657
-0.460561199570805,0.082262010116928,1657.36814646179,0.272102948876181,0.0338765396000162,0.197322795409705
0.0208722011386414,0.0612624159516773,1657.66743935065,0.299292888864102,0.064883682210251,0.0113783210437651
-2.60297763042335,0.0991353380244379,1657.7351755528,0.0677362021447152,0.0653903723598325,0.00361448601099519
-1.75512079893064,0.0395728767171743,1657.7451755528,0.00999999999999091,0.065289898019348,-0.0236858515115057
0.570353450863265,-0.00955015932752525,1658.12422214196,0.379046589159771,-0.0668616761996867,-0.637142958446206
0.204056952164642,-0.19323452150452,1658.69153217838,0.567310036424942,-0.247110934185033,0.0131975791603974
0.027328818150583,-0.120398465664888,1658.92088686529,0.229354686910028,-0.224973052697149,0.174335597675998
-1.55626036829326,-0.0699123334649195,1659.45663317694,0.5357463116502,-0.0865743180258171,0.306417999762789
0.650578500726965,-0.172659698471353,1659.76858129425,0.311948117301654,-0.0637493934975805,-0.150589209152387
-1.99275581967336,-0.000965282493042063,1660.1446997662,0.376118471958762,-0.0623076866287867,0.148603066114541
-0.709013491737952,-0.0916724130326783,1660.34136553031,0.19666576410259,-0.069559725528083,-0.215879882889414
0.0623329497942566,-0.103216289356734,1660.35136553031,0.00999999999999091,-0.0717414932626333,-0.22044668103371
0.176051364671687,-0.0377125544298111,1660.61894995411,0.267584423805829,-0.118549670007569,-0.127019384496019
-0.145137715388373,-0.0464279470380323,1660.78105518804,0.162105233929196,-0.132770377369905,-0.0486321274499979
0.113015845960151,-0.0454043999394748,1661.10576895884,0.324713770801281,-0.14029817716234,0.00182415690273958
1.03832910871722,-0.153175147129146,1661.45995105994,0.354182101095148,-0.116184605729565,0.127381013829761
-1.30810206574638,-0.0400084516893892,1661.68655684638,0.226605786446044,-0.0580647586650224,0.376185708179186
-0.964925418395505,-0.0733067838614538,1661.87566451821,0.189107671825923,-0.0115201855099003,0.117203144899637
0.929759946630931,-0.0342397066875884,1662.26443734968,0.38877283147167,-0.0373030336817319,-0.234957138155394
0.175584326325597,-0.0210501649742992,1662.43567490062,0.171237550935984,-0.0612345582829342,-0.0458620867488674
-0.99810121668388,-0.154245412056757,1662.7582063795,0.322531478884002,-0.0599133931849665,0.0512785301470514
0.072153990586707,-0.0760353763961579,1663.17313785621,0.414931476713036,-0.110324505596725,-0.275472877921049
-1.54672550900257,-0.151045816304457,1663.4090916348,0.235953778582825,-0.162434747180096,-0.163740528143684
0.808090141458346,-0.312227463557816,1663.83589244787,0.426800813072987,-0.31857806021227,-0.523218174482681
0.555706202442048,-0.335527332434065,1664.08661905681,0.25072660893693,-0.389558928879066,-0.0413623959780257
-0.688816592109346,-0.378797733204211,1664.33598510964,0.24936605283483,-0.351228361583451,0.334331084134574
0.334331931892687,-0.209264094858727,1664.83976981996,0.503784710315813,-0.198092567678972,0.237146621323704
1.59554749089706,-0.0336611153605832,1665.23045816809,0.390688348132244,-0.06560941742731,0.415364035021138
-0.119142487473204,-0.0561362567827339,1665.4064664932,0.176008325110161,0.0295030963230616,0.656259848782581
0.359008553593524,0.240115914115918,1665.79041933706,0.383952843864336,0.234903612783518,0.391625078835343
0.672685698973849,0.346205318912703,1666.09075729354,0.300337956476142,0.331843877405216,0.241940679271497
0.905783371126683,0.379366203623799,1666.31054419316,0.219786899615656,0.376699262591624,0.16130921060728
1.64227726648576,0.504853337976027,1666.4473141311,0.136769937940244,0.396703241253221,0.129636756286402
1.11682016692068,0.403296246911785,1666.66625989253,0.218945761436771,0.434827612288253,0.21072972807217
1.7514287290771,0.438955785971402,1667.04939068964,0.383130797101558,0.488930647800841,0.0583367490998624
0.73722607065873,0.48021573120328,1667.11221245815,0.0628217685150503,0.492894002846363,0.0675561519349767
0.451074098996477,0.442830213511556,1667.47558821197,0.36337575381549,0.463095182811636,-0.2128398391348
-0.421644251837568,0.338184152329968,1667.84357747742,0.367989265455662,0.34043861612583,-0.413567607502673
0.682668791554342,0.14090218925331,1668.21707517745,0.373497700026519,0.127935136444013,-0.677568322158919
-1.9484850153503,-0.0458160555284471,1668.63743314391,0.420357966464735,-0.0800652931019272,-0.295784204018338
0.874040118668352,-0.367915675221002,1668.99381843619,0.356385292278219,-0.27655219191196,-0.763891908104899
-1.86706034652596,-0.236921955737356,1669.00381843619,0.00999999999999091,-0.284095073269085,-0.744666849771655
-0.809071372429829,-0.625524675679487,1669.41273689423,0.408918458035259,-0.616515684986869,-0.762627146465687
-0.0716035872504091,-0.752233357021133,1669.88634760927,0.473610715047016,-0.702840931397977,0.41270538045415
-0.996432166661916,-0.160097875848706,1670.56643351174,0.680085902466772,-0.0782811346333132,1.03387997546198
-1.85223342243546,-0.108169080201621,1670.57643351174,0.00999999999999091,-0.0680103342775163,1.02025204468376
0.777758976895302,0.104980519870971,1671.16439793391,0.587964422165669,0.138291795845508,-0.295931965141318
1.26236535547789,0.0613798128120092,1671.3443382285,0.179940294597145,0.0956026937347464,-0.17750278022591
-1.3705302205156,0.0900509641827298,1671.64356317184,0.299224943337549,0.09257227871921,0.149361573119343
0.798221860971749,0.0179965775629589,1671.69071708691,0.0471539150737499,0.0978076519167473,0.072907592272371
2.38031772547121,0.135209169307789,1671.84030253233,0.149585445417188,0.114731253299058,0.151469459478491
1.36213419856978,0.349634599281991,1672.19711973029,0.356817197961618,0.287314118657253,0.770787116417311
-1.0190476591875,0.353637629662318,1672.34541946033,0.148299730037706,0.403207216901578,0.78114060950303
0.897919913390925,0.508299571068746,1672.35541946033,0.00999999999999091,0.410891424632099,0.755656735008435
1.36321919228883,0.601441596219507,1672.82886229671,0.473442836379036,0.642161901857691,0.126627868833228
0.39898931264451,0.539656375112078,1673.02282585429,0.193963557579309,0.64227258794549,-0.121465661568435
-0.222517068160093,0.429153253464048,1673.4674149976,0.444589143311532,0.424519832657436,-0.727301819940982
-1.97755544325962,0.378990356851783,1673.51464078431,0.0472257867120334,0.389025262135425,-0.774475630581226
-0.959569184098697,-0.0322754317767594,1673.8281690407,0.313528256386462,0.0384545155078035,-1.39321887884751
-0.0223110139396222,-0.70766487124142,1674.29149778392,0.463328743217517,-0.586890855040018,-1.14540805810047
-1.78209140539029,-0.701975070018946,1674.33214058749,0.0406428035776116,-0.631108567710429,-1.0286836535232
0.797082758448812,-0.85967592944921,1674.68451817441,0.352377586915736,-0.862909889579329,-0.163409900900615
0.593774350968976,-0.75863109582474,1674.90065743205,0.216139257636314,-0.770107773284056,0.959908685088583
-0.0132792323295442,-0.67156124424544,1674.9421375407,0.0414801086490115,-0.727052857768468,1.11238651530685
0.246334789138379,-0.0677217298375933,1675.41058682916,0.46844928846258,-0.0706835629447803,1.42885746142953
0.455208511988739,0.703834978579337,1676.26111821178,0.850531382622876,0.697924798537902,-0.0474210992706276
-1.19075703527559,0.637055797650406,1676.41306394703,0.151945735247637,0.662022040753711,-0.412298238709818
0.833665818708823,0.133071657557759,1676.93242899501,0.519365047983001,0.0972139825846659,-1.4793782514366
1.46645513259433,-0.245768170246097,1677.19399504428,0.261566049269504,-0.236459244898217,-1.0497349482737
-0.919365063277869,-0.395716207730341,1677.51538008546,0.321385041175972,-0.434924076556028,-0.167819614867155
0.778326117842464,-0.450210668765997,1677.88290933299,0.367529247533639,-0.463408971444963,0.0160067453188688
-0.287805123895883,-0.384811486639099,1678.14543579262,0.262526459628589,-0.38905389974261,0.523439596685879
-0.291174804214699,-0.405634884123575,1678.18753692007,0.0421011274556804,-0.366583994164574,0.54326717136628
-0.375562751499568,-0.0847170745818299,1678.5995703605,0.41203344042674,-0.131354521848626,0.549993354045488
-0.613272027094479,0.116396297361571,1678.98285029321,0.383279932703999,0.043841061679207,0.347694594623376
-0.107325006036416,0.0316664866369515,1679.30003939165,0.31718909843994,0.109412784167938,0.0659483628341325
-1.33120722532748,0.0718780373916147,1679.68240662685,0.382367235208676,0.108913987943214,-0.06429597438523
-0.548720285781006,0.0465005456032565,1679.84259128236,0.160184655503144,0.0797627486336374,-0.294913533606028
0.0493651376732972,-0.0807291601469346,1680.22242690006,0.379835617704884,-0.0643487096928883,-0.440746134044597
1.58140149693328,-0.140024894830849,1680.86125181935,0.638824919290073,-0.239786160553578,-0.0821225459011699
-0.444196596121278,0.0724948707030075,1681.48742615156,0.626174332209757,0.070954642744138,0.944383390618609
-0.971209858906812,0.257177718519228,1681.70348111033,0.216054958767018,0.247896393545898,0.682845952243916
-0.651834020016494,0.391658922759047,1682.0495914546,0.346110344271665,0.366542920873669,-0.00165731065435609
-1.74625257848286,0.324783822219349,1682.30022059283,0.250629138227623,0.318001606685007,-0.370196533959034
-0.748698049236943,0.151590078309855,1682.65393064398,0.353710051152802,0.0600169537320071,-1.02838419290094
-0.753170501418763,-0.432511554620026,1683.10732385923,0.453393215246706,-0.406684770081784,-0.9400356585557
0.380407989147539,-0.623535798953558,1683.4202710153,0.312947156072596,-0.638111466183017,-0.475045815111703
0.667794881347517,-0.719993749959984,1683.6619087798,0.241637764498591,-0.658016872728904,0.301268566553372
-0.304275895584041,-0.0430363263324488,1684.28290759284,0.620998813041069,-0.0671009441824735,1.26263084108896
1.59389683366994,-0.0837447809556221,1684.29290759284,0.00999999999999091,-0.0545143245240775,1.25462820741686
-2.83009354786316,0.101364847884027,1684.39348638666,0.100578793823161,0.0765971320588763,1.34728020318767
-1.70606766193654,0.333588677323879,1684.73344502263,0.339958635962375,0.319083709230967,0.0773119010396845
0.293430159298863,0.0144943996241567,1685.23038297665,0.496937954023451,0.0810251976849314,-0.93651751373638
0.896901648174696,-0.0254456087068759,1685.45378830601,0.22340532936505,-0.110529323617688,-0.766965351105449
0.783193685946792,-0.220668727036982,1685.74940888598,0.295620579962133,-0.268053179422676,-0.290341333183306
1.50866775518313,-0.220828517725293,1685.86805204884,0.118643162867556,-0.291519882846778,-0.105591191264956
0.833274047295217,-0.334446842327153,1686.01721947424,0.149167425400037,-0.282610956808887,0.220246120952489
-0.889661267215152,-0.151693025901504,1686.39633982452,0.379120350272615,-0.113141584183029,0.632017585510552
-1.70207588271609,0.0489284069260095,1686.82526597504,0.428926150523921,0.0611003937470542,0.171687007208276
-0.0313363377343181,0.0419629750223487,1687.07689874154,0.25163276649846,0.0459721004171382,-0.281095229489369
0.391990324357206,-0.103331417158751,1687.37812128855,0.301222547014731,-0.0355282538013747,-0.252518186025638
-0.158086793748378,-0.111089920268356,1687.81386644425,0.435745155698669,-0.0884667471581776,0.0079818818502609
-2.04386958715557,-0.103622801787573,1688.2858348988,0.471968454550961,-0.0831553405699884,0.0134205331258172
0.137407852071868,-0.0991877507011583,1688.6030210419,0.317186143097615,-0.167280757447336,-0.519799853557454
1.41619115856944,-0.311638056747619,1688.98469868745,0.381677645547597,-0.303647657555236,-0.180416254601724
-2.23750480432398,-0.340943643152607,1689.00692349955,0.0222248120985569,-0.307101781248382,-0.130469269780976
-0.804030068244714,-0.39764945967288,1689.04579686087,0.0388733613244767,-0.313229491047426,-0.184488677087065
1.23698188793454,-0.428014045035111,1689.33562363648,0.289826775608162,-0.361474825774178,-0.140790038378629
-1.8238890583621,-0.281752707434255,1689.80640472754,0.470781091056779,-0.202000884621459,0.739899292064478
0.580026083953985,-0.148961485941652,1690.50850583526,0.702101107720182,-0.118730147932879,-0.452509561851296
-0.542281197353599,-0.143746347298386,1690.67267601836,0.164170183098804,-0.17855021080576,-0.274837973608107
0.267757187926643,-0.346062150831135,1691.06261897434,0.389942955987635,-0.280355774808608,-0.230113231876275
1.8290206943618,-0.208713912492034,1691.3684245946,0.305805620259889,-0.301647096943406,0.0863375684713729
0.776592960822649,-0.00864130048911524,1691.86739480612,0.49897021151537,0.0100494304344627,1.05626634222234
-0.144730842815358,0.310305907074746,1692.1985051489,0.33111034277772,0.35797061018622,0.996552309527093
0.424905433828276,0.533562578231725,1692.90064820145,0.702143052553083,0.533238134876997,-0.524521842246314
-0.371356931281243,0.196269847314574,1693.4011504752,0.500502273750044,0.201868575556103,-0.676828431880012
-0.0662335412363837,-0.0484557904234119,1693.6370891166,0.235938641397297,0.0329605421908668,-0.738884652004103
0.0839518935455572,-0.0760415160191781,1693.89265634887,0.255567232273506,-0.144531734036897,-0.636585601982428
-0.517986980231491,-0.205536986374448,1694.07712718122,0.18447083234696,-0.248797403371423,-0.487823505454486
-0.056586316042612,-0.401323519428536,1694.37073907812,0.293611896905077,-0.373695164629563,-0.345052252245677
1.01299063535575,-0.385084109636922,1694.90807206087,0.537332982748012,-0.390962815070752,0.259464087290842
0.642422720754132,-0.320577498116131,1695.02133086955,0.113258808678893,-0.349527808722798,0.467078861956804
-0.483491535076997,0.0502353589916652,1695.52185370543,0.500522835880702,-0.000354213791506033,0.83610746564168
-1.32372138026847,0.232329393485557,1695.97613351712,0.454279811691549,0.270381951195479,0.326208774200395
-0.490449372628625,0.29401808446584,1696.11894307066,0.142809553535926,0.29541389517466,0.0260133478427358
-1.00048077735518,0.26509562322103,1696.58816161835,0.469218547689479,0.188503595748743,-0.438123610063921
-0.859644883876867,-0.137598337502209,1697.05949147949,0.471329861144341,-0.119779612806842,-0.804249044575326
1.51365935952395,-0.579834074109749,1697.73693781462,0.677446335130981,-0.590993176114791,-0.378817886662388
0.0762532631827297,-0.60139918339644,1697.92826554846,0.191327733836488,-0.592405676815895,0.35259358488443
-2.02731997091164,-0.59581082636929,1697.93826554846,0.00999999999999091,-0.588774177747038,0.373648835487293
-1.84273960051118,-0.621405785550399,1698.02351746192,0.0852519134639351,-0.557244542242289,0.363022052697774
0.803971450650167,-0.401007625520845,1698.43179147033,0.408274008412491,-0.434981069079787,0.194154282335391
0.231262864164956,-0.111406596951311,1698.94730682921,0.51551535887711,-0.128728183681816,0.872977867105063
0.539360199832543,0.450943848423076,1699.60099138237,0.6536845531582,0.375523576463842,0.549864872488013
1.64504723809921,0.333451567269525,1699.65012484516,0.0491334627929518,0.401595659690527,0.510675609557769
-0.507796007862998,0.595599447487873,1700.17043746345,0.520312618283697,0.640369633183518,0.284934804549943
-0.25851108385304,0.424739946764688,1700.64727727335,0.47683980990314,0.446079244590078,-0.938221775303092
-0.896052280925653,0.3121557746744,1700.84531499584,0.198037722487015,0.244363386199627,-1.07117400373363
-1.30675232736407,-0.0593737314403418,1701.12756299497,0.282247999136644,-0.0830308534051855,-1.21174832331595
-0.988525400571419,-0.903863261098108,1701.90868563546,0.781122640482863,-0.835989745745799,-0.132784902230586
0.429544835819709,-0.734341848736065,1702.06130569348,0.152620058022649,-0.814610785549753,0.399385242461073
0.933438101188557,-0.435206130011025,1702.47564645294,0.414340759461538,-0.370880582055962,1.45986052511756
-0.532457089630478,-0.0713958887884067,1702.6848304574,0.209184004457029,-0.0475951361063612,1.59754275495537
-1.463825013554,0.237461785339521,1702.8663195382,0.181489080804567,0.219523394622135,1.33253859770634
0.701347587057857,0.367717661940914,1703.52797092978,0.66165139157647,0.442848531259814,-0.65391102439416
-2.06593057055329,0.260165217509632,1703.83944973194,0.311478802163265,0.239575828842934,-0.612464945372429
-0.685512106730112,-0.0971115802721815,1704.2135740329,0.374124300956964,-0.125035255236872,-1.2664773679314
-1.4177172282605,-0.149260651170387,1704.32436779271,0.110793759808303,-0.263428814123736,-1.22551289040042
-0.771569697334625,-0.714167518707812,1704.69397574859,0.369607955884931,-0.687311367943182,-0.928894001585951
-0.25386023843498,-0.711311395705687,1704.71004700636,0.0160712577655886,-0.701887548799767,-0.884698982815645
1.70290859175861,-0.680463996520911,1704.74199595327,0.0319489469147811,-0.728422180686467,-0.775283123199374
0.869320082225347,-0.664104959409544,1705.07856388116,0.33656792788338,-0.676638851775047,1.00134847377132
-0.448087951147556,-0.403694152544837,1705.26330907496,0.18474519380743,-0.446626903937986,1.43329980084397
0.00334735441856707,0.187851136054176,1705.74786410685,0.484555031882564,0.181904267580059,1.0480492543628
-1.48328650492367,0.390824791478044,1705.89149958157,0.143635474728626,0.321890785437789,0.893011547753563
-0.21227478348008,0.472658706353462,1706.3946845703,0.503184988729117,0.407867699320136,-0.522135716620784
0.128497005441471,0.244720016833473,1706.65589476473,0.261210194427804,0.242139223210796,-0.716270140765675
-0.743908413797896,0.120394959688422,1706.82445975792,0.168564993191467,0.121953120453737,-0.701451802326041
-0.351526410476005,-0.0548113816450383,1707.0486483477,0.224188589779033,-0.0481204274451298,-0.800935676011768
0.719062040936505,-0.429178404330941,1707.68708693372,0.638438586015809,-0.457709687122895,-0.363329257688758
-1.40841192983711,-0.365964110295068,1708.12913399622,0.442047062504798,-0.401822724942176,0.559866284439606
1.14336860663738,-0.177444120783873,1708.64886958919,0.519735592965844,-0.219221730518228,0.109086737761175
1.82614986141823,0.130686428925045,1709.23462358559,0.585753996403128,0.0670281641937045,0.77295852619242
-0.625815395616323,0.740518744724267,1709.94714266313,0.71251907754322,0.748662216258684,0.72896764251252
0.248748386354909,0.654057735304702,1710.47678402592,0.529641362781831,0.51693608411751,-1.30877798410727
-0.0233165961832202,0.0367332076888711,1710.8468245863,0.37004056038586,0.0276847329641852,-1.23843620600828
-0.193343665802466,-0.259627829207476,1711.07435339666,0.227528810362855,-0.23588550679934,-1.05952408751131
-1.11312844809577,-0.691028923066576,1711.61766388816,0.543310491498232,-0.60519826720737,-0.167471773123145
-0.444025573239533,-0.604011229986419,1711.62766388816,0.00999999999999091,-0.606808397103194,-0.154539214089867
0.662122818105757,-0.609932257069713,1712.09655908066,0.468895192497939,-0.486976243909759,0.570758166196394
0.754206184157305,0.025331828928581,1712.65232469647,0.555765615805285,0.0157014059915878,1.0675139832158
-0.939486108985366,0.267016137796089,1712.94864486294,0.296320166473379,0.330102720802895,1.01633296710252
0.127735171102696,0.488580777413299,1713.167857164,0.219212301063862,0.493629275869527,0.458066547509049
0.537945946253348,0.535505911333772,1713.24104598042,0.0731888164209522,0.522524009088993,0.330230843545863
1.34828204116713,0.615387163135484,1713.45213195789,0.211085977470248,0.559977462233201,0.0215785096847096
0.50317428584934,0.609798737756975,1713.46213195789,0.00999999999999091,0.560160251503475,0.0149826733622775
-2.04370543843741,0.543333580527257,1713.77600372975,0.313871771856157,0.497695480277528,-0.381643161049017
-0.662916560043033,0.491646735807621,1713.91142907462,0.13542534486578,0.416043764296234,-0.809783003108282
-0.714775191763146,-0.0477207987028407,1714.39229925194,0.480870177323823,-0.0716958143979145,-1.10224877754138
-0.441732916759892,-0.174921973834724,1714.49455798975,0.10225873780746,-0.184087089072655,-1.0917017628457
-0.454240845512513,-0.413318209032359,1714.75010428998,0.255546300227252,-0.438883044349533,-0.868745935909565
1.02138986226975,-0.681404756804629,1715.23101860303,0.480914313050562,-0.649640352114502,0.0718969980610785
0.0818446267274011,-0.596653146841352,1715.41265923191,0.181640628888317,-0.579895758750839,0.670432261726929
1.93755973420743,-0.381791882680406,1715.59262502786,0.179965795949329,-0.434245250301139,0.918595604563677
0.423785166168244,0.376471957369124,1716.15850046741,0.565875439542197,0.376040886655941,1.71048918094491
-0.243781682729516,0.751885585009323,1716.46697183551,0.308471368102573,0.795842536259537,0.868897044074711
0.80510279498306,-0.040160432421192,1717.41996064272,0.952988807215661,-0.0467791213230152,-1.47094644228566
-0.596546478365045,-0.418004830787467,1717.70823615018,0.288275507457456,-0.393779105098319,-0.902075094628891
-0.521270887697815,-0.544476278460182,1717.93046375983,0.222227609647462,-0.564350653631401,-0.603599089616266
-0.138791113320263,-0.621075514417828,1718.35835900755,0.427895247716606,-0.632947274820211,0.288393771307453
-1.33050642621506,-0.374583496707235,1718.79199904474,0.433640037194891,-0.354864010949479,0.852484265682709
-0.435026256346674,-0.172919390439992,1719.17413491448,0.382135869735976,-0.107471681435535,0.412357451764942
-0.96976820566967,-0.0641539396559554,1719.51244979763,0.338314883151497,0.00445568021151347,0.24122512134697
-0.811525470321876,0.0446506072001265,1719.87490579713,0.362455999498934,0.0216928909579663,-0.136699797471379
-0.532806832529193,-0.0926835734684662,1720.2673461229,0.392440325771304,-0.084731302046919,-0.383375042605345
-1.6123012508443,-0.213755001461226,1720.71729463255,0.449948509648266,-0.260268083670373,-0.364766518201055
-0.516957299677218,-0.554417762937355,1721.14689188165,0.429597249098833,-0.468563284356856,-0.538335132516356
0.00452646374350131,-0.541167454464942,1721.7423035813,0.595411699658143,-0.532343059322614,0.318775664165998
1.54682501825427,-0.440762069076245,1722.04662195345,0.304318372151329,-0.373176838876897,0.676070069538871
1.39165839969723,-0.317796172466233,1722.18902919673,0.142407243279422,-0.256312240501792,0.952097765323966
-0.260591841160501,-0.0693712559640219,1722.4152712264,0.226242029667901,-0.00866424977516308,1.21055849429209
-0.200710530225645,0.237707547724728,1722.67629798138,0.261026754980321,0.272682360015951,0.922715537009709
1.206272059781,0.326667934855231,1722.68629798138,0.00999999999999091,0.281843401766613,0.909509725375168
0.258360800951605,0.457276516509013,1722.91075882863,0.224460847245609,0.481719127997364,0.840977337142913
-1.15464491301655,0.619092927951506,1723.37723065414,0.466471825514191,0.641677985469437,-0.204214075140812
-0.382655739960797,0.607056542997604,1723.54067750236,0.163446848215017,0.562709079845096,-0.73851119349683
-0.331044736369778,-0.0753991290794473,1724.14469379944,0.60401629708258,-0.066446164504729,-1.11310550929282
-1.40466252605451,-0.411820297471676,1724.50660601443,0.361912214989161,-0.427198983158137,-0.822409159461519
-0.263263973362865,-0.48828481790061,1724.51660601443,0.00999999999999091,-0.435409930155687,-0.819706939951753
1.60805953625798,-0.564479080373184,1724.92563434147,0.409028327037049,-0.618796832869499,-0.0227901265507606
0.809586847032141,-0.449659432458826,1725.19216029508,0.266525953616565,-0.49275672060367,0.90885376087432
1.21457002735639,-0.0473657657634795,1725.61850361701,0.426343321923696,0.00397132799915355,1.29585577015017
0.0862657493504678,0.0727555006281167,1725.69749808788,0.0789944708710664,0.107840468125036,1.33085540195032
0.0178152694891538,0.624604487526373,1726.16496684991,0.467468762030649,0.589961927399396,0.600667293723802
1.11400030855269,0.700382359015326,1726.47547373933,0.310506889419912,0.647848721015675,-0.230011190393752
-0.344808830415728,0.515893631305676,1726.76751619434,0.292042455012734,0.532766974267376,-0.509831562191317
0.319493891142619,0.4160574877376,1726.96075884439,0.193242650047068,0.403721302615065,-0.798809232943201
-0.789701528835897,-0.0258584827832156,1727.46697558157,0.506216737185241,0.00691864401097033,-0.681857934229447
-1.93455059612674,-0.0180956300142857,1727.57208136582,0.10510578424487,-0.0669908998885113,-0.721604395242517
-0.562319518268988,-0.199216555862094,1727.73589283424,0.163811468425365,-0.202773458567156,-0.924921959475947
0.183172339500276,-0.424485094685003,1728.04120600729,0.305313173044851,-0.457092281233954,-0.698415280166248
0.998372407344069,-0.44648083618978,1728.72101056779,0.679804560499633,-0.441613909256676,0.649385729006821
0.135245653013502,-0.322517476037933,1728.90018086589,0.179170298098825,-0.29738014178038,0.938641970375491
-1.31361418493379,-0.173396557588058,1728.98592293375,0.0857420678655672,-0.215783828291081,0.960926873479214
0.793139316967164,-0.0313057524081592,1729.1731120936,0.187189159852096,-0.0605656065084849,0.690603105778364
0.0105685697272836,0.287496556453647,1729.6315943602,0.458482266596548,0.288334115635879,0.767028529505583
-0.65868036100716,0.522622061910772,1729.98321193208,0.351617571879387,0.478270552278202,0.279166449954892
-0.649302181580417,0.52928374001899,1730.07547740392,0.0922654718408467,0.494218478317694,0.0668023922280078
-1.23596893113466,0.546633553577039,1730.22000703156,0.144529627641759,0.480717705763033,-0.247994886028451
0.281325567067231,-0.14536107066724,1730.94338828928,0.72338125771762,-0.166496786729198,-1.2484271075928
0.639162269312022,-0.60067365298777,1731.39485665444,0.451468365157552,-0.559200052451545,-0.394584684380769
0.301137678750468,-0.502847976418123,1731.75808563456,0.363228980124177,-0.519603817193764,0.566445926890207
0.693728960896684,-0.33484056151953,1731.98545224808,0.227366613517233,-0.353864240930729,0.854906708904648
0.110665356400088,-0.00293155701701992,1732.34854419079,0.363091942708934,0.00834606713121073,1.07703731604218
0.0795922799941007,0.185797642014791,1732.54728412213,0.198739931344107,0.211116611783644,0.950662971640329
-0.358385391087099,0.565619597914579,1733.01314797892,0.465863856785745,0.521957047384372,0.304938294905445
1.649878910484,0.537820093522282,1733.33054459319,0.317396614276049,0.506479978925543,-0.378909946736865
-1.11944590099779,0.432854977356943,1733.3837061185,0.0531615253087239,0.486638146670066,-0.366638317691168
0.487248229137696,0.535266569426932,1733.3937061185,0.00999999999999091,0.482848015272815,-0.391326296467648
1.25137361833723,0.209073535296615,1733.94790370161,0.554197583104951,0.204834511241806,-0.505721977472048
0.812974196577061,0.13589139945379,1734.26009498728,0.312191285672043,0.100680491146134,-0.15794881777917
1.01161642547526,0.0221660666666766,1734.5662413424,0.306146355125293,0.0839070362145995,0.0449774192804448
-0.0584899754460187,0.0600134837176851,1734.76957287394,0.203331531539561,0.109162375837374,0.198987556875972
-0.57274746985985,0.203851980179278,1735.06380351058,0.294230636640123,0.150380740526893,0.0795525501835348
-0.0387955306224332,0.147173879396473,1735.36248831765,0.298684807068184,0.134522889170909,-0.177462465876835
1.1579927226968,0.173666020809089,1735.49574537459,0.133257056935463,0.109026857947022,-0.203643337611161
0.702772608597339,0.144152826233307,1735.90604330714,0.410297932555977,0.109263170421699,0.191111685370206
-0.536600480951006,0.233687297651232,1736.54372635002,0.63768304287828,0.278684425602642,0.287837321124232
-2.13376290090339,0.322377945918518,1736.65857595432,0.114849604301298,0.302832203136724,0.132636491594094
0.140179426232996,0.30038786897009,1736.94509751244,0.286521558114146,0.226434302480394,-0.635888033292371
1.89382329572095,-0.0228295157515394,1737.32769787849,0.382600366056067,-0.00678188903071945,-0.552803751016311
0.769707309631499,0.00570179165170479,1737.39851910013,0.0708212216359243,-0.0404592877440874,-0.398396050141639
1.77837642410504,-0.0271926738209447,1737.40851910013,0.00999999999999091,-0.0443907459676772,-0.38788430499997
0.773247148203312,-0.058637360813587,1737.52785019486,0.119331094728295,-0.0761010218982816,-0.144703056808596
-1.58962211867002,0.0151373788881395,1737.76367219124,0.235821996380309,-0.0830966345962069,0.0814881099573665
-0.44712122035167,-0.254218259093359,1738.1507029363,0.38703074506202,-0.153170122577887,-0.417428432995285
0.297063597203935,-0.209205982746403,1738.1607029363,0.00999999999999091,-0.157340090378791,-0.416490712905275
-0.832079520421009,-0.300883078852261,1738.61642308494,0.455720148635692,-0.25425452491241,-0.00468104657236965
0.0564947309073581,-0.255010835315436,1738.62642308494,0.00999999999999091,-0.254313264112613,-0.0070646076970313
-1.28117247600396,-0.278055911844208,1738.83428364377,0.207860558838547,-0.242307766005507,0.119160277696932
0.428342642459024,-0.25913542364884,1739.06529808469,0.231014440914578,-0.235364608519323,-0.0564117250528138
1.28983158106023,-0.212272788279209,1739.20113321801,0.135835133320143,-0.234048172663128,0.0742286056261933
-1.12585327322072,-0.296971038965111,1739.21632611361,0.0151928955970106,-0.232715090829752,0.101208912044912
0.362045361204017,-0.31984482787234,1739.75315957346,0.536833459857235,-0.264995627073739,-0.199262572467806
0.58311174268999,-0.283017206368396,1740.07227295128,0.319113377817075,-0.274352332250497,0.133252824442273
-0.0523442560950237,-0.0998307084017552,1740.57788212473,0.505609173450921,-0.0847691522090117,0.556997714105835
-0.23481396563858,0.21243645402453,1740.97299651516,0.395114390423714,0.113080380310182,0.422316961589241
-0.771379852113935,0.221444452840582,1741.24221397112,0.269217455960643,0.200530990652163,0.222446556003031
-0.16540696263414,0.2274207546038,1741.25221397112,0.00999999999999091,0.202689259617265,0.209213968716181
-0.71625401606059,0.239656787771482,1741.50055118757,0.24833721645291,0.232336005158469,0.0299256347864238
0.365936844467058,0.100725351602624,1741.59608369152,0.0955325039528816,0.229541960155678,-0.0873577576153491
-1.56249540455589,0.12895978442173,1742.06116530439,0.465081612872837,0.182059006010449,-0.106292557233087
-1.85533352053171,0.0328388221721804,1742.30280548995,0.24164018555939,0.104170720271747,-0.522616829618892
2.11472060546589,-0.0870952791447642,1742.49730199367,0.194496503716209,-0.0290715916220448,-0.833635114612727
-0.547116737955272,-0.126591861344606,1742.82180430411,0.324502310443677,-0.163187875780062,0.000304613484977935
-0.109993611718422,-0.158308375594262,1742.90417283013,0.0823685260122602,-0.163828394697236,-0.0157256591740117
-0.248430891083254,-0.147001246668356,1743.02559867428,0.121425844155056,-0.163943768944925,0.0135347245175913
-0.985575718309494,-0.224956726791877,1743.18522797112,0.159629296835192,-0.160635312336027,0.0275187999427568
1.69165263814146,-0.142281360311518,1743.393249677,0.208021705880356,-0.168631174659194,-0.101483172647427
0.961298655909484,-0.0341585944703541,1743.79832285706,0.405073180061663,-0.0507831516453755,0.640045042265274
-0.443895319590736,0.117711766112348,1744.02702510111,0.22870224405051,0.111669214100898,0.765599540572175
0.637270703652108,0.370878017891216,1744.39605208003,0.369026978922193,0.31348791159266,0.307881238715458
0.766405702887003,0.322523308164594,1744.56012243107,0.164070351040891,0.35934127860106,0.247253844392217
-0.935592073338718,0.41849330862775,1745.13591132367,0.575788892597529,0.431388503870905,-0.0152518911405719
1.5311217454924,0.343786051058622,1745.31034060303,0.174429279361675,0.396772009306923,-0.3718010611495
0.418215681160265,0.372296531371954,1746.10500195307,0.794661350038268,0.338102862732338,0.212710040388854
1.04073101794653,0.429673186949449,1746.29534759391,0.190345640837677,0.368013586845975,0.0996740292051278
0.0545849559840978,0.373226010298238,1746.58168238938,0.286334795476023,0.395247187812973,0.0854176548470518
0.594372528055292,0.3660858257092,1746.95673142733,0.375049037944791,0.355870091852383,-0.273532960884694
-1.50180372447091,0.241664207354806,1747.42134818604,0.464616758708871,0.224262615644666,-0.259864352584187
1.3951595538631,0.060953792055214,1747.63922743482,0.217879248780946,0.126248612782331,-0.624313786520566
-2.15090763443778,0.190611617818852,1747.64922743482,0.00999999999999091,0.120077848612463,-0.609831481366394
-1.60350297402476,-0.720059670682861,1748.32957820538,0.680350770557652,-0.625772428586679,-1.26253455451497
0.0796532201252259,-0.865034087959828,1748.80630020108,0.476721995700927,-0.90247490802486,0.304599167258157
-0.899970082553696,-0.761126142766538,1748.97951188692,0.173211685847036,-0.776911747517998,1.08724888058497
0.0853733485501853,-0.446041521308557,1749.18771706399,0.208205177062155,-0.515948881488827,1.33891277050729
0.886107838166406,-0.514553246427367,1749.20978321469,0.0220661507075874,-0.486144353632985,1.36184907668355
0.840300229111701,0.000353901543515547,1749.5340860944,0.324302879709421,0.0098448386810743,1.60795186336737
0.44211377943792,0.436047797267579,1749.80796375103,0.273877656622517,0.438574055868819,1.46883598369732
0.727230581377705,0.79455775697902,1750.15695670948,0.348992958456165,0.802637770999927,0.470313061704041
0.82698382430262,0.810448729783624,1750.31643709779,0.159480388309703,0.829312590042936,-0.136273606781194
0.843722384280038,0.755247355088113,1750.32643709779,0.00999999999999091,0.827769701123512,-0.172241837210597
0.780348663759249,0.505933065714519,1750.75791135615,0.431474258360367,0.512542250781721,-1.04162500082439
0.948646123152798,0.264748016043757,1750.98407713605,0.226165779894018,0.27722496942862,-1.00108414119069
0.670515703378089,0.0155479391286185,1751.33110218302,0.347025046969975,-0.00909736354849679,-0.621878315157603
0.67830632418181,-0.148990569595701,1751.61745901126,0.286356828246198,-0.143854432572264,-0.313081049962754
0.174131771840258,-0.249442176134998,1751.98736042172,0.369901410459988,-0.182449742158784,0.0974442469245754
0.015443572271209,-0.133254305786853,1752.44364350968,0.456283087959264,-0.0931251624080121,0.271569488057671
0.0721686838602578,-0.0749058055218491,1752.52563827471,0.0819947650254562,-0.0706786014929601,0.275288833472222
-0.202356290991681,0.116889136531132,1753.14867593506,0.623037660358477,0.0935433628352966,0.219910834584466
2.35861014070384,0.0612137497156749,1753.44211211031,0.293436175248189,0.135815275030944,0.0673834889560176
2.58643038023951,0.172672467115642,1753.45211211031,0.00999999999999091,0.13659092477785,0.0877309374637426
-0.684419314513455,0.45587114376313,1754.03655480113,0.584442690815422,0.504800998085161,1.00143238158223
0.774564117736414,0.60681186688164,1754.50935048827,0.472795687142479,0.613871261371015,-0.540839418758783
-0.524576213561103,0.292186899508712,1754.87085305073,0.36150256245719,0.367410776061435,-0.731220500183403
-0.126927875888675,0.0318992527053337,1755.13826838666,0.267415335933947,0.141374285046714,-0.924382780142073
0.738000278491317,-0.143795971327283,1755.46835636718,0.330087980518329,-0.150688600200762,-0.814915108665849
0.73045400627063,-0.131281866203639,1755.5070935129,0.0387371457177323,-0.181146285002332,-0.757335822370448
1.30681953154912,-0.207373855500027,1755.64486315927,0.137769646372817,-0.270763477807138,-0.54040281982342
-1.79276057483027,-0.376608763048233,1756.14469069356,0.499827534293672,-0.268659012149316,0.503495152145086
-1.8341641394519,-0.189950976337514,1756.57062599164,0.425935298073227,-0.185601273562842,-0.107452774982347
1.21289204857895,-0.145254905587012,1756.58062599164,0.00999999999999091,-0.186744483116278,-0.121172478048383
-0.191541002474999,-0.186973508177573,1756.91615430759,0.335528315956026,-0.138174057062591,0.389623080822132
0.652243800155793,0.00381627495787008,1757.15779159299,0.241637285392471,-0.0486579788632957,0.344491383511693
1.61347468988668,0.0211767408636554,1757.51974587761,0.361954284626563,0.105756747192328,0.485476752107397
-0.41887436370402,0.284659246722947,1757.85363177412,0.333885896510537,0.320540461119199,0.761057338314686
-0.510848003215151,0.428723367010957,1758.21908800295,0.365456228824996,0.47863649279764,0.0807955668231769
-0.140627404100025,0.0984560654399605,1758.93890975008,0.719821747130709,0.126604479389298,-0.835201411962145
-0.361458378862101,0.118869064534703,1758.94890975008,0.00999999999999091,0.118253280642173,-0.835002118651129
1.61530445486138,-0.312290014517214,1759.466563681,0.517653930920915,-0.299069080183684,-0.700772975516749
-0.991648944501788,-0.330184982135069,1760.02277739043,0.556213709425492,-0.276407549943584,0.706690589478154
-1.15435457937986,-0.0618888823866671,1760.31115472639,0.288377335969244,-0.106903659366701,0.454142884429221
0.233200218715415,-0.113662627346625,1760.32115472639,0.00999999999999091,-0.102420382580322,0.44251626537421
-0.0361451532094462,-0.0179612783042289,1760.40387561659,0.0827208901960148,-0.0651546364800868,0.457302110210702
-0.651150400037634,0.0906419375905831,1760.83050127132,0.426625654731424,0.107824227381344,0.332951027289159
-0.0921574516262329,0.0825148426185468,1760.84050127132,0.00999999999999091,0.111101712353429,0.322554605957961
1.53245787166705,0.205189131215449,1761.2072664742,0.366765202880515,0.193922176910873,0.123169678848519
-0.165449121204745,0.236420348669282,1761.53965499623,0.332388522029532,0.286353223677468,0.410341351379554
1.69903933797859,0.345295050869699,1761.90435022191,0.364695225678133,0.361306317857851,-0.00330044779218808
-0.537205991278055,0.46808227064531,1762.55625769714,0.651907475226608,0.481836603438316,0.29422543111019
1.48603457790121,0.475431858786545,1762.83976040279,0.283502705653518,0.477782161524991,-0.307324657101278
0.0601515786425212,0.375736520008387,1763.29439319821,0.454632795421048,0.371939522155896,-0.127393749771823
1.4592200543087,0.253215350113016,1763.6143525988,0.319959400589141,0.292498506359037,-0.34747970531575
0.557555905260365,0.445222844118323,1764.56660502702,0.952252428221527,0.366819480807692,0.397689793956969
1.69096656205928,0.475742254693416,1765.09288870835,0.526283681323775,0.466849404110826,-0.0402411526827856
-0.227831124099395,0.482796331734487,1765.20666195946,0.113773251111525,0.464018611738731,-0.00953076795984147
0.553472107271906,0.35579323310558,1765.28611812976,0.0794561703019099,0.458137298850128,-0.137254475935727
0.88925401961948,0.4331223569782,1765.79680342698,0.510685297219197,0.316776778029867,-0.353788631306549
0.535166510358285,0.199726342287491,1766.48541422085,0.688610793870112,0.175828817924999,-0.0282520899934785
-1.57055437014703,0.169141706567713,1766.9047499557,0.419335734854485,0.178277374240207,0.037186394453629
-0.767992502926342,0.0156733173845823,1767.23082400163,0.326074045928181,0.0925156421693974,-0.536638942966022
1.16518301893541,0.0342033824484451,1767.25050415532,0.0196801536912972,0.0818230319788178,-0.549878222752557
-1.43909589472344,-0.0572171639788794,1767.69083024402,0.440326088694064,-0.0342697202415075,0.0186971628149948
-3.58695646840766,-0.0937159482628765,1767.9151551068,0.224324862783078,-0.0633156825562693,-0.270036362282944
-0.873572209106185,-0.352530259850907,1768.23483598001,0.319680873213883,-0.304676008000665,-1.18343675506327
1.07208269222308,-0.69826105595611,1768.70363140029,0.468795420275683,-0.727047527710835,-0.431813010422875
-1.1082530136215,-0.857663426643108,1768.71363140029,0.00999999999999091,-0.731132276091115,-0.385099217030717
0.996801608486747,-0.760090937959419,1769.0384514613,0.324820061014634,-0.721356995600405,0.417271931285306
0.0385562385932128,-0.720233868835439,1769.0484514613,0.00999999999999091,-0.716979920512223,0.458039580464652
0.363822724661017,-0.380107110495528,1769.49808321131,0.449631750008848,-0.304545388400402,1.15176669674265
0.183450110042673,0.00269920143857691,1769.70937641576,0.211293204448111,-0.0548092435507232,1.18915704285211
-1.9195504155263,0.222866392270314,1769.95919374734,0.249817331582108,0.227255848332591,1.04634196397722
-0.906290552072754,0.336423075500846,1770.05852830246,0.0993345551155471,0.316392037813544,0.746137638924934
-0.878290573727638,0.384845895121518,1770.27951971645,0.220991413987576,0.428316543105509,0.258695236827081
0.235827481149399,0.36095427692128,1770.41070851971,0.13118880326283,0.442919110794118,-0.0344154495886712
0.420375169398885,0.435111016531291,1770.7131634792,0.302454959491115,0.388437433983946,-0.306054997518304
0.518219049293321,0.376924782568631,1770.88993522174,0.176771742538676,0.328003069543158,-0.369698008751743
-1.41640659366844,0.219063680707009,1771.01502101094,0.125085789198238,0.281187656033185,-0.375474031951182
1.17459573545838,-0.0090688829381711,1771.48561679531,0.470595784373472,-0.0652572974546792,-1.00829471754669
0.372969836008941,-0.203571993493967,1771.62760350787,0.141986712554626,-0.189647913897876,-0.740327181815314
1.16437151316303,-0.293791673282428,1771.98651942671,0.358915918842513,-0.371686552384389,-0.252813805828692
0.201878039638894,-0.27273549915118,1772.27251531423,0.285995887519903,-0.353207207517596,0.363576143083122
-0.74240481040553,-0.327738925081527,1772.28251531423,0.00999999999999091,-0.349524438203647,0.372942258171961
1.97026288838582,-0.255308718009971,1772.61080108967,0.328285775443646,-0.235236376551707,0.304607973005723
2.89041265481468,0.10874780778778,1773.0357166943,0.424915604629177,0.0763353965868056,1.08486533624679
-1.46174335615981,0.71076853927531,1773.4514090115,0.41569231720382,0.662074363177079,1.54374504890322
0.427358207021617,0.834695759552158,1773.61162847729,0.160219465781665,0.838206135687423,0.617190755017518
-0.272539931781541,0.893250223146008,1773.9036928512,0.292064373916674,0.821222891052336,-0.689703371055532
0.23084420836414,0.345165751548851,1774.23215196847,0.32845911726281,0.42928240295681,-1.49529037510274
0.379682225566028,0.0813006401101454,1774.48365056165,0.251498593185033,0.0592992016395963,-1.40236273735006
-1.30854040178138,-0.435596670648075,1774.88976084052,0.406110278871893,-0.405966873967858,-0.823718927471381
0.424943719725724,-0.716078907441812,1775.43420945418,0.544448613660734,-0.713471672657634,-0.133344577276281
-0.137402679532534,-0.341032530192357,1775.9567335867,0.522524132515628,-0.372434755112558,1.16109786745307
-0.347967822688718,-0.299728128406978,1775.9667335867,0.00999999999999091,-0.360810018466067,1.16374577866262
-1.6135433040182,-0.214442836658412,1776.12661470104,0.159881114341488,-0.177123578007291,1.11937872316593
0.263102855738658,0.0720033719655332,1776.38528851055,0.258673809513994,0.0487873509441023,0.617828916330236
-0.144761299410975,0.0820318093120553,1776.46809679951,0.0828082889570396,0.0993439314228165,0.60185974101778
-0.48945988058374,0.263212374700649,1776.80936901255,0.341272213035154,0.261006675576845,0.329930709302203
0.418111586375982,0.180494728261481,1777.35748802441,0.548119011861445,0.255533242809383,-0.317773744395148
1.1379046804773,0.229045501974211,1777.5630815832,0.205593558796409,0.191122055155061,-0.302984973127639
-0.400713480193632,0.11399155970625,1777.91716504024,0.35408345703172,0.139321366108587,0.00843993348156127
-0.149032532574667,0.168655066637175,1778.07857176707,0.161406726830137,0.131872930107465,-0.0988287685327279
-1.16417412241417,0.0211171400199771,1778.54235267672,0.463780909653224,0.0534281864388884,-0.22158259963843
0.567507333636088,0.0190047447773943,1778.60238778914,0.0600351124230656,0.0380712908495636,-0.28932775252708
0.4650415704383,-0.0237756957694727,1778.88919189154,0.286804102400993,-0.0181168173453077,-0.101616388999023
0.148669847318455,0.0649425756713477,1779.26300915363,0.373817262087869,-0.0189777264264297,0.0910535875725148
0.817596622192806,-0.0012838017320646,1779.75783381864,0.494824665011492,0.038002851563217,0.12821886948903
-0.0186084221141279,0.0512223767360314,1780.0110414814,0.253207662753766,0.0903855155766213,0.277788582070843
0.960150853541181,0.148436130868888,1780.12370163693,0.112660155538379,0.119416077316422,0.236780633201566
0.931958920087174,0.0666821097367417,1780.29858588034,0.174884243410133,0.169138956431718,0.327189745410581
1.6281570792171,0.349066754944704,1780.71561610588,0.417030225538838,0.327523569301308,0.397346942656794
-0.0869776101787299,0.562191314109498,1781.42247210437,0.706855998490937,0.629973696236625,0.258021229747591
-0.910751118592948,0.640095204114844,1781.57876277889,0.156290674512775,0.637098870218602,-0.162829300208381
-1.49375665430456,0.57801890429552,1781.80670406765,0.227941288757847,0.520090169451049,-0.819205089475001
-0.409138699592656,0.324990191080073,1781.9746375952,0.167933527552577,0.347659089561836,-1.20530403181216
0.45281463637092,0.056893935655256,1782.22786287299,0.253225277788943,0.0307231964126077,-1.26153760549981
0.280178206219362,-0.237295668952331,1782.4443609177,0.216498044710306,-0.21522401159142,-0.995949948280023
-1.4358802083027,-0.550312040419231,1782.78910598435,0.344745066654241,-0.469161858717233,-0.436049110445012
1.40142605168975,-0.685420311787764,1783.43566560329,0.646559618938909,-0.616903382772451,0.0619624676001197
-2.11588836608516,-0.51018665323057,1783.71832299879,0.282657395495789,-0.463547325183625,0.953665290851779
0.335887917532752,-0.276727205707884,1784.18264596007,0.46432296128728,-0.189370697668748,0.183286465833105
2.42668646649537,-0.12062830766169,1784.71834967567,0.535703715599084,-0.0194699728544521,0.407107461300926
0.0289063278660203,0.417029013184409,1785.20126357551,0.482913899837513,0.395673229371258,1.19334848150782
1.22324309560846,0.714812030964357,1785.8281514917,0.626887916192118,0.656085272527399,-0.470972891820302
0.179111275212304,0.393232501001858,1786.20295187109,0.37480037938758,0.430750574122659,-0.633307966943261
-0.654483064309985,0.434300448494538,1786.24128252043,0.0383306493433793,0.405944858594701,-0.660167711382443
-0.385486536303452,-0.138375732492235,1786.75658067465,0.515298154213951,-0.0548135656995073,-1.00650236367968
-0.428318300372677,-0.0584844650521863,1786.82891649154,0.0723358168881987,-0.126899075969023,-0.984898909305933
1.23179633965798,-0.301330556674996,1787.06682571341,0.237909221876407,-0.346991121761623,-0.842827036766662
-1.59724855261622,-0.453729631676014,1787.31787934852,0.251053635106246,-0.473965678648012,-0.15832648953308
-0.977796922737098,-0.519832167892589,1787.89728087079,0.5794015222707,-0.545852459426194,-0.052536004476374
0.7631003270444,-0.500022262531013,1788.04790329681,0.150622426019254,-0.54315659182575,0.0861453531699992
0.561741290929671,-0.39465211464576,1788.4431547319,0.395251435095815,-0.336542617974139,0.862245902472096
0.655367760677626,0.169265636642259,1789.02547343353,0.582318701630129,0.238642261472071,0.978281437925194
-1.15330348740625,0.385337631257623,1789.2063313776,0.180857944066474,0.406596237219648,0.862536090153388
0.0545098319112078,0.486304156828961,1789.38059733715,0.174265959554077,0.513465814492266,0.355067869739092
-1.62945510341011,0.54799839833914,1789.70349418562,0.32289684846296,0.531054458948668,-0.235856357575788
-0.374280852710459,0.369657538278795,1789.95669278835,0.253198602734756,0.375723425724192,-0.941569146399375
1.23108441314744,0.183001016651221,1790.09612973649,0.139436948138382,0.237313574272152,-1.0316125486594
0.167595603782308,-0.0830930158475942,1790.48013264677,0.384002910281197,-0.055772391077521,-0.472278453554805
-0.903593651414496,-0.172958360763047,1790.86299071473,0.382858067960342,-0.193070423213935,-0.232723003909693
-0.0964926002530146,-0.261537586384772,1791.37794401741,0.514953302674712,-0.341318738503677,-0.300401392632756
-0.308856822797347,-0.335310832731432,1791.95545846725,0.577514449838645,-0.354205343292505,0.233936069536298
-0.79411362020491,-0.277173703237224,1792.22280480078,0.267346333537489,-0.277402067652186,0.326477960159704
1.28629081187567,-0.159587576262611,1792.68152029376,0.458715492975671,-0.169137661106927,0.130452413022816
0.284051793580338,-0.281116727352392,1792.69152029376,0.00999999999999091,-0.167754135619399,0.146227714763526
-1.63318920979872,-0.173765066078318,1792.80941711449,0.117896820729129,-0.146734292748799,0.208748720110713
1.49658623640839,-0.144452139657145,1792.81941711449,0.00999999999999091,-0.144718188496275,0.194476668781644
-0.647172637668905,-0.0715714563015292,1793.0259636486,0.206546534117024,-0.070324628221631,0.514735056687819
-0.189410537594715,0.181183466034316,1793.49347386488,0.467510216270512,0.0795138181332818,0.11819981950946
-0.157272407281637,0.0193439601615288,1793.99320240524,0.499728540366505,0.0886364142510939,-0.0751253205102683
-1.43429367560385,0.0525604822423639,1794.48248372048,0.489281315238713,0.0228183082237865,-0.178528929732893
0.965430460108024,-0.324069927765265,1795.14412961573,0.661645895254651,-0.332655858625474,-0.767624791655462
1.88663210238702,-0.539206834554974,1795.35493243331,0.210802817576678,-0.443353257502684,-0.274431918770032
-0.682916536008352,-0.414724440641329,1795.42890897795,0.073976544634661,-0.454539288273315,-0.0288112014041139
1.21974473385119,-0.419742565275123,1795.43890897795,0.00999999999999091,-0.454791931260954,-0.0217209766171957
0.507975916169028,-0.381697162460486,1795.78328816812,0.344379190175232,-0.321987849190614,0.736785784500048
-0.578251020477647,0.0167947202443333,1796.1605166165,0.377228448380492,-0.000759776498811422,0.910439027541138
0.623897985677209,0.320266339177499,1796.49746620452,0.336949588015614,0.240102728814877,0.499796552513161
-1.59214621883958,0.314589161190552,1796.69853968485,0.201073480329569,0.335197037879497,0.43672991701658
-0.396252149945196,0.207454950201028,1797.28727741788,0.588737733036623,0.16523637665927,-0.890501173880266
-0.306803644562011,0.130445791973776,1797.38189785328,0.0946204354011115,0.0799266850541099,-0.909534290449923
-1.34366177359727,-0.579814825224665,1798.19856648728,0.816668633999598,-0.502208258917496,-0.303772203062692
0.0600334701913205,-0.586004467211605,1798.5193624509,0.32079596361541,-0.569498912323127,-0.0982255508547217
-0.277444780082819,-0.482601161608531,1798.7631847549,0.243822304004198,-0.531941840896957,0.38607561317219
-1.14970992890763,-0.137476747305118,1799.27473656124,0.511551806331909,-0.228972287324671,0.672343531559562
-0.620265975390922,-0.153143592467694,1799.57643324062,0.30169667938867,-0.0746829989345255,0.340662825715928
-1.08462266569671,0.00334412926368104,1800.1325695462,0.556136305571954,0.0110295052410242,-0.0309858177473607
0.632557564051709,-0.174130738695518,1800.75906677704,0.62649723084769,-0.187240602404114,-0.530870561139746
1.08382677962971,-0.240665541701798,1800.79904181521,0.0399750381609465,-0.207412050343873,-0.478161462843111
0.745237155808968,-0.178078231680062,1801.25357618507,0.45453436986304,-0.242448868579558,0.301595095927581
1.17370517064081,-0.0695011784091755,1801.60423420282,0.350658017749538,-0.0770699207734708,0.609048269052443
1.16313041689285,0.405973294501559,1802.12469974771,0.52046554488993,0.334234969721578,0.874773502760808
-1.04526565954156,0.309116443316864,1802.13469974771,0.00999999999999091,0.342975699275964,0.873292210461597
-1.11510949083812,0.492611012330225,1802.6615958231,0.526896075393552,0.446866375526215,-0.462383860317679
-0.499051762620325,0.130882415628506,1803.04190541255,0.38030958945069,0.143685764049547,-1.04598390122161
2.84107991649399,-0.507410983000279,1803.6790129926,0.637107580043221,-0.480087437320825,-0.740959577140139
1.21352516472191,-0.477137260872043,1803.6890129926,0.00999999999999091,-0.487260497900696,-0.693629419999103
0.505305568024359,-0.556881601027784,1803.98530705019,0.296294057596469,-0.551233432728506,0.257862225924236
1.65519636260943,-0.38645233106311,1804.26649023014,0.281183179945174,-0.400121461098498,0.76562129520687
0.0587820633090901,-0.0597518035502255,1804.60992392875,0.343433698615854,-0.0254565444370346,1.33838695826869
-0.39581849872773,0.622452681379108,1805.41762915497,0.807705226213784,0.63296858517152,-0.0125052679940065
-0.291360415921508,0.524669005645582,1805.79812568507,0.380496530107621,0.446827539092556,-0.858301165251524
0.407548713862627,-0.247353209533395,1806.4244145209,0.626288835830564,-0.17598661956145,-0.955843226837098
0.710410633599594,-0.232941432466292,1806.54726600162,0.122851480715326,-0.28333391135722,-0.787269591927092
-0.33173296658412,-0.295356746998848,1806.58329802994,0.0360320283175497,-0.310530239229732,-0.721939916947306
-0.181617876470231,-0.337493973492273,1806.80627992675,0.222981896816009,-0.447728864586517,-0.491455603491125
0.249561929895956,-0.398084068555424,1806.9337221672,0.127442240447863,-0.498379163349196,-0.299643337457377
-0.435533449453557,-0.560680469176961,1807.14787687581,0.214154708608703,-0.516168601436431,0.129550931144802
-1.18417053997246,-0.29327974743923,1807.5551020043,0.407225128489245,-0.383121005685945,0.465164229022174
-0.55414242092819,-0.291011510934803,1807.84934555605,0.29424355174956,-0.268308186816325,0.299108882028717
0.968402233067355,-0.271876077775485,1807.95789023964,0.108544683593891,-0.236438222193399,0.286539573100379
3.49181697728102,0.039826086728687,1808.53650020354,0.578609963893541,0.103531568543764,0.791334968763408
-1.05436901376339,0.202898726214594,1808.67112238606,0.134622182526073,0.234809024985854,1.14769805598438
1.68171205804831,0.45784216267537,1809.2204001762,0.549277790133829,0.488332835820561,-0.263405319994779
0.64867814268943,0.414349370108922,1809.6412164043,0.420816228108379,0.412557618018137,-0.0765853087905129
0.490663715397461,0.415235749448629,1809.67347973561,0.032263331300328,0.409835481717268,-0.0920558014739836
-1.02414816742501,0.318010562863835,1810.15516594737,0.481686211760007,0.310049951280896,-0.28191720539403
0.417264156798312,-0.0485136313294622,1810.68022460431,0.525058656946612,-0.0160481739933033,-0.862955217476553
-1.46958560080631,-0.257956032054517,1811.08126611741,0.401041513095606,-0.278875929140901,-0.419933620981679
1.31672282109546,-0.4595308513482,1811.33693208385,0.255665966446941,-0.400634190937631,-0.511149199288175
1.04461008340863,-0.304131581116918,1811.72949502211,0.392562938259516,-0.395739715406468,0.500671850104413
0.765657370319612,0.164901173073284,1812.35003165314,0.620536631028699,0.157130653108491,1.10341402957045
-0.087831641864528,0.569725136712171,1812.79879988904,0.448768235894477,0.592067252732732,0.70606352955379
0.726033580430631,0.66931799715803,1813.15655896831,0.35775907927632,0.658199096164945,-0.337162839586596
0.548698487044141,0.604746030876849,1813.26273253302,0.106173564705159,0.61279530015902,-0.510089458448515
0.615066865613054,0.504020146885715,1813.41948643432,0.156753901304455,0.516586089669225,-0.697788806896562
-2.19565490709238,0.501380269733035,1813.54656884484,0.127082410517005,0.423280361918929,-0.759451802366188
0.415457432373741,0.231481160390484,1813.82489298031,0.27832413547435,0.112279769283847,-1.41349197533087
1.81864065626971,-0.290643193329434,1814.16781625175,0.342923271435666,-0.305002913825058,-0.977694762446219
-0.311808779986852,-0.415811654320262,1814.56707044777,0.399254196017409,-0.440478577316148,0.295829808970749
-1.08757187520814,-0.21451639650198,1815.0269573795,0.459886931737401,-0.246080487284889,0.484301595258095
0.733768959768877,-0.268255673560278,1815.37877869078,0.351821311275444,-0.127941951753697,0.178907906163057
-0.757324420654111,0.115082989214671,1815.93841055039,0.559631859606725,0.0854520828215141,0.526016061002939
0.721262268969313,0.245345350352835,1816.30022975567,0.361819205281336,0.195144306275847,0.0783948533347983
-1.27500893696892,0.219528546929285,1816.31022975567,0.00999999999999091,0.195940938014557,0.0809221819702383
-0.200773847062414,0.226038015465747,1816.32022975567,0.00999999999999091,0.196663021606895,0.0635061815353972
-0.0483620918429104,0.168732050831469,1816.77735035073,0.457120595066044,0.161707631231053,-0.199496630470071
-1.13499923297623,0.0646318988219813,1817.28225673499,0.5049063842539,0.037025112172643,-0.268549757962131
0.390526633546332,-0.0878607108321592,1817.54334373674,0.261087001753822,-0.0662531958119254,-0.508286205958965
0.161113813779729,-0.247510963166234,1818.18821916956,0.644875432821891,-0.214036174205858,0.0572683510202281
1.65998397872728,-0.246591646349634,1818.20641558877,0.018196419202468,-0.212893621614515,0.0682854595166863
-0.78511535603009,-0.224638440670205,1818.40089724863,0.194481659859093,-0.161684377116746,0.447903759128053
-1.89724665364015,-0.0196175777255953,1818.63684875162,0.235951502998432,-0.0757767649560269,0.276184795354229
0.100332202898935,-0.0668795806571544,1818.81393801581,0.177089264183451,-0.0558822014681579,-0.0479161210747876
0.105516831175724,-0.0446449726813043,1819.02213204306,0.208194027255331,-0.0607899239073414,0.000281638905194744
0.686723388791713,-0.0891961689445061,1819.16678792522,0.14465588215262,-0.0584279614627475,0.0318764287657884
0.487380372245731,0.0827343797209818,1819.62903103567,0.462243110451936,0.0307072358780521,0.328285460679001
0.983585584905665,0.107601918855738,1819.92241857674,0.293387541070388,0.134883144482979,0.370074094355082
0.554876934633915,0.101977284613607,1819.93241857674,0.00999999999999091,0.138609506798089,0.375179284337779
0.205613476096352,0.333251350619645,1820.34379817021,0.411379593476113,0.288736338332077,0.328216038674798
0.603921059514244,0.334738760947743,1820.7204351833,0.376637013090885,0.360910529242483,0.0473708071226491
1.70710287724888,0.267513009359965,1821.3376553795,0.617220196199924,0.326468002070883,-0.135221786905672
-0.810448775986872,0.462716504272721,1821.68538114494,0.347725765439918,0.334838926747429,0.172574236667444
-0.951164079547229,0.295707922404414,1821.8670773454,0.181696200458873,0.337758830164467,-0.136073057131509
-0.485709244084324,0.0836360302110252,1822.43108418817,0.564006842769231,0.0384425438110508,-0.815252948477464
1.40015050104554,-0.129479278525807,1822.57599627784,0.144912089663649,-0.0804691541715695,-0.820054390227048
1.08181858612293,-0.168167032827061,1822.78067946634,0.204683188502258,-0.206148060569026,-0.405012116955061
-0.962524465721747,-0.236360835104301,1822.97432878649,0.193649320146733,-0.251940603087311,-0.0692113217515598
-0.611831337848741,-0.31054017730775,1823.13571908334,0.161390296859736,-0.267304579814007,-0.119253964585297
2.53592033600926,-0.454845221441223,1823.50790903574,0.372189952397321,-0.303771323734911,-0.0708634677223416
2.72458057874538,-0.0659515356564651,1823.8294506609,0.321541625158943,-0.166964694489945,0.874459949107363
-1.08366152260783,-0.136200551785802,1823.8394506609,0.00999999999999091,-0.158088573027748,0.90071568792449
2.16411169300111,0.0482623827754544,1824.22652005879,0.387069397888581,0.0909441193534171,0.370144026435094
0.625527553979328,0.0942531474667867,1824.36119979779,0.13467973900174,0.156327409543034,0.59499034970725
0.410514798939401,0.318494553711537,1824.66095347233,0.299753674536987,0.327855874843507,0.52615066541334
-0.968567150330899,0.344196601537776,1824.86585590356,0.204902431230494,0.419142243183472,0.35489279489143
0.371973243753407,0.300803845435789,1825.21449087198,0.348634968421038,0.403049425326403,-0.41982398856006
-0.892807829753589,0.190455728523847,1825.60824491612,0.393754044135449,0.215090405091394,-0.489412506081787
0.954534185864356,0.120531633223171,1825.7560907346,0.147845818479709,0.131423401959281,-0.635523925198982
0.724780668423074,-0.0656401689645003,1826.147178078,0.39108734340175,-0.0348206683797648,-0.206511167045552
0.123328380510809,-0.0734418098979638,1826.43829194462,0.291113866627256,-0.0575367785595448,0.0465279396312075
1.49654867024813,-0.111103023982757,1826.62086459986,0.182572655236299,-0.0456614631551644,0.0822777380482738
-0.784090278357282,-0.064971495893922,1826.90795751007,0.287092910210049,0.0373223592885452,0.478296971037572
-1.27255392971076,0.157350260540382,1827.39400834164,0.486050831572129,0.137148366084039,-0.0628639786950642
-0.348506378678564,-0.0710369646746021,1827.86045292902,0.466444587375008,-0.0382435087525205,-0.637906579894469
-1.10342566871906,-0.087833015144567,1828.0422453446,0.181792415580958,-0.152170574276504,-0.608473122724394
-0.0994345049800641,-0.185472122131571,1828.25509267987,0.212847335271363,-0.289618972581358,-0.668589281427225
0.137326035958453,-0.478689506213827,1828.72524464501,0.470151965138712,-0.474330068872929,-0.0765823040583771
0.406195078751668,-0.448531951752479,1828.9853074393,0.26006279428907,-0.440971902565602,0.316939127894671
0.874106625046672,-0.071824349105889,1829.52720731079,0.541899871491978,-0.1092055908411,0.784886743095005
-0.562706110810082,-0.0389489938266682,1829.56623220776,0.0390248969715685,-0.0780575699828346,0.810897574182475
-0.944438377038963,0.144815636014284,1829.96645213115,0.400219923389386,0.170804942967822,0.411264556455912
0.276182792602907,0.12672848554378,1830.32450573906,0.358053607907095,0.221268436311009,-0.121303706129119
0.879289972060305,0.194670114701723,1830.78650952387,0.462003784811486,0.154942247212022,-0.151568636089111
-0.534772065297115,0.0477835004000402,1831.18069621875,0.394186694884183,0.142858550448758,0.0842703221001238
-0.2657397576206,0.19146187539062,1831.64702349473,0.466327275978074,0.0943077814105694,-0.269980943272523
1.90529873256314,0.0454386236538328,1831.79832654784,0.151303053103902,0.0501827331361739,-0.310458530663849
-1.38605227895894,0.230945523277206,1832.39495118282,0.596624634989212,0.183157853303346,0.677343283514826
0.473330375258228,0.284340371183988,1832.74407022169,0.349119038869276,0.288441366466288,-0.070307548464342
-0.735264928819998,0.211095886913709,1833.21605333888,0.471983117185346,0.240464075042409,-0.119361221743053
-0.605279559385095,0.217094407223092,1833.37685047335,0.160797134465838,0.206157577785893,-0.302333624589123
0.507484016107995,-0.0443179183273922,1833.92210055479,0.545250081442418,-0.0582592162665372,-0.601486770187745
0.109594198899599,-0.257054322462172,1834.21942799937,0.297327444580787,-0.193337122881188,-0.299406260601088
0.739867808062496,-0.167823553479422,1834.22942799937,0.00999999999999091,-0.196296992890828,-0.292544878257218
-0.17578929791756,-0.248397440475033,1834.53295639327,0.30352839390639,-0.225110346043544,0.0967167209972548
-0.958732204679593,-0.248681767706029,1834.62088232244,0.087925929169387,-0.215559617965971,0.119976064936741
-0.577827514694692,-0.181513472727668,1834.63088232244,0.00999999999999091,-0.214386690567841,0.114603306519853
-0.384046753141136,-0.189499842160853,1834.93172067121,0.300838348768139,-0.187851874458588,0.05971777585994
0.409862787758493,-0.328939662901495,1835.32337818347,0.39165751225687,-0.16621230718027,0.0476757793693649
-0.826298619031557,-0.24147339760302,1835.33337818347,0.00999999999999091,-0.165698575119487,0.0550630945130373
0.174653408205448,-0.132316723360275,1835.94154055077,0.608162367304658,-0.214384364803785,-0.189859486915968
1.36419741248608,-0.167756283427737,1836.37710977451,0.435569223740231,-0.227174993958394,0.122211892661704
-1.36426810042529,-0.0522274296236917,1836.77461429708,0.397504522563622,-0.0516197521603694,0.7135794342371
-0.490337253894525,0.164048531105333,1837.10583887733,0.331224580253547,0.0939749877537495,0.164440417664674
-0.634859140998165,-0.0248187566943166,1837.84957771095,0.743738833622956,0.0251955096433903,-0.301257821566863
-1.25295827156664,-0.122219452669844,1838.11421119349,0.264633482539011,-0.070448300453848,-0.410661751277606
-0.636573188573564,-0.275061854148745,1838.41952788236,0.305316688870334,-0.23120163123903,-0.617767625201525
-0.648977825954734,-0.353661526690594,1838.7128404999,0.293312617539186,-0.396741896469868,-0.485681434474532
1.77314779705243,-0.515025358751433,1839.01090463942,0.298064139521784,-0.503335011687539,-0.209262230174681
-0.314070422040773,-0.478387053558527,1839.27628153546,0.265376896037196,-0.440485836396703,0.648213250242962
0.194801881185072,-0.255345917713393,1839.61423164525,0.337950109792018,-0.20306046013769,0.706806073832915
-0.0310022040838147,-0.278710781871174,1839.64829212498,0.034060479729078,-0.17883135013478,0.715506674966481
0.462119948649919,-0.0526760045627815,1839.92350022277,0.275208097782524,0.0125752658653499,0.658100449704825
1.41404311776087,0.236957810084924,1840.26233193333,0.338831710560044,0.232813649130976,0.614857706185868
-1.1912687549167,0.20771867966127,1840.27233193333,0.00999999999999091,0.238990866407851,0.62054320327212
0.373166173514983,0.279721820111509,1840.61455220208,0.342220268756591,0.329193895187342,-0.0900829385535982
0.522893504246241,0.336699754660363,1840.83191610864,0.217363906558148,0.300735786650505,-0.166739663511988
-0.601048908094768,0.295539629616068,1841.27032361553,0.43840750689219,0.223340917637794,-0.168950357691256
0.484116851266959,0.182646635123476,1841.28032361553,0.00999999999999091,0.221600640977965,-0.179088231392569
0.327746636435484,0.171932547837058,1841.70130892457,0.420985309039906,0.157691250093115,-0.11536072674528
1.53785305422091,0.131360432740009,1841.87925792019,0.177948995621819,0.138181643253101,-0.102745297642038
-0.408347201370722,0.158826863867334,1842.08549762133,0.20623970113229,0.143824588494545,0.152618193873306
-0.464939897608007,0.211279628023976,1842.38281264609,0.297315024763293,0.155140556292497,-0.072216650480251
2.20931617372518,0.135206834247946,1842.7244804878,0.341667841712479,0.0906124075687959,-0.290950430095888
-0.468019657490753,0.134005206017354,1842.96713444063,0.242653952832597,0.0821656627602677,0.211843072320792
2.05228030897008,0.108407098610381,1842.97713444063,0.00999999999999091,0.0842470355233323,0.204435613339571
1.05641358976919,0.404245118786919,1843.44248248452,0.465348043882386,0.343190944129576,0.830032689587328
0.552073258756837,0.328386853191558,1843.45248248452,0.00999999999999091,0.351478682931533,0.827377302742133
-1.02327824638533,0.643192520562458,1843.72140371589,0.268921231371451,0.536307163745842,0.512328834786702
0.91709265882426,0.483301697671447,1843.95879762229,0.237393906397529,0.568698821862629,-0.233163425487677
1.42975202066609,0.49720035906036,1844.28074203171,0.321944409424987,0.453752522960613,-0.438041719145988
-0.0967094280944134,0.464410745971272,1844.47717131276,0.196429281053952,0.375329793999255,-0.350143501555522
-0.836400616819689,0.21530809745118,1844.74769172803,0.270520415268265,0.252768365284451,-0.532349245394726
0.279927312120944,0.033611205192587,1844.95074272938,0.203051001342374,0.12381336628947,-0.723389480925865
0.291114794206571,0.0498568226561923,1845.17523198568,0.224489256301467,-0.026525792111543,-0.606637284000747
2.12714130207614,-0.0363542745856818,1845.18523198568,0.00999999999999091,-0.0325596309839934,-0.600035993773923
-1.59595778039367,-0.161149512700126,1845.50851179674,0.32327981106755,-0.0985950094404116,0.177863738083373
-0.411630071084567,-0.152446936446575,1845.88491489748,0.37640310074039,-0.131142160744338,-0.330261047599989
0.963275193487589,-0.106267551151987,1846.01454319151,0.129628294025906,-0.173460622227511,-0.320599045137208
0.55835091190897,-0.155177296899387,1846.55069436213,0.536151170616904,-0.140866970068785,0.401862838806636
0.187034175024134,-0.022947283331792,1846.78893340024,0.238239038109668,-0.0294132160841752,0.521967809471185
1.59491662383855,0.263171426309085,1847.43661858009,0.647685179850669,0.262202439747109,0.316574023612737
-0.635221374722418,0.322330674080874,1847.51328021424,0.0766616341534245,0.288780868558367,0.375374921374922
0.468262552374763,0.302866106764323,1847.52328021424,0.00999999999999091,0.292458507898432,0.360146463590177
-0.139556451681183,0.360564514684843,1847.61883148243,0.095551268193276,0.324806764281661,0.315511131279372
0.696645443887929,0.454861955776051,1847.62883148243,0.00999999999999091,0.327905833787833,0.30430327269351
-1.06537598640386,0.427801588498154,1848.00166421894,0.372832736509508,0.413921126913736,0.140152381089572
0.501465690491782,0.225967447476416,1848.53379735965,0.532133140701944,0.202102680775922,-0.821327977563307
0.719342909488553,0.141915030563495,1848.76252483147,0.228727471821685,0.029651521842855,-0.67472021081497
0.0779827422713613,-0.100073611356569,1849.03343808531,0.270913253842537,-0.114239388453949,-0.380886227829532
0.321786886326595,-0.238167301749576,1849.26775138659,0.234313301283237,-0.188510499858191,-0.248804087197479
-0.447045322621407,-0.301535831213236,1849.77752416228,0.509772775685406,-0.205425526750213,0.168183489430099
0.747334435885786,-0.0844310029584002,1850.43393184076,0.656407678480036,-0.126030279843497,0.0587684092080309
0.673692610365247,-0.164662714776762,1850.50894926314,0.0750174223783233,-0.118910178449266,0.130409501193585
-3.22617448115969,-0.00166523454217104,1851.04368568576,0.53473642262702,0.0510126579018795,0.458915477857843
-0.170526142035439,-0.0110163413169992,1851.32246380795,0.278778122185486,0.0453486395077274,-0.477143571931042
0.356099328386929,-0.088874751712003,1851.64082889357,0.318365085623327,-0.102732398249883,-0.438146616799404
-0.534496353745812,-0.191903253226203,1852.33188945226,0.691060558685876,-0.203350495436668,0.141337690248736
-1.07175187687587,-0.195637341102191,1852.43997384768,0.108084395417563,-0.189045549821938,0.122854937106483
-0.200892492905082,-0.162659998983686,1852.83091693409,0.390943086413472,-0.193977909614908,-0.138637650235226
1.8629785438603,-0.263408950355283,1852.97627242967,0.145355495580588,-0.21094266238934,-0.0942498929412752
0.915798760268402,-0.20576485549792,1853.10040379669,0.124131367017299,-0.204669965514952,0.191999113670092
0.439640792304949,-0.152905503172896,1853.29722122154,0.196817424848177,-0.143831086983566,0.417552483493752
1.29026380670798,0.0549992260374222,1853.71326290245,0.416041680912258,0.0616349395758334,0.536511833227571
0.377783311718807,0.313760182629675,1854.21824389599,0.504980993536947,0.407678542157328,0.740067895314331
-0.48738695543336,0.605205646897413,1854.75373539504,0.535491499058026,0.582620594568483,-0.142731989446199
-1.29180221424185,0.757208203379839,1854.76373539504,0.00999999999999091,0.581065168677262,-0.168315501659728
1.01954502833229,0.347450387483675,1855.03310765868,0.269372263632476,0.427285808611063,-0.914819931061767
-0.573320631289669,-0.035265177058245,1855.79081712843,0.757709469758083,-0.0306537270574105,-0.189391276132903
-0.452020590484586,-0.202098157662672,1856.06035686786,0.269539739428865,-0.0948131393897964,-0.278715889042508
0.590484838996005,-0.0975659192489671,1856.18499495276,0.124638084894968,-0.130262408430813,-0.288395464035039
-0.506567745744461,-0.161311944814092,1856.30217915191,0.117184199157009,-0.157125516694569,-0.170036250012604
1.18140314173036,-0.154784572645252,1856.75310032221,0.450921170291622,-0.235826224030632,-0.163841419680959
1.51677640270287,-0.0587122490773983,1857.27076605084,0.517665728630618,-0.102347057428353,0.615479549500488
-0.109342871439794,-0.0331900431477609,1857.43798446718,0.16721841634444,0.0188003852610426,0.82367760618389
-1.76526436345308,0.290738833440459,1857.86190139748,0.423916930299583,0.301294603845184,0.471747819563962
1.17153801203332,0.319443337519876,1857.96661138648,0.104709988997683,0.335666440760763,0.185142379690947
0.0506745808263695,0.422299476097859,1858.61955531718,0.652943930705533,0.463188678767524,0.144435261101662
0.558425580739192,0.494632289526516,1859.04754008197,0.427984764788789,0.402024820698832,-0.388688878814991
-1.51995983145135,0.180456291304424,1859.45855415835,0.411014076378706,0.230463554055035,-0.403869723095852
0.347463456248883,-0.0108132246110563,1859.78987506532,0.331320906973133,0.00897748355283324,-0.89150088806713
-0.721024789745495,-0.24034316842054,1860.21684314859,0.426968083261045,-0.284851112238726,-0.45033325083483
1.87745542954796,-0.253463554920429,1860.22684314859,0.00999999999999091,-0.289344518442083,-0.448350169678335
0.913566697726736,-0.244656342863112,1860.64918482611,0.422341677520308,-0.239307925293152,0.634899425478077
-1.11933937158454,-0.0109495237109227,1860.86257191198,0.213387085869272,-0.0815568326654404,0.826630190270255
-1.26557546721124,-0.0287078774778597,1860.87257191198,0.00999999999999091,-0.0733590757891356,0.812878588717459
0.888713119835674,0.0930749150660211,1861.30584400356,0.433272091579738,0.128923149917337,0.116062601616064
-0.0618115372354452,0.157885595665146,1861.62467444454,0.318830440982083,0.191141493936639,0.262414372678057
0.363418688646661,0.214987736142673,1861.7136046069,0.0889301623624306,0.212025994988068,0.206873428884906
0.775223901433272,0.302121977807424,1861.95128935084,0.237684743937734,0.254291773587977,0.145270660358324
-0.723977209402869,0.297866871435318,1862.443945181,0.492655830165631,0.329406084170939,0.139377380938525
0.876355782514377,0.284209157435397,1862.68460798446,0.240662803454825,0.317201363326295,-0.231536797730966
-1.02614031789189,0.294159732314901,1862.89582840613,0.211220421670077,0.273707582513677,-0.176211434373774
0.198342255670175,0.250688274866446,1862.91383848333,0.0180100772022342,0.27027777086364,-0.204572147661529
-1.16368256591293,0.227708862197441,1863.11359660521,0.199758121879086,0.223733437744232,-0.256045642535991
1.11414049089184,0.00657748345041523,1863.47496604664,0.361369441434817,0.0438183811926548,-0.700812217343311
0.961682101055858,-0.11180686127215,1863.70876840654,0.233802359892024,-0.0812599192972444,-0.365852434521276
1.17110767969227,-0.133884306297703,1863.88617271105,0.177404304511811,-0.125551375124944,-0.134059384648922
1.72490477998746,-0.173091163955632,1864.06818838817,0.182015677124355,-0.125709123023859,0.128347089253597
0.258283490612176,0.206162715884504,1864.56141271021,0.493224322039396,0.139432363150984,0.870603658254417
-1.42326024676291,0.445295078080033,1864.87633800393,0.314925293715305,0.380549566883086,0.627772245193539
0.317472182229176,0.384749076899236,1865.31745621364,0.441118209713522,0.387217104002185,-0.555006751852357
1.99965249280765,0.233454469409932,1865.50705092878,0.189594715140174,0.276315552409738,-0.601267448498999
2.20724961928636,0.282459272937262,1866.19353415778,0.686483228996849,0.252842083598417,0.476286946231665
0.44779310321683,0.674740501072438,1866.79987148034,0.606337322559284,0.683001614731224,0.690487606220912
1.09282679126469,0.721624203429114,1867.0601310451,0.2602595647611,0.756653749996249,-0.138488560720277
0.0962991499154526,0.371084004197651,1867.67455927657,0.614428231469901,0.381915608274584,-0.754231825293984
-1.03801272518798,0.0655919536900193,1868.13374504667,0.459185770107069,0.0200326623224832,-0.746963359851843
0.753182413345044,-0.0762148381447381,1868.21613720325,0.0823921565777255,-0.0437297837434783,-0.798701473761975
0.150138263856378,-0.0177812688832275,1868.22613720325,0.00999999999999091,-0.0516547839024568,-0.786274579611497
-0.788163932311956,-0.100718460543092,1868.37153439432,0.145397191068014,-0.158493479649208,-0.679005846059963
-0.175816947941768,-0.305447273481778,1868.55508172356,0.183547329234443,-0.28319877355439,-0.669472683206773
0.546811584872414,-0.532285385193187,1868.91707759839,0.361995874837703,-0.457544726816506,-0.262034789750294
-0.615406376403065,-0.442777133836863,1868.92707759839,0.00999999999999091,-0.460061426137992,-0.241316838732754
2.5782069129248,-0.397673896122196,1869.39463611509,0.467558516693089,-0.469433601506984,0.187841457600921
-0.677886958657217,-0.321237863601785,1869.58248870915,0.187852594064452,-0.368738546918595,0.858743547026383
-0.440581431803279,-0.221559025903068,1869.90376051264,0.321271803485615,-0.113764196986091,0.693220121102545
1.66586116988151,0.179112759856452,1870.34966722281,0.445906710178178,0.126332967592507,0.359497720410982
-0.561594653699039,0.378479560304699,1870.88335378647,0.533686563656602,0.446276181592792,0.729165337612175
-1.88148855346572,0.567314384411947,1871.26829048007,0.384936693604232,0.544543068680685,-0.225309225615878
1.32470745269683,0.454339053977676,1871.37120945362,0.102918973542728,0.502630695497069,-0.581669214881643
0.656413620375266,0.189883364414922,1871.87192601001,0.500716556390216,0.261276195511186,-0.30934837481067
1.45132108985098,0.184640762562399,1872.13421977305,0.26229376304309,0.189169744807606,-0.23342073957861
-0.525137243456022,0.108740590982157,1872.3316949076,0.197475134553088,0.1654382653249,-0.00871181852454642
0.201783746960159,-0.0223290914407435,1872.70744477934,0.375749871740481,0.105874038044518,-0.290765964692455
-1.17951839456126,-0.0669031437446709,1872.99509234989,0.287647570550007,0.0296054985519353,-0.233327442765142
0.959410187038821,-0.0531887638552329,1873.10360090862,0.108508558721269,-0.00209011540035595,-0.348682024877311
0.577188606103118,0.000847161139742359,1873.63986236822,0.536261459605385,-0.0296995395815365,0.224620745202519
-0.684153882270228,0.131803885678247,1873.92987999636,0.290017628140731,0.0544267153430784,0.344417876171396
-1.2291230949099,0.202472958680504,1874.28532071988,0.355440723514675,0.115438994113448,0.00141324079063447
0.986426668412054,0.131901238009082,1874.29532071988,0.00999999999999091,0.115379829453441,-0.0132329425985102
-1.02738890081509,0.0492818473455878,1874.49956179986,0.204241079985877,0.127818302457105,0.131616498411302
-0.0549614481032433,0.0635020213670281,1874.7547637875,0.25520198763752,0.118689040909702,-0.195302855173172
-0.449110989280335,0.124491340321907,1874.9875253731,0.232761585604294,0.0688488900263947,-0.228171945537203
-0.360322526965577,-0.237282749263064,1875.84268842101,0.855163047904625,-0.219132642443577,-0.346458417781883
-2.11116826919528,-0.217825503670673,1876.01757932306,0.174890902053221,-0.274394989071023,-0.281741957626217
-0.714380104873953,-0.687508281582488,1876.64067457238,0.623095249321523,-0.614655163650071,-0.612305587416464
0.679790396056586,-0.385153987553151,1877.55798781373,0.91731324135003,-0.353103922209285,0.756416570754623
0.89946609970525,-0.0164940253643713,1877.88036399083,0.322376177093474,-0.0633436510313125,0.99212998886205
0.190563888966354,0.0370401724748431,1877.99089906503,0.110535074200925,0.0490540262247494,1.03698633931751
1.46391554179473,0.104617773496413,1878.00089906503,0.00999999999999091,0.0594021873886502,1.03261246628438
-0.741015564143758,0.446573153783886,1878.36915568262,0.368256617595307,0.470888312663032,1.11868103480191
0.438968319713331,0.604600714932534,1878.47430119414,0.105145511515047,0.572355684171628,0.803251617475237
0.360475237529505,0.603651096812773,1879.05888071973,0.584579525589561,0.615800310338824,-0.614421619354125
-0.403420575926479,0.45397462429352,1879.21083523665,0.151954516918977,0.505730818710453,-0.812909835530139
-1.9740334259212,0.31801208039069,1879.47120295474,0.260367718088901,0.253188496078397,-1.07462218933804
-0.422221236124671,-0.0970478211885682,1879.73802121024,0.266818255505541,-0.0933456431564117,-1.47981476173933
-0.30905046455952,-0.558314782479142,1879.98142813351,0.243406923272914,-0.430498352744176,-1.25190129644889
0.321069257696482,-0.85959743665596,1880.44169976842,0.460271634906348,-0.752492660716337,0.00241589521857099
0.1618243931801,-0.431497865377897,1880.84716054009,0.405460771672551,-0.483704418466563,1.13087511241248
1.38403069730512,-0.171073977340216,1881.08960639999,0.242445859894133,-0.190095993978803,1.24391352698348
1.89386161035542,-0.180344372151157,1881.11151942942,0.0219130294360639,-0.162563447005868,1.26877862536573
-2.48069737643632,0.0916598101805951,1881.35808156952,0.246562140097922,0.19005362073966,1.55502193582044
-1.00173095739677,0.413945759835687,1881.92351064449,0.565429074971235,0.43478849816188,-0.678495571119407
-0.535567967823915,0.194420210765831,1882.14684096128,0.223330316786587,0.242576860368936,-1.00948247343159
-0.509328497031802,0.182985963845163,1882.18510455872,0.0382635974387995,0.203549048454197,-1.02966858681095
-0.543709796765209,-0.236436417133658,1882.58446092948,0.399356370758369,-0.216922177481366,-1.01651409468302
0.715558757837523,-0.560221562980832,1882.93930577225,0.354844842774583,-0.527622911325081,-0.666770286142852
2.350663721435,-0.596176534477425,1883.01276545767,0.0734596854149459,-0.568783314734353,-0.45185756151281
0.422740241321434,-0.0814983492918598,1883.65587408253,0.643108624864908,-0.04840750153546,1.69569679550029
-0.124827924399105,0.470120013862032,1884.01915765798,0.363283575451533,0.51785409345505,1.3251379622828
-0.798935178015717,0.788492854491789,1884.3801705159,0.36101285791392,0.782200733966137,0.0356406084367301
1.24238651132132,0.604014284787183,1884.63051416963,0.250343653731761,0.654337542785261,-0.981411458142686
-0.643658929711089,0.552191609160083,1884.66118826731,0.030674097685278,0.623815540074254,-1.00732201194831
-0.595271048779895,0.11062782318252,1885.03335775524,0.372169487922065,0.137854106867774,-1.45511551970174
-0.411325672373666,-0.667866334209919,1885.52805222913,0.494694473899244,-0.536963015499267,-1.11796361416243
0.221466529150036,-0.662641606735615,1885.71888261821,0.190830389075245,-0.706955053528112,-0.62845327976422
-0.900535367057582,-0.506763468594917,1886.25349966118,0.534617042970012,-0.528218258823982,1.07028448969531
-2.17665243484403,-0.0901540149891924,1886.7944955113,0.540995850119543,-0.0153856512571188,0.692848554475584
0.868922631720906,-0.0445123957167087,1886.91199363131,0.117498120007667,0.0488221310733652,0.400390494668904
-2.33073134244616,0.284596477356453,1887.29004205818,0.378048426870237,0.230263598248936,0.528855223672581
-0.403720357931633,0.303311316766825,1887.41182876963,0.121786711453979,0.271648162504216,0.152109433704297
0.103508409081784,0.16833491862783,1887.79700843955,0.385179669922991,0.250717962259445,-0.243706407788652
-1.8079768025527,0.0461746824125143,1888.14349752759,0.346489088036833,0.15111589597367,-0.31405346889518
0.906353438135607,-0.3579777191412,1888.82137550881,0.677877981223901,-0.404448552447424,-1.12467335098171
0.0166282169557533,-0.515832872211099,1889.35451021168,0.533134702862071,-0.568033888953933,0.527085520232573
-1.57463831199344,-0.482926129691623,1889.53459982926,0.180089617578005,-0.448336764183075,0.777108449671267
1.53470205924809,-0.154323518966455,1890.04496956934,0.510369740087299,-0.18192096367262,0.213502116211431
-0.508806947897893,0.0531803023416611,1890.40418476121,0.359215191872636,-0.000728180931734172,0.755251811422288
-0.0236634116839005,0.0569870861634025,1890.46560793597,0.0614231747565555,0.0439539114833479,0.699004776698118
0.196407772639475,0.0771564366301508,1890.77357607529,0.307968139318518,0.23178660136003,0.503366413598011
2.04734622011126,0.311343393964183,1890.93428402398,0.160707948693471,0.304414614874758,0.395930756806304
0.349592344246522,0.514842528295512,1891.32069754596,0.386413521973964,0.516974625800459,0.633949897434845
0.347712700262343,0.619036443653399,1891.62534144923,0.304643903268698,0.620769101213462,0.0257972752347799
-1.8777903958215,0.503248920366864,1891.71575311439,0.0904116651611275,0.614655274758234,-0.158940507153153
0.0539777331119056,0.152146942236871,1892.17677792305,0.461024808659886,0.185129938789,-1.48668347596329
0.120297654229125,-0.360058193876535,1892.60886866861,0.432090745567393,-0.382934834750838,-1.05832925729869
0.978266271920067,-0.579805332195388,1892.92718459842,0.318315929801656,-0.614538374602658,-0.342304764101368
-1.65966419130595,-0.351793348160955,1893.44598514342,0.518800544999749,-0.36889434234244,1.08705030587201
0.00597080290074898,-0.167130173798003,1893.56439951653,0.11841437311341,-0.249585763121715,0.921650683367336
0.35554666718668,-0.169801863816153,1893.74447146599,0.1800719494654,-0.0840397056184251,0.905161484137689
-1.17806830325412,0.198136917571813,1894.07896148233,0.334490016330392,0.21158374093448,0.829304308998521
-0.68427885951202,0.420055261445231,1894.37930591788,0.300344435550642,0.363322552333983,0.17219400045402
-0.255602244021162,0.133080626513979,1894.77691676962,0.397610851748368,0.302997171166075,-0.439633327195838
0.777827380676603,0.165126675951653,1895.05315188367,0.276235114042265,0.158192531025865,-0.586466327120988
-2.17570701446984,-0.0118666620783126,1895.57011827179,0.516966388119044,-0.0321394149136457,-0.135487061592654
1.81773568316515,-0.512232309686807,1896.26517041548,0.695052143690646,-0.511231535733887,-1.01549097259446
-2.04584091114346,-0.512346009914693,1896.69215951329,0.42698909781052,-0.557303134306085,0.756967561846722
-0.164777592326819,-0.401262663215201,1897.0063219964,0.314162483115297,-0.36064812709198,0.450075155300525
-0.72173278554043,-0.0939413663006324,1897.61897488916,0.612652892758888,-0.0465740816259773,0.48563996191073
-0.546950308623061,0.12576471461529,1897.75621494899,0.137240059824308,0.0116691704425603,0.361882787700282
0.502220802948725,0.0315329905184745,1898.37986329372,0.623648344731464,0.0870797401702309,-0.111219831391571
0.826742238258768,0.0124748532160176,1898.81984687488,0.439983581167326,0.0743533496400731,0.0493690999929284
-0.83089491604669,0.283044340606574,1899.52996538638,0.710118511491146,0.237450091735125,0.345762527738139
-0.296845823363128,0.256224327969569,1899.60786129914,0.0778959127687813,0.259684339782405,0.225039248862663
1.73602491192759,0.281728239089506,1899.94421925678,0.33635795763621,0.278369906306058,-0.107795971207897
-2.33906337151114,0.384409434333287,1900.41163505595,0.467415799170112,0.340791161961164,0.340547344210459
1.39890341848725,-0.0721820852570893,1901.08954342767,0.677908371718104,-0.0977860161465188,-1.39792387063337
-2.0023138663816,-0.076402342800377,1901.09954342767,0.00999999999999091,-0.111650306885362,-1.37489466051254
0.895582439349244,-0.551955656234052,1901.4131087868,0.313565359128688,-0.572813461352433,-1.46912764342901
0.154521072977774,-0.635080907358954,1902.00180636715,0.588697580351436,-0.631651559906743,1.17848180073418
-1.59047285624718,0.0134067529542806,1902.52568814695,0.523881779804924,0.0888412663702347,1.34112099470172
0.592086931447217,0.213777127589449,1902.65583876927,0.130150622316023,0.242121508237173,1.00974199138598
-2.25125380455663,0.398823368995923,1902.85912620197,0.203287432701018,0.433628914038123,0.852544543659847
-1.13506509005755,0.48562425383927,1902.86912620197,0.00999999999999091,0.441956305975252,0.812909217084061
1.44358260024826,0.46140866195853,1902.87912620197,0.00999999999999091,0.449942081905271,0.784209131308851
-1.92634144412452,0.536871994197044,1903.10235418425,0.223227982277649,0.609997733111061,0.615458176806215
0.818916602795101,0.608122755561538,1903.48801209982,0.385657915572892,0.514839640808796,-1.0091848598159
-0.808256914813079,0.26660832973599,1903.76433657435,0.276324474524699,0.239077319622567,-0.93535436659971
-0.820192201693068,-0.436791848812173,1904.48981890653,0.72548233218572,-0.505678734667912,-0.871657581104264
0.952195131577052,-0.72576951688088,1904.82051282741,0.330693920882823,-0.698884713355861,-0.232072390345824
-0.803268230785282,-0.520266937261384,1905.23042069989,0.409907872480517,-0.482511797893299,1.12185047971164
-0.183255649893454,-0.0911667840294377,1905.55656664261,0.326145942716494,-0.135377903457909,0.945550327792139
0.0925286193418409,-0.0606246008409408,1905.65565782813,0.0990911855190006,-0.0438116149537276,0.89977636776575
-0.0257702089822449,0.16688301563591,1905.8998926493,0.244234821165264,0.164037514917344,0.786824844159985
0.462596195463459,0.310272332431298,1906.15136388973,0.251471240435194,0.333527843143197,0.545124222891065
-0.0573975620665907,0.266805509776114,1906.16136388973,0.00999999999999091,0.338945777813171,0.538424635636143
-0.822076414993058,0.490436173489922,1906.50734362382,0.34597973408745,0.445881994868965,0.0661026476194452
1.32133530347597,0.44291493649199,1906.76022344937,0.25287982554778,0.396308710495834,-0.437499381962001
-1.05584527043574,0.247433261309497,1907.1727667354,0.412543286035998,0.267203020677843,-0.165653584357805
-0.654194424622984,0.237142179886575,1907.1827667354,0.00999999999999091,0.265466543646399,-0.181613742541601
-0.894721767687989,0.294768038925602,1907.20982282006,0.0270560846572607,0.260121862224835,-0.213325196129118
2.21671809434469,-0.0807725747355718,1907.82799590085,0.618173080789347,-0.0753213720159902,-0.763564338246553
-0.00264193709086633,-0.212821559109815,1908.10936204668,0.281366145826951,-0.181715286306907,0.000787333877177657
-0.949337024173002,-0.278968988228446,1908.2340260928,0.124664046120643,-0.178655754087346,0.0476498628385019
0.617578966652081,-0.248497847743799,1908.39841076051,0.164384667717286,-0.178588024493253,-0.0455498325273988
-0.0128646541037943,-0.0790205488759422,1909.06878596127,0.670375200753824,-0.0146305777936036,0.464112847759582
0.00391679028446634,0.137021485358424,1909.42353533377,0.354749372507513,0.1308807198146,0.341995270824592
-0.0654102422983441,0.0404476689190578,1909.57763405167,0.154098717891884,0.178040050458253,0.268148250325414
0.400356977152591,0.16640965735197,1909.95335245257,0.375718400899814,0.235458124596986,0.0352165346632883
-0.342534801527866,0.236001015325778,1910.22961279795,0.276260345380479,0.239355663761689,-0.00654533785093893
0.169008075759034,0.248011394543798,1910.63219001814,0.40257722019669,0.17209049629666,-0.305303289075327
0.145940561072,0.0713789542890706,1911.06510338942,0.432913371272662,0.0446866817963934,-0.264580805687716
0.129726723603327,0.0306909591434402,1911.20156730947,0.13646392005603,0.0105130488071161,-0.235044300072145
0.0478203613506228,-0.0437365815638753,1911.50795888734,0.306391577872091,-0.0494097893404409,-0.152072237187901
0.698772834414018,-0.0914226376000608,1911.8366189279,0.328660040551767,-0.086415547072319,-0.0711355825685748
1.04422267311417,-0.0388192102865097,1912.16366683813,0.327047910230249,-0.0635602742028694,0.200822402287652
0.92431916517543,-0.0520670272488842,1912.40118666559,0.237519827464212,0.0120651322256519,0.425446814767988
-0.321930051985198,0.133310657531941,1912.75175761102,0.350570945429808,0.194299058090975,0.586172907650793
0.470367078226561,0.299140945837292,1913.16785325714,0.416095646121448,0.338696225044542,0.0932670724445292
-0.867578327230439,0.375130142588368,1913.47834365001,0.310490392863812,0.346090848865871,-0.0435078854792421
0.0266444561716318,0.224287875048055,1913.82408281591,0.345739165907844,0.236919499832386,-0.551890597942074
0.363170356168331,0.154855028680494,1914.01911481159,0.19503199567248,0.126707635258813,-0.569036631771101
-1.54619611305293,-0.0197657437992171,1914.30172977193,0.282614960342016,-0.0153083774544,-0.425599233949216
0.558446711391202,-0.04347306914385,1914.31172977193,0.00999999999999091,-0.0196293317751091,-0.438554629236578
-1.62629980435813,-0.125216023793194,1914.7756584346,0.463928662673197,-0.130629344870595,-0.0374026462692324
-1.4442642978905,-0.354781116501074,1915.37569749223,0.600039057626418,-0.352522795521433,-0.609536348107382
-1.3770806321281,-0.681917625668998,1915.89699227623,0.521294783998655,-0.633048910670251,-0.333518442735833
0.347360896198256,-0.67452124277108,1916.10607999561,0.209087719385707,-0.671635393557836,-0.0294915252831971
0.545589389884786,-0.368857036709511,1916.63009609351,0.52401609790013,-0.339979522734392,1.05529828367886
0.385870475878474,-0.112060220040972,1916.89310589889,0.263009805382353,-0.0428626147000057,1.1673778456951
-0.935128727333601,0.542182599287922,1917.39956653423,0.506460635335998,0.482315196601998,0.787683749304317
-0.284001545922809,0.503638725773053,1917.67043262803,0.270866093797395,0.584244422256178,-0.0459122625726846
0.467203007408518,0.401068765230662,1918.08928027246,0.418847644432844,0.387229427864157,-0.786977914820743
1.18492370357721,0.0852825473213572,1918.47130744197,0.382027169508092,0.097025623017346,-0.681381440216967
0.496805339752182,0.121391820445514,1918.48130744197,0.00999999999999091,0.0902783073049626,-0.668084447325321
-0.120539160093055,-0.0952238638960532,1918.89302575906,0.411718317088116,-0.120157737283195,-0.336065658919189
-0.681100841071995,-0.162519658017929,1919.0659422074,0.172916448342676,-0.173345068442349,-0.276407448609146
-1.91840243051819,-0.280037300115435,1919.39993289165,0.333990684252967,-0.270225748190066,-0.288520864818888
0.456850873580001,-0.308824332700083,1919.54093802487,0.141005133212957,-0.321451502678302,-0.432375367603019
-1.67236892487835,-0.316641502639322,1920.20614844277,0.665210417905655,-0.284321430460219,0.47522881031544
-0.290657256486342,-0.0929902379442236,1920.60868089721,0.402532454437733,-0.196676059335141,-0.0388310383408503
0.418838044512818,-0.243393574111983,1920.72425342566,0.115572528447956,-0.200092181894827,-0.0202926811200342
1.66547775851431,-0.088691272538074,1921.15632163419,0.432068208534929,-0.135507064769669,0.296175509671877
-0.27286295507529,0.0719323109576415,1921.52598574753,0.369664113340832,0.0820040727983321,0.836177705416008
-0.561636307996725,0.367630884292142,1922.01588856002,0.4899028124903,0.364202218334007,0.271590466690355
0.665560641136854,0.427920211336433,1922.14808524603,0.13219668600459,0.385519618202332,0.0514084108521388
-0.377533970879195,0.356574240473545,1922.30026288594,0.152177639914044,0.388540107315701,-0.0112413613938071
0.613933387710124,0.418802165929252,1922.38844073148,0.0881778455395761,0.382043833317109,-0.134779423651686
-0.561016088399703,0.342219196729059,1922.55897579132,0.170535059837448,0.354444673061358,-0.185015378659138
1.46863312256386,0.0625167249444756,1923.03066755086,0.471691759538544,0.141888056578441,-0.646408441972174
0.43677303853833,0.0639840246035987,1923.69208420578,0.661416654920686,0.044852050642081,0.320563201542613
0.0378868704523631,0.18352314284794,1924.25692552456,0.564841318780964,0.232842633733917,0.304289146271468
1.51828166842652,0.278253637090002,1924.38559895516,0.128673430602475,0.266500175140965,0.21766853309688
0.365768385707238,0.338365083158802,1924.55231585912,0.16671690395674,0.312764031501137,0.331546127150371
0.830613466930668,0.432280503737147,1924.80908294939,0.25676709026925,0.376711710695612,0.15979159965328
0.804577387783177,0.258217771056308,1925.00710915854,0.198026209152204,0.402458157434661,0.0976152343497826
-0.262741036864581,0.426761522469722,1925.53347054642,0.526361387881707,0.401414593821739,-0.0924699667720401
0.45407195412517,0.360904309084688,1925.70208920338,0.168618656957733,0.367759907079238,-0.299767258429202
-0.604007201389754,0.324030601899923,1926.0810784427,0.378989239317889,0.238941421891523,-0.350547158753468
-0.985423025980741,0.0714260678030467,1926.34295596333,0.261877520632197,0.118302076433547,-0.553160880397327
0.932498066397875,-0.132272760339068,1926.77508206273,0.432126099399738,-0.186680222881061,-0.803223443738623
-1.8158642753015,-0.3869660412684,1927.00701493416,0.231932871434992,-0.324016502712083,-0.373269257219228
0.624382414887676,-0.55121782550592,1927.4238629767,0.416848042540778,-0.524649932281931,-0.517810097275043
0.483856560318775,-0.628714016042305,1927.55408677205,0.130223795347092,-0.569069301704825,-0.161942026965796
0.354047247803237,-0.576009352560053,1927.69872141464,0.144634642584151,-0.565461502601241,0.206763319773792
-0.265598519327051,-0.438855530129229,1927.91028866531,0.211567250674307,-0.475519734485464,0.616637043795141
0.668785564756322,-0.375331336692645,1928.18723779782,0.276949132515028,-0.282092038301855,0.739701108535146
-0.0778391084051254,0.174913090612889,1928.69774839385,0.510510596020822,0.168272504874041,0.931063307783992
0.425317637339465,0.46443821272128,1929.04848844662,0.350740052774881,0.425594111842485,0.496871094364137
-0.0833075740229195,0.589570556654456,1929.38540380856,0.336915361941237,0.523605469587825,0.0667500398578307
-0.155894896433346,0.512579456422749,1929.75752293221,0.372119123649554,0.4307230596741,-0.514922825954903
-0.39737528821241,0.381093834518079,1929.80394916114,0.0464262289315229,0.405618425894894,-0.56547296513599
-0.221811053830587,0.259366260911572,1930.07915193513,0.275202773983892,0.212929843014512,-0.798505941368873
0.379864986191684,-0.151611868102771,1930.50025042331,0.421098488181769,-0.125745300792851,-0.760843198443455
0.344631235329712,-0.252414002991421,1930.71202415928,0.211773735973793,-0.262137933147039,-0.519032837444825
0.646557661093152,-0.3513778337089,1930.8727596302,0.160735470915597,-0.329226322674298,-0.312510605299739
1.25339187184968,-0.329331231017749,1931.29258684494,0.419827214744373,-0.319410580110371,0.333595403374001
-0.406086617997201,-0.217641696873801,1931.49338938494,0.200802539997312,-0.21745002808722,0.665685808446353
0.163143050520671,-0.0565680036620087,1931.77205288709,0.278663502154814,-0.0468354978262736,0.543638223858659
0.352237551248243,0.11133083100811,1932.00517850042,0.233125613323182,0.0772932618114321,0.512147347528238
-1.48719772590229,0.317033060315092,1932.49404662627,0.488868125852605,0.300111805684478,0.358178214424388
0.0966190912474442,0.187229933117167,1932.99617936461,0.502132738341061,0.196671775081351,-0.697207782121511
-0.0587650565167442,-0.0229422583108495,1933.24341037046,0.247231005846061,0.0287116493237628,-0.647273507122456
-0.87414464330301,-0.0192351343424932,1933.30323431923,0.0598239487762839,-0.00959783914999261,-0.632785384072006
1.80489244803565,-0.35200362146094,1933.69321593952,0.389981620288154,-0.281266392502862,-0.715656837499011
-2.31465471153745,-0.457374262977761,1933.92733741995,0.234121480423255,-0.37010627209979,-0.0436713260544298
-0.189283736532806,-0.609892414747294,1934.52026928611,0.592931866163553,-0.571345013602413,-0.504993041188522
1.51516682661038,-0.629883763565299,1934.96961952898,0.449350242868604,-0.571718284481067,0.465328745480812
-1.71646601852483,-0.524553337797628,1935.0998887052,0.130269176219599,-0.48455570836568,0.856787665300733
-0.510015982593484,-0.34014757292494,1935.29227384737,0.192385142169996,-0.335345615707271,0.675651991076855
-0.144560537106903,-0.327291481877911,1935.43419854069,0.141924693318288,-0.240433540939689,0.65481591035646
-0.272217621051684,0.127011261034058,1935.921801693,0.48760315231516,0.0587522199474246,0.524328737878123
1.04477569408331,0.0639207942495989,1935.99262818539,0.0708264923923707,0.0942076067090167,0.476288589355581
-0.912747256821843,0.343163845762617,1936.45341050381,0.460782318413749,0.354331702778838,0.591883618354854
0.153061412778462,0.409178906248813,1936.47087477553,0.0174642717215647,0.364341053975833,0.554334540166283
0.119508281586777,0.452632706921016,1936.60670291523,0.135828139701061,0.42887650908876,0.391352616111212
0.117637462099144,0.416101910088077,1936.97948152041,0.37277860517861,0.477121951878929,-0.131698901751731
2.7915936012899,0.466047390404174,1937.05089302298,0.0714115025700721,0.464456599140248,-0.221671024147217
-0.535068183299869,0.599651503278796,1937.58200653135,0.531113508374347,0.540303775354303,0.438472793834969
1.48990697231561,0.418954686423986,1938.08394897094,0.501942439584582,0.442027639859266,-0.727310267455005
-0.1382141443551,0.325621052457762,1938.22118914708,0.137240176140267,0.348543875513539,-0.626885813007042
0.819747467523309,0.203066720975934,1938.47956958642,0.258380439342318,0.169420648193891,-0.733772993518202
2.19328294092772,-0.0435214123121088,1938.80774129564,0.328171709225671,-0.0210519397953052,-0.413920949058244
-0.292318073156625,-0.141898411377313,1939.15098049901,0.343239203369876,-0.0244505706461349,0.371872932165981
0.509484348968889,0.0152198274557017,1939.16098049901,0.00999999999999091,-0.0207533899254597,0.367571514495442
-1.40249134610831,0.104935244265238,1939.17098049901,0.00999999999999091,-0.0170594506384293,0.371170114239992
1.90475563615052,0.0299990026770808,1939.47404008673,0.30305958771828,0.0252703510137054,-0.0845358471888853
2.04911609814554,0.0879438079907017,1939.76358685394,0.289546767209231,0.076193148710687,0.419059637821235
-1.78941214304325,0.11419892786187,1939.77358685394,0.00999999999999091,0.0804676025355121,0.435812298348623
0.513275222958622,0.228827064222207,1940.00004297354,0.226456119597742,0.12427987127564,-0.0434077318379064
1.19493200908255,0.164803054946674,1940.26871343374,0.26867046019629,0.12234942832935,0.0276319118638896
1.33160453222304,0.0942416391145323,1940.48255742137,0.213843987630526,0.148452722938035,0.211106841041151
0.64303112685091,0.232461119378999,1940.84847234243,0.365914921066405,0.277656935682826,0.466060430996913
-0.167080560774669,0.374787198793325,1941.2110267152,0.362554372771683,0.419427743470021,0.288005096922649
0.344688376045021,0.33545675821493,1941.69191646602,0.480889750814868,0.386963704275338,-0.382851495805308
-0.94391658860201,0.298955091194668,1941.99314690011,0.301230434092304,0.255944535760096,-0.461438897480889
0.257569161918547,-0.0806696927736788,1942.39613204196,0.402985141852241,-0.0139382056945645,-0.823756030523895
0.677747221983611,-0.144902553234426,1942.60156541381,0.205433371847448,-0.166672326081443,-0.654805903381195
-0.314871529910199,-0.114895371339671,1942.61156541381,0.00999999999999091,-0.17315211420152,-0.641136019141817
-0.00581951601462538,-0.41346840688018,1943.05281759565,0.441252181837399,-0.399074922058408,-0.338318509210237
-0.153744703728429,-0.401466321113771,1943.15094365103,0.0981260553778611,-0.425999791852459,-0.209519650702362
-0.460163839580993,-0.417439127794838,1943.4622381076,0.311294456573478,-0.43376707753007,0.152055393352279
0.568590462411121,-0.210448176027391,1944.19736103347,0.735122925872247,-0.20915876558729,0.343036424181861
-1.5168855892143,0.141960647383429,1944.8260011732,0.628640139724894,0.11994487674941,0.615231690317597
-1.49116637881066,0.163129174145329,1945.34790986606,0.521908692864145,0.163704916461588,-0.411270146125502
-1.90492461522464,0.170548011332903,1945.45720803631,0.109298170249531,0.109392947506278,-0.578794871569383
0.0667906553616833,-0.168422954466879,1945.87086500174,0.413656965426981,-0.259688711915223,-1.13098449056724
-1.15480073059666,-0.475922069816074,1946.2277101023,0.356845100557393,-0.561011604716016,-0.491283144324447
-0.457251947753782,-0.644673671218704,1946.67515035792,0.447440255622951,-0.643272459145535,0.147095561109013
1.30704667580948,-0.359902211218346,1947.14203523915,0.466884881235956,-0.405525889100828,0.727065350682714
-1.08486508454809,-0.468874398425613,1947.15203523915,0.00999999999999091,-0.398151501787787,0.74770755072949
-0.603841077290496,-0.254926979494109,1947.45294425312,0.300909013960563,-0.199947515670246,0.541544563375853
-1.08130136172986,-0.0786265022001974,1947.72083684331,0.267892590192105,-0.0736239064870335,0.392000484167443
-0.750838964492837,0.0403353165857806,1948.37056450514,0.649727661834277,-0.0509515644713981,-0.289351721834312
0.212843433888089,-0.028140772272798,1948.42917554558,0.0586110404346982,-0.0687473488389227,-0.317399681123398
1.97601474207567,-0.0720442312061337,1948.53352308775,0.104347542169535,-0.0990162317516561,-0.262127614543304
0.0884286259904403,-0.196449439896323,1948.74526385954,0.211740771790119,-0.104047429129625,0.206693058861445
-1.13917313521945,0.121683519294455,1949.19012246544,0.444858605899981,-0.000323642685644067,0.242418690337144
-0.32590519779088,0.0101234125285565,1949.54867481243,0.358552346992838,0.00833122703277614,-0.182381040788255
0.11623781479215,-0.0537704443268383,1949.90499128047,0.356316468039267,-0.0687868836148593,-0.239494254820602
0.124465006542329,-0.0953302359745224,1950.3299091441,0.424917863633482,-0.133891867965046,-0.0631973121682735
-1.19100291659462,-0.102003925184588,1950.55237340072,0.222464256613875,-0.137396005252893,0.030252584906401
-0.849987821585193,-0.232341854157221,1951.02244262169,0.470069220977848,-0.214326556247543,-0.328524701744278
-0.062637875112216,-0.298109844356531,1951.13763457131,0.115191949613973,-0.253291917161146,-0.345726959529915
0.362239776932078,-0.272122583728475,1951.5110156057,0.373381034397653,-0.32939792588709,-0.0552300909313866
-0.678158923136617,-0.295629475272124,1951.78410565826,0.273090052555744,-0.301041617555887,0.251288702732667
1.30988443264055,-0.235961568330033,1952.14554735113,0.361441692865583,-0.219983966414818,0.184477303568393
-1.13276203882828,-0.0120872853675597,1952.46970670854,0.324159357409371,-0.0793552861333142,0.652233923310702
0.537719191772631,-0.0135677407413755,1952.68970405802,0.219997349481901,0.0318078525345067,0.355580484357938
-0.863500386050274,0.0913053466715248,1952.69970405802,0.00999999999999091,0.035378112216847,0.358477814579832
2.59374789851287,0.0403733963703086,1952.90399551526,0.204291457241652,0.0852929333005063,0.130565926388916
0.27029985934906,0.0779483981163432,1953.11438070996,0.210385194700166,0.162274335700718,0.587205317099673
0.727507262869867,0.31092995776224,1953.41605103211,0.301670322150358,0.317002875675251,0.420185109220939
-0.197184561215025,0.426183708493966,1953.52219401725,0.106142985139286,0.359781857363925,0.383373759609242
-0.684384767402784,0.488074032639509,1953.68485780028,0.162663783026574,0.403929193184965,0.157452969326558
-0.551114353472312,0.525362613822001,1953.84302668794,0.15816888766858,0.405435834946223,-0.134709250455305
0.797239614067586,0.308657606527995,1954.15090027553,0.307873587584936,0.295585516007871,-0.545993718552013
-0.621047530079236,0.0704063616060795,1954.50183626801,0.3509359924808,0.134694786950223,-0.351260744313378
-0.308125734651278,-0.0830531871405957,1954.77759530151,0.275759033495888,0.0143365690627451,-0.506446742923604
1.59773448303752,-0.138123427171028,1955.26756969603,0.489974394520232,-0.223827766752716,-0.425557261640146
0.790045662525902,-0.244265615525555,1955.74364485983,0.476075163805945,-0.176393758981418,0.573859071844879
-0.245006316640607,-0.225157202231775,1955.75364485983,0.00999999999999091,-0.170611203278691,0.582604743273726
-1.25329710238807,0.0902374749840727,1956.32145925289,0.567814393054277,0.101612000957856,0.334464957070152
-0.746705873708033,0.0970524573836377,1956.62404559572,0.302586342838595,0.129795155972214,-0.13932262827982
0.523367989883008,-0.038916647999912,1957.03770034928,0.413654753552919,0.00199892500614129,-0.449248916766965
-0.514321072637026,-0.146205090032637,1957.40158145426,0.363881104979782,-0.109206942271728,-0.156950733556389
1.39158677662476,-0.0850657086542648,1957.49034216259,0.0887607083352577,-0.123916078226902,-0.173872431677191
-0.843240449250959,-0.0581853569684152,1957.86170059331,0.371358430718374,-0.0755642487219866,0.409458485295895
0.587683766106767,0.00867868724354038,1958.31806998195,0.45636938863754,0.0155638394349835,-0.00804178748978517
0.385721719479603,0.120759126172825,1958.36271987031,0.0446498883604818,0.0157594624852297,0.0167085711289672
0.71597210623306,0.0122360192176541,1958.81056203125,0.447842160943992,0.0539543986458249,0.143307219557982
0.585615628059446,0.176898977064007,1959.17499050252,0.364428471264773,0.136654621766093,0.295122772523257
2.19073370385282,0.247056173746453,1959.54843608762,0.373445585101081,0.250740274766767,0.297416282704112
-2.23371032793401,0.469625624538035,1959.96333013682,0.414894049199575,0.475026571081866,0.707634117037372
-1.20027912452695,0.447099856081866,1960.30327893397,0.339948797147599,0.480197947181898,-0.639855004571297
-0.546076115365029,-0.284385621168157,1960.99964184702,0.696362913050052,-0.305544440711825,-1.32884447643411
-0.317148569824306,-0.768577327902709,1961.50836839775,0.508726550734309,-0.756510679665563,-0.222238560327624
0.924799528445765,-0.810606654603461,1961.51836839775,0.00999999999999091,-0.758559399270457,-0.187495682923815
1.11024985769926,-0.449216794897398,1961.99800550386,0.479637106112705,-0.399593350978612,1.38624086186455
-0.312092095984553,-0.0138805916479621,1962.29907466706,0.30106916319869,0.0623647059746649,1.61630459722281
-1.45131439856585,0.0893640756775201,1962.36628823017,0.0672135631118636,0.168048854361658,1.52631099722193
0.775862990504892,0.147915541164656,1962.37628823017,0.00999999999999091,0.183183077604577,1.50052051907796
1.51582891814811,0.786609591776923,1962.85967744755,0.483389217376271,0.768018748349598,0.6658113057002
-0.15729406464507,0.817561813315526,1962.99226172789,0.132584280341234,0.831311903654015,0.276902683746688
-0.0499282193844852,0.543028018712903,1963.40460957802,0.412347850124434,0.586203915149355,-1.23240010957142
0.249476138127345,0.0802665089003199,1963.82307245335,0.41846287533258,0.0178092666536515,-1.33583100036288
1.71676691320013,-0.455149022460029,1964.17422506852,0.351152615174669,-0.380896662965656,-0.885796492012557
0.0200451553508457,-0.422106150638248,1964.65345302768,0.479227959155878,-0.425994414276851,0.651806900280923
0.791229053802038,-0.0548818528060349,1965.09156857982,0.438115552139834,-0.0939332894275354,0.783079466970549
-1.43515519148558,-0.0677211183275345,1965.1080732569,0.0165046770830486,-0.0809301686543682,0.792553968935578
0.685596239428184,0.15700688928214,1965.55825849474,0.450185237840742,0.101460858992503,0.019046537970717
0.154827301559235,0.162562291311218,1966.07709329504,0.518834800293916,0.165571132736416,0.207172414731101
-0.512295311893524,0.221202753385129,1966.15669817562,0.0796048805825649,0.181075956927109,0.182034559164698
0.129100703798215,0.184758903086879,1966.52911843538,0.372420259763885,0.182079793386397,-0.16586958386099
0.248097003612314,0.13536503432672,1966.62558019984,0.0964617644567625,0.165307465432808,-0.18109856854166
-0.0797269602459189,0.208740623867142,1966.78249171584,0.156911515997763,0.136987123560141,-0.178185757682339
-0.748296143879567,0.0615088101418472,1967.12203097485,0.339539259011872,0.0641147723482319,-0.2403516464937
-0.00655892489894134,-0.100314469640765,1967.56241694147,0.440385966616077,-0.10148521365725,-0.478108280471905
0.299481902526055,-0.153438666451315,1967.8876655872,0.325248645730426,-0.229373854941342,-0.296292177206612
1.60792952992166,-0.297641025995302,1968.11785972038,0.230194133182977,-0.271557422807157,-0.0697705479005132
-0.880971209081634,-0.294861372354655,1968.32093082364,0.203071103256434,-0.240330436330664,0.366685876252968
-0.221209948433434,-0.158516200875743,1968.69821494731,0.377284123671643,-0.143569559982226,0.138035912060994
0.843571920005477,-0.134101750026712,1969.02924897245,0.331034025139161,-0.09907021990381,0.125686383886282
0.0205382943026358,0.0113763763039496,1969.35371547062,0.324466498170295,-0.0115118940756323,0.39682231032575
-1.00132461604287,0.0485699490524899,1969.44727049396,0.0935550233484719,0.0248391440738434,0.379274450654102
1.53341341640634,0.0251747544920422,1969.90588218697,0.458611693007015,0.0704244089608261,-0.16653002932859
1.56584785633136,0.216614507485147,1970.59605064168,0.690168454708555,0.260995797236741,0.62017533083805
-1.66573096910867,0.640493057295856,1971.13508874461,0.53903810293059,0.616423930638958,0.537855115750905
-0.197745292485425,0.609646038288613,1971.3960273441,0.260938599490828,0.609561945819118,-0.563655377072049
-1.87547247125425,0.541423090640585,1971.41821269659,0.0221853524906237,0.596508983523658,-0.612621153080347
1.96941636386857,0.444948186215355,1971.5891952578,0.17098256120903,0.441643168623507,-1.16384666028512
-1.03202098707947,0.168437347253607,1971.87108066225,0.281885404448985,0.176126975454247,-0.688483565721599
0.233687255624721,-0.287139833128902,1972.35054967633,0.479469014080223,-0.237490762478452,-0.954703301699496
0.0571231537498469,-0.377895198645276,1972.54095560696,0.190405930630504,-0.394075563797695,-0.676873733565417
1.05529179066115,-0.585630612085048,1972.92098750375,0.380031896785567,-0.527990373576459,-0.00345746218549371
-0.86719350371532,-0.404003085456917,1973.24495856573,0.323971061986867,-0.394175004449831,0.769099322202232
0.861172193345041,-0.121191951814298,1973.52777314363,0.282814577900808,-0.192916046177663,0.626098894868557
0.2825274043129,0.0772672213775175,1973.92875226512,0.400979121481669,0.114772133779971,0.857379962777133
-0.66767967332523,0.150126901939501,1974.01446009203,0.0857078269107205,0.186668855431673,0.818171670834113
-2.1642282255958,0.440419140293999,1974.30689527596,0.292435183931957,0.357454065260412,0.335016396337501
-1.82639057910751,0.34775039773421,1974.53432621482,0.227430938857196,0.350928575844315,-0.377814646590352
-0.0762452291143201,0.242370685684599,1974.61794640974,0.083620194926425,0.310679561259876,-0.58134892403604
1.29366705949325,0.0576622967130432,1975.10755021567,0.489603805923707,-0.00260408787797076,-0.633546178404242
1.6896862761477,-0.153899753481322,1975.54209551445,0.434545298782268,-0.123798754420207,0.0685891881309371
0.107721423708063,0.00505425573983714,1975.89445005267,0.35235453822429,0.00896127269461221,0.651405237361658
1.10670718395521,0.316514521523495,1976.42879703876,0.534346986084756,0.295045310556439,0.369145207124929
-0.326616951494309,0.528150630952988,1977.16204530124,0.733248262479265,0.525992481988222,0.137937226073406
-0.844320356702289,0.296769075200434,1977.7133512456,0.551305944363776,0.320569303480958,-0.743008985265868
0.68213443250626,-0.0517211739049235,1978.18933229054,0.475981044940454,-0.126401574872143,-1.04057291882564
0.34005423762686,-0.42214372499485,1978.56157332348,0.372241032936699,-0.398623102534733,-0.388217218385088
-0.540806649717856,-0.497905414922774,1978.57157332348,0.00999999999999091,-0.402422670060022,-0.371694640323659
-0.177897363389928,-0.500424247330669,1978.83043747985,0.258864156370009,-0.469585544461432,-0.138040844832993
-0.793012055481706,-0.443155808128032,1978.86419843041,0.0337609505593264,-0.473477845649077,-0.0925524325229997
2.40644866083192,-0.404180433973426,1979.04039192883,0.176193498426528,-0.478475787057415,0.0347401950673017
-1.09518312811057,-0.142206138938415,1979.46674063489,0.426348706053659,-0.157446179561818,1.33470758055731
-0.0811404093988561,0.310587569534577,1980.11429696475,0.647556329862709,0.339772077718269,0.133660918292427
0.185450781781385,0.361346052985347,1980.12429696475,0.00999999999999091,0.341057512570627,0.123428885487638
0.192235682124893,0.330535579211798,1980.18621773499,0.0619207702422955,0.347247966344933,0.0765211014591236
-0.155955502855013,0.328323730762581,1980.54025382332,0.354036088332805,0.329694165597689,-0.164538540740192
-0.939239287806352,-0.0584748011344135,1981.32266381836,0.78240999503123,0.0228635553792188,-0.490818388339169
1.25882167509175,0.0281252943317188,1981.33266381836,0.00999999999999091,0.0179185661501673,-0.498130566581676
-1.08460826669383,-0.0503484601595162,1981.62795953783,0.295295719471369,-0.06481994413549,-0.0647340071743761
-1.60707107789802,-0.0424122431451061,1981.90633152375,0.278371985917829,-0.11601567737245,-0.292740763998755
-1.73092610292539,-0.48632046830238,1982.5079951188,0.601663595059563,-0.452598323910717,-0.694871173262315
1.36671797315497,-0.66564988521196,1982.86700268684,0.359007568031075,-0.673411202821133,-0.450578888111265
-0.370890244931215,-0.707848912562215,1983.04140068759,0.1743980007559,-0.684035582880957,0.320227397442774
0.250374084892231,-0.590980060858536,1983.0527378026,0.0113371150043804,-0.68024951086693,0.347590034110278
-1.47597407890278,-0.656199426678702,1983.20429228007,0.151554477475884,-0.596073301934991,0.740794295289268
-1.29509249857607,-0.329012312874018,1983.76713674665,0.562844466580827,-0.236567590266073,0.396601388813559
2.2421733723006,-0.157779367305768,1984.20977872427,0.442641977614358,-0.158364845174876,-0.0415382755001786
-0.287287660829527,-0.10982169591604,1984.44446728019,0.234688555924549,-0.099768590045833,0.524544554849029
-1.24110352161161,-0.123228806910922,1984.45446728019,0.00999999999999091,-0.0945405030789734,0.521032379760367
0.746790477732935,-0.0303619705329513,1985.02267347563,0.568206195433731,-0.0103825874637141,-0.205927364567375
1.45334720011552,-0.0249518665729774,1985.22495841012,0.20228493449622,-0.034376506393227,-0.0326015403047642
-1.61670712883359,0.0753546524611706,1985.64376378083,0.418805370712789,0.0751039654945144,0.520461179434364
1.39813450288148,0.0994162059484773,1986.07120735807,0.427443577232452,0.116637235239498,-0.302975699689208
0.0511139817310752,0.123972361775357,1986.5652546626,0.494047304533069,0.120063959075635,0.291356281071326
0.278366361193482,0.234883000867654,1986.85617588426,0.290921221657754,0.188578635940902,0.174613077257271
-0.0533464317836084,0.222792877958439,1987.568260752,0.712084867741396,0.244490423231244,-0.0239299990515947
-0.133209713155447,0.24650499444845,1987.88325473564,0.314993983637351,0.209519024492046,-0.188606584523469
1.28026221333994,0.133642925030257,1988.35937535207,0.47612061643008,0.0770080466847457,-0.337264377523816
-0.534133303570925,-0.00646824935805033,1988.66106106446,0.301685712397784,0.0334058609011369,0.0430663252012355
1.24860761969089,0.0845846082380708,1988.67106106446,0.00999999999999091,0.0338054242273533,0.0368525036157815
0.108367029495254,0.0593351657853769,1988.81918204983,0.14812098536504,0.0516210209974948,0.200782733823341
-0.522200283481608,0.0312823847293076,1989.04344179177,0.224259741942205,0.0935912323812172,0.170800028248795
0.706198595325631,0.242450209543554,1989.45229629538,0.408854503607699,0.0988899065312561,-0.135116195968619
-0.18087965830823,0.124743411298842,1989.56600161268,0.113705317301992,0.0872110173594804,-0.070452030985002
-0.634124265378084,0.0722265859661599,1989.87443990573,0.30843829305104,0.0517857867153084,-0.153325166030246
-1.06499040298607,-0.181151327009644,1990.4358435854,0.561403679665773,-0.116362816604157,-0.401581305175248
1.04925230532761,-0.185776154533077,1990.64705304304,0.211209457645509,-0.213093328207332,-0.504349317944222
0.681939558743504,-0.318803525358423,1990.90241453044,0.25536148739161,-0.283397306232487,-0.047143653862568
1.18056206786936,-0.283662686480296,1991.19696384873,0.294549318296049,-0.240674265336127,0.321639261180112
1.20835016151534,0.132897951029444,1991.79565360361,0.598689754876432,0.165050593114302,0.914507367015956
0.461182984725591,0.609936661591778,1992.3884976878,0.59284408419353,0.665805950301868,0.542218547400529
-0.515998797788752,0.683567251438882,1992.67019515046,0.281697462656666,0.708081077903429,-0.241928099126254
-2.31798110214395,0.697084289901037,1992.71069835387,0.0405032034145734,0.695389273906989,-0.38351544835695
-1.62499407168281,0.226191886623659,1993.13537790009,0.424679546219068,0.170775864888545,-1.82962523296327
1.31441916809125,-0.870442362826595,1993.68016427887,0.544786378780827,-0.840054195904381,-1.46726419592625
-0.768375568961137,-0.925404562407229,1993.77372786967,0.0935635908008408,-0.946148195953715,-0.782635217841744
1.73677607662733,-0.977752236348488,1993.83171914729,0.0579912776202036,-0.98160364684285,-0.436365125142084
-2.20666449051917,-0.802254199491794,1994.15365326534,0.321934118042918,-0.715923164697217,1.82116755384444
1.49243095464827,-0.175714790446996,1994.45757645507,0.303923189733041,-0.213651102799179,1.35986905883401
-0.972441779477592,0.291049821658085,1994.7999436231,0.342367168028659,0.302332540065809,1.58207576519365
0.386235976358921,0.436640967022165,1994.92477369452,0.124830071417819,0.478857802416099,1.23387909237601
-0.573699947516676,0.747694290779273,1995.32757871646,0.402805021941049,0.771041724311874,0.0886102212405879
-0.916984775738716,0.682587985286746,1995.6060104514,0.278431734946935,0.638403478498874,-0.955597735156646
1.33707355253758,0.425279630750071,1995.82846332561,0.2224528742031,0.367591148068855,-1.41092165734788
-0.354308319206928,-0.13114184739767,1996.42713208816,0.598668762553416,-0.193190815305509,-0.385573412977396
-0.7228146753414,-0.22213552305055,1997.24639143355,0.819259345388218,-0.357515437994564,0.0310117545313188
0.00984356922569453,-0.282183262465483,1997.58762226675,0.341230833201962,-0.336796022926003,0.0843599927755889
0.137117889205831,-0.283753704789356,1997.89147770205,0.3038554352961,-0.276934997976038,0.293809790490623
-2.01984674392889,-0.225847201744975,1998.10178784321,0.210310141165792,-0.202732750668141,0.402435216113518
-1.5770583189066,-0.19762180393197,1998.26321739448,0.161429551267247,-0.160848342555795,0.117514886200131
1.33534334510552,-0.160011062823934,1998.27321739448,0.00999999999999091,-0.159737787245742,0.104601753074483
0.225518798533022,-0.0125520860111041,1998.54202892515,0.268811530672792,-0.0770436073960516,0.493598228852078
1.32697022507124,0.083945791377727,1998.91870716469,0.376678239533021,0.109268586181975,0.472477221663523
-0.711113828139875,0.204295505853635,1999.08412659899,0.165419434300475,0.198103614529689,0.594109892456362
1.11688052007085,0.276079559233749,1999.38148240647,0.297355807487293,0.308272162989355,0.141605046439219
0.286803292593555,0.274008214720232,1999.62696453472,0.245482128248796,0.349900779296082,0.19035454835403
0.933684138337025,0.301788543466751,1999.83034405079,0.203379516067116,0.373351153128204,0.0396516019865519
1.33119060917421,0.395468399917219,2000.25162162826,0.42127757746789,0.380935370992244,-0.00429797524601132
0.0588062864041628,0.441065236486303,2000.26162162826,0.00999999999999091,0.380907123352435,-0.00135385148996589
1.14765414100451,0.354219408248412,2000.75745576049,0.495834132230584,0.277906405767202,-0.366401498835508
0.569959248505387,0.213957135193141,2001.35143931466,0.59398355417261,0.191419014936677,0.0763786893428008
0.477143384829154,0.209971284744978,2001.56577044885,0.21433113418766,0.209976564204042,0.0947218527689636
0.204129242625578,0.260882639152013,2002.057956688,0.492186239149305,0.248053491592572,0.0529312780046745
-0.15617278492342,0.252202525658722,2002.23658996712,0.178633279121186,0.251297638012585,-0.0158676814865278
-0.939912065337763,0.255175077564867,2002.43661956724,0.20002960012107,0.234186875764239,-0.151296422299774
0.572740597800289,0.143126524869299,2002.58539090734,0.148771340105441,0.196897523222758,-0.345076233648968
1.01143987769446,0.104151068886399,2002.7542063266,0.168815419257498,0.143635844143637,-0.283149547004248
-0.252726379980324,0.150167716444977,2002.7642063266,0.00999999999999091,0.140846881179201,-0.274637320906795
-2.91502658830849,0.0133462346369427,2003.10058818783,0.336381861228801,0.0305410019004733,-0.365467272761217
-0.852102577786156,-0.834778984308475,2003.80965550502,0.709067317186282,-0.739915000130176,-1.36698202672207
-1.75400883575299,-0.960407611294684,2004.08245304063,0.272797535608333,-0.951789601001237,-0.0868172864059326
-0.146294112559328,-0.827615256392507,2004.39086572087,0.308412680245965,-0.791685655327707,0.979891146465554
1.79707379738595,-0.111158802398205,2004.88810724612,0.497241525249365,-0.110118806240329,1.42425752596614
-1.17470830014595,0.655360479040687,2005.39653199364,0.508424747516528,0.69068300399311,1.46459842537171
0.838010962552828,0.83802545908402,2005.57664750885,0.180115515208854,0.864786800333398,0.424873581853567
0.473084144937612,0.927146866561397,2005.74560047482,0.168952965971584,0.873848945746654,-0.31059882772562
0.489968636278292,0.219374877429444,2006.34334600649,0.597745531672899,0.237333380783095,-1.27649909617109
-0.78698487387407,-0.197468992203495,2006.69354530426,0.350199297773997,-0.156195237123099,-0.931906414099528
-0.204833041597825,-0.373902203147331,2006.88261357969,0.189068275422414,-0.329538815527359,-0.886526454774006
0.408865471646885,-0.580016927137319,2007.52642391471,0.643810335025819,-0.571482933749653,0.222770863770109
-0.23279534638547,-0.258956600006098,2008.02597416455,0.499550249835011,-0.241135932301567,0.935136731403146
-0.0819727208401871,0.149889397244213,2008.44769715608,0.421722991529805,0.115300286244829,0.709261542445952
-0.599579100586351,0.308187120762802,2008.83168445149,0.383987295410179,0.326734186922476,0.364834359918492
1.3255576352953,0.402338890013755,2008.98515540354,0.153470952052885,0.363579312021924,0.114942062838654
0.511101297357045,0.499237566803352,2009.30879328952,0.323637885981043,0.412670634817219,0.175431923086939
-0.413240064790315,0.369983466780389,2009.66336391202,0.354570622501569,0.426666824337665,-0.0923426509172063
-0.00618705447013266,0.333085220260907,2009.99846240622,0.335098494195108,0.316101948121259,-0.529298226318965
2.23183559301187,0.229679590738691,2010.24915293302,0.250690526798962,0.17189546694868,-0.601954717857424
-1.15476933349652,-0.0237167874211672,2010.68201462383,0.432861690809204,0.110933978611957,0.297262012034623
0.220153278428159,0.0370176863823091,2011.10754949025,0.42553486642737,0.104368500658993,-0.305430528346829
-1.07078206158378,0.0665047666494007,2011.34625598875,0.238706498499823,0.0371678796407535,-0.253079207021192
-1.33508099846669,-0.139096895954954,2011.84225901539,0.496003026630888,-0.189688777191344,-0.606930916725461
0.101188239923892,-0.2072628914782,2011.92249616713,0.0802371517468146,-0.240211214576126,-0.65030954959843
0.627326792323101,-0.367301036216991,2012.11689754908,0.194401381945909,-0.346561271736882,-0.43581503888393
0.0895993748650983,-0.44019300625748,2012.36993948985,0.253041940771027,-0.399834362760877,0.0145557488789422
0.0781908549154212,-0.419593115366116,2012.77602891373,0.406089423879848,-0.306973209202914,0.404141794440656
-0.231309026780023,-0.253454851379679,2013.01319385661,0.237164942886238,-0.196965754595839,0.508512278837952
-0.0573561763391887,-0.0122677358824678,2013.43501385844,0.421820001828792,-0.00059073250340502,0.396480487953014
0.492034825900895,0.269393985557568,2013.8109393244,0.375925465953515,0.125251202984264,0.260879837986767
0.755777142027202,0.195762827113109,2014.06414215544,0.253202831038834,0.192816221989964,0.265888093983991
-1.94118208198159,0.251654800578717,2014.33784636329,0.273704207852688,0.270351666288457,0.290156712513541
0.184256538097537,0.262857504301779,2014.76920399828,0.431357634996175,0.158951328084178,-0.745690637073002
-0.687715915672642,0.0354559173191402,2014.98971773479,0.220513736506064,0.00247979370444741,-0.662888580437593
0.511059046326254,-0.27048590680996,2015.40839849178,0.418680756991307,-0.287664872164666,-0.674315415782174
1.4212325263951,-0.441277952121031,2015.61940208718,0.211003595394459,-0.393620266515891,-0.3220622343877
-0.0049684041103171,-0.027250527258586,2016.34661170337,0.727209616189384,-0.0266264619280682,1.09648837523183
-0.249857427312697,0.125125130980213,2016.52885121889,0.182239515525225,0.163000711901343,0.97434991979751
0.552956228332451,0.323760742860106,2016.79716488604,0.268313667146685,0.379393675048106,0.615755048086844
-1.61685757233487,0.543535934132864,2016.99335631167,0.196191425634197,0.482381904943041,0.421049179807052
0.334076520332582,0.305181562122263,2017.49204810544,0.498691793770831,0.306124283206015,-0.99487748775377
0.803706311860442,0.177833238405292,2017.56409403501,0.0720459295637284,0.234839785617381,-0.981360958583286
-0.736993129120602,-0.137104089705101,2017.98595925828,0.421865223273471,-0.0910389681537245,-0.530413940097119
-0.475136971163094,-0.0341523613655972,2017.99595925828,0.00999999999999091,-0.0963572012222575,-0.533205689760013
-0.622512633525661,-0.374471125353804,2018.36006632172,0.364107063435767,-0.281765550665578,-0.458431535001012
0.255927201540455,-0.331217432313149,2018.52694460566,0.16687828394015,-0.353315414489524,-0.39297043052036
1.42767365379839,-0.403876116192718,2019.17728115975,0.650336554097066,-0.318585420099819,0.436695502639881
0.333668388724747,-0.193253079752724,2019.38832447515,0.211043315392772,-0.185901448649162,0.800286275517789
-0.326242978242032,0.0860513584757054,2019.73520724851,0.346882773363404,0.0986722153861886,0.805791575699404
-0.734636625533785,0.216076580046934,2020.00613829026,0.270931041746962,0.278754873697201,0.509232909131204
-0.917006007499464,0.266119493635811,2020.17919145065,0.17305316039824,0.341571985895068,0.214711165506006
-0.02969541700946,0.356884797381992,2020.29895373469,0.119762284037279,0.353712256550068,-0.0106474466830079
-0.15764440556888,0.313400184188902,2020.45855714291,0.159603408219027,0.340313437704518,-0.153990355945246
1.49120002679658,0.183142334091967,2020.97514657304,0.516589430129898,0.162295668667746,-0.474039417150732
-0.00702987446687416,0.0697125296655659,2021.21481233827,0.239665765232758,0.088838168288794,-0.139123351892578
0.0942232393693072,0.0177616592172168,2021.60613223163,0.391319893354421,0.0288138256165748,-0.158921318061405
-0.725617804494672,0.0156398239395717,2021.93593785234,0.329805620709521,-0.0159249210500517,-0.108827420188237
0.399490143164678,-0.0935358010542343,2022.30857246023,0.372634607896316,-0.0954915058016617,-0.302007949302422
0.201444846099483,-0.179491095429987,2022.53153038387,0.222957923636841,-0.143941449149892,-0.131775857305795
-1.54283440035937,-0.196458077231517,2022.82594604664,0.294415662769325,-0.158338749350595,0.0316065061928635
-0.645765950474605,-0.161002758576004,2023.1884694515,0.362523404860895,-0.221146089166676,-0.356689825778017
1.08871339496685,-0.359997008122607,2023.49693418109,0.308464729592515,-0.325038933031972,-0.301521993991302
-1.89964504649281,-0.415118433841655,2023.79720444019,0.300270259099079,-0.324786680176584,0.288237615720509
-0.634019761417885,-0.276786536110695,2023.87832047031,0.0811160301127529,-0.305457095864413,0.188117576054528
-0.681354654782892,-0.215585839147274,2024.35807141398,0.479750943675981,-0.222768254093332,0.138324291968526
0.810487933105565,-0.231567843901002,2024.8145619846,0.456490570614051,-0.188075999551619,0.0116116369038053
-1.31836371913977,-0.272396982560481,2024.8245619846,0.00999999999999091,-0.187899284965543,0.0237203707687492
0.615541005692472,-0.167945041298183,2025.31902344513,0.49446146053856,-0.275822021598611,-0.343721871247964
-1.0321164173385,-0.235279322839405,2025.70089002813,0.381866583000374,-0.302266537240486,0.193521819384658
-0.451244267551053,-0.188729963249807,2026.12765024309,0.426760214957312,-0.258412768604434,0.00878963281629725
-2.74155864934633,-0.31404146226269,2026.13765024309,0.00999999999999091,-0.258317515647133,0.0102591462729531
1.19543734780061,-0.340789872602829,2026.44019091418,0.302540671088991,-0.346505551860911,-0.563873774678754
-0.968965280923036,-0.371124131384526,2026.87979931762,0.439608403441298,-0.364280658704747,0.450322959226229
-1.34035774737862,-0.354239118279306,2026.88979931762,0.00999999999999091,-0.359788907617211,0.448000879486701
0.0298655732877149,-0.305565533506655,2026.95860362682,0.0688043091984127,-0.330486762101218,0.402745790507492
-1.31834224896548,-0.142847289147511,2027.35851443194,0.399910805115269,-0.134150877680525,0.537008606110118
-0.962518035933302,-0.0647504440406228,2027.58745819065,0.228943758710557,-0.0461318598473734,0.230644259109381
0.178518799215696,-0.0110628004565822,2027.93512118095,0.347662990308663,-0.0241426691307698,-0.0971399087750035
-0.172848665292328,-0.0447435371583529,2028.07231751231,0.137196331358155,-0.0348611428721906,-0.0590555465907918
-1.97609875499534,-0.0625169516100211,2028.53072168415,0.458404171838993,-0.0670596315417513,-0.075731628229278
1.32933144566281,-0.0816118729641339,2028.56014088934,0.0294192051881055,-0.0700630426995619,-0.128283633206731
0.115473419644427,-0.0693383277185268,2028.75477170458,0.194630815241226,-0.0667363627724001,0.157582485613114
-1.31360460555257,0.106771574726517,2029.04175598625,0.286984281666037,-0.0160799292731644,0.189740074750478
-2.41272132846793,-0.103293085525716,2029.49099884379,0.44924285754405,-0.0609834535228039,-0.361921159524572
-0.483079444228972,-0.247078243325465,2029.82692234706,0.335923503273307,-0.288046727423874,-0.942289287544296
0.939149099988125,-0.62109152215895,2030.23153375926,0.404611412197028,-0.580282871790036,-0.419531487390215
-0.527766836224024,-0.544146375630414,2030.50929327935,0.27775952008551,-0.570991188848973,0.462513719042466
0.608213959719675,-0.130206179802752,2031.41765641009,0.908363130743965,-0.0173015141138545,0.452301127438438
1.71147549047043,0.133487484667347,2031.54060816651,0.122951756414068,0.0411128647172567,0.495066085009657
0.272548596606535,0.143946485515333,2031.71524994242,0.174641775916598,0.147042753019503,0.708338976286917
0.225550970144814,0.312328062510247,2032.12721166859,0.411961726164918,0.388105497935056,0.419080200774317
0.413556496230984,0.459134532512239,2032.39734551622,0.270133847634725,0.459650373730129,0.102424258817877
1.04004715664486,0.412396870670488,2032.78508835315,0.387742836933512,0.425663934155712,-0.254692805889579
0.905007201437242,0.342812122954558,2033.35294442904,0.567856075887676,0.301031458043406,-0.142281597032467
1.21153578684012,0.276229568528407,2033.92890379407,0.575959365023664,0.264925831180823,0.0199808957411653
-0.0966042545742982,0.25786825400312,2034.09664562354,0.167741829477791,0.276092706132434,0.110921872214743
-1.09399139744367,0.320843961010457,2034.31469119388,0.218045570333288,0.281361097215713,-0.0600913040769969
0.828675271777267,0.0908959447205904,2034.68779240476,0.37310121088376,0.150425794951576,-0.601957810668431
-2.06940646344177,-0.0585482648470557,2035.17545980804,0.487667403275509,-0.0346181707052478,-0.144636204464706
-0.76794579050623,-0.236108784825758,2035.57011151761,0.394651709574873,-0.225736324600784,-0.774650820086111
0.72205229666693,-0.528357412581299,2036.10847897205,0.53836745444346,-0.562097747762514,-0.353680513938038
0.0311481065848483,-0.253095168548657,2036.77768201009,0.66920303803181,-0.241900716827901,1.0365492862291
2.09714415297984,-0.0835390596215286,2036.92798216548,0.150300155397417,-0.0868720350488715,1.01718561311481
-0.117859047393001,0.563461321257004,2037.42706548852,0.499083323039258,0.569278265792831,1.42119369655314
1.6178693678433,0.9045636576045,2037.74283386139,0.315768372870934,0.832308993836747,0.1406709655434
-0.341913890091061,0.576449398856909,2038.31252334907,0.56968948767576,0.545260264998164,-0.816420030208832
-0.41700075766784,0.047801112548348,2038.72400495942,0.411481610352212,0.117165099170052,-1.13930301040879
1.13450800648401,-0.326700010669385,2039.08532804298,0.361323083552861,-0.282168904781182,-1.02080012384077
-0.520672187267567,-0.492595584510897,2039.28481313293,0.199485089955942,-0.436925370967308,-0.51846064645311
-1.77227743005259,-0.448889080916417,2039.76781139601,0.48299826307948,-0.540607598290279,0.112329022782545
2.77684348441163,-0.52801595615633,2040.09704947992,0.32923808390774,-0.505416693073567,0.0901613232934161
1.70263470358566,-0.386619569257685,2040.37027428529,0.273224805376231,-0.330808327519618,1.1254921724087
0.938265569852147,0.346274241703998,2040.81090097091,0.44062668561287,0.296760621453486,1.59835549446232
0.441884525995525,0.837403108106154,2041.45877405081,0.647873079898091,0.878532749288541,-0.27295813498643
-1.41687793663625,0.798022932534536,2041.60327958664,0.144505535837652,0.795302492127226,-0.846645450794824
-0.105138006733375,-0.182121670554717,2042.18324632209,0.579966735445396,-0.169969471266663,-1.99709901593467
0.456729782160392,-0.308861169635955,2042.2788604929,0.0956141708074938,-0.354489288301997,-1.85469418467113
-1.05873596923156,-0.722566996710943,2042.49054514031,0.211684647409584,-0.683773334795362,-1.19524511589918
0.834862971590375,-0.823176409411727,2042.63099552732,0.140450387015562,-0.822621544464394,-0.752578234326411
-1.7454874410084,-0.720893979080538,2042.97080707166,0.339811544336499,-0.750129558156505,1.07425549479
0.158864791271419,-0.406154382603926,2043.22135320637,0.250546134709793,-0.466542365057282,1.09829642795911
0.185114261176979,0.101129029799929,2043.74177708363,0.520423877260555,0.141377801808363,1.09617110765555
2.02969727362026,0.446815792855278,2044.05708261961,0.315305535978723,0.441406617179722,0.761986294784327
0.571383781613777,0.5566906039915,2044.3073869477,0.250304328090351,0.631263205053358,0.705543485490151
0.261261956286221,0.805132840074955,2044.52286094448,0.215473996782066,0.723807994501041,0.133661071053338
-1.17614648748312,0.690154177154731,2044.85092414028,0.328063195796176,0.613233979142715,-0.728150344127231
0.253343066411062,0.565501768397337,2044.86092414028,0.00999999999999091,0.605794073139121,-0.759707393113784
-0.280327709294802,0.27423308208676,2045.26830620563,0.407382065351158,0.221854802657293,-0.992446677057911
-0.16464262573623,0.161124701668404,2045.33659911299,0.0682929073657306,0.153565282137331,-1.00539896263353
-0.88275230601275,0.0901067115871926,2045.40608812883,0.069489015839963,0.0838587422503318,-0.999130951763984
0.93071983861872,-0.204912350581793,2045.71543068202,0.309342553184706,-0.240316333830252,-1.05874795114202
1.31928095704447,-0.447857365401732,2046.01968354225,0.304252860234783,-0.460099576371024,-0.359122324707027
0.503119128532818,-0.479735208956324,2046.19793936732,0.178255825064753,-0.478166292168519,0.151668504440125
2.63673691129965,-0.3370800232965,2046.5954167163,0.39747734898333,-0.290955141190962,0.716378401632164
-0.61686872675394,0.285092045679463,2047.08147115977,0.486054443475041,0.335451279711929,1.7026381317065
0.55748362586539,0.756441367110958,2047.46565330858,0.384182148803347,0.759100032152761,0.351695657705722
-0.821703280508361,0.715164474103727,2047.88365890339,0.418005594810666,0.633885642550911,-0.819302331972883
-0.887696031381682,0.359267637560525,2048.12770683937,0.244047935976823,0.365330628832533,-1.30692801699355
-0.902730906200603,0.0848937140636078,2048.40249429147,0.274787452105102,-0.0228824525368826,-1.46934215458592
-1.58294132911683,-0.485161924280685,2048.72080351089,0.318309219418097,-0.478231438248406,-1.31985647196045
-0.462556062986218,-0.56765408999295,2048.77852811749,0.0577246065972759,-0.553223035594399,-1.27424085754948
-1.04652269462705,-0.775588069576133,2049.16417125338,0.385643135893588,-0.820085874259387,0.01687245517197
-0.521749520141806,-0.797361589895929,2049.2376827386,0.0735114852222978,-0.809984174654144,0.255012218589761
0.0181270538666833,-0.603237910892193,2049.5800492167,0.342366478094391,-0.557540313943345,1.05897555316621
0.151232285180647,-0.202753702127683,2049.91690034246,0.336851125765861,-0.158535408790428,1.21406439135471
-0.393465304017483,0.398293840461071,2050.4351104411,0.518210098640338,0.400303343701313,0.837338639729878
-1.13116957720903,0.51439220662956,2050.51554533324,0.0804348921415112,0.461167942661668,0.673234287850009
0.536690886342856,0.640198433105667,2050.71513556681,0.199590233567051,0.536271643368417,0.0747455872494783
1.28818092293263,0.375744694958448,2051.21002713649,0.494891569682295,0.430810989256828,-0.428461422244911
-1.17882506035408,0.252903826865657,2051.68963333158,0.479606195089218,0.279087944859891,-0.167820331701947
0.966517048216599,0.23997584914352,2051.71992703646,0.0302937048804779,0.273202396392321,-0.220522333593954
-0.2325629375073,0.247733853884402,2052.13640915496,0.416482118501335,0.22196028328261,-0.0221772937890541
0.945565374813802,0.134369622098303,2052.65030942219,0.513900267222652,0.129155182430388,-0.306419515346142
1.41316665940153,0.0641312404620598,2053.13370643104,0.483397008857082,0.0784839216671624,0.0893577214795689
0.632925632366468,0.241703816785221,2053.57373559292,0.440029161878556,0.220415320267412,0.515593364187777
-0.778371594734766,0.250336687193665,2053.81767016113,0.243934568208715,0.339281640321416,0.444956246024483
-0.809866885320884,0.281579815530796,2053.89179008456,0.0741199234312262,0.367071530139616,0.304411105477888
-0.300237507660791,0.289932165967654,2054.13527075107,0.243480666505548,0.384061661311691,-0.158278268512505
0.984621001412218,0.212587130780948,2054.50639758269,0.371126831623769,0.251323131450384,-0.516111618116027
-1.12087512186558,0.287065270817915,2054.51639758269,0.0100000000002183,0.246195025203354,-0.509522147638378
-0.458022705583418,-0.0718146617157794,2054.90510768793,0.388710105240534,-0.0385256113439439,-0.900967644109864
0.920907499235885,-0.313313013070407,2055.15862051088,0.253512822949233,-0.259710415548341,-0.823336068467401
-0.0423639379220098,-0.338865807034812,2055.56025366797,0.401633157092874,-0.421682167804229,0.0308300882953589
-0.376413274107314,-0.409168567189066,2055.59706267978,0.0368090118076907,-0.419767583279872,0.0730146333721641
1.38938131635529,-0.421171393271738,2055.82456683455,0.227504154764574,-0.384314137355994,0.229676981843137
0.237081895117686,-0.38097140860338,2055.87081364518,0.0462468106361484,-0.371240434753636,0.334882923197758
-0.458350417883192,-0.278029401691632,2056.0279279042,0.157114259015998,-0.306709391870132,0.478356629038309
3.10722798472268,-0.347502196877032,2056.0379279042,0.0100000000002183,-0.301923094214163,0.4788877413682
0.635371337896926,0.521576658635272,2056.67511635538,0.637188451182283,0.563289391682591,1.90551612895442
1.62560434115432,0.585265485484929,2056.72621706675,0.0511007113718733,0.657342026396763,1.77000219067696
-0.404767603608458,0.716899988004437,2056.73621706675,0.0100000000002183,0.674939629915775,1.74932757882881
0.0170556773829718,0.891352065778474,2057.09995277999,0.363735713239748,0.942135513965994,-0.425559946839738
-0.501360520273474,0.624444827188474,2057.34646986898,0.246517088985456,0.692110469961842,-1.45260620279464
0.537722772522019,-0.416258663998199,2057.99383558437,0.647365715387423,-0.412774068357577,-1.56383681945576
-0.667570532800207,-0.821766194695715,2058.31389907514,0.3200634907721,-0.749931609636774,-0.437296344926027
-0.741560639171024,-0.499360957374198,2058.89856931938,0.584670244241352,-0.519295277830891,0.940023583679698
-0.786717045060777,0.107423277478891,2059.82779773732,0.92922841794234,0.141925190312544,0.256573295691239
-0.331645489964991,0.305312511415301,2060.14164571507,0.313847977749901,0.163828570646838,-0.110061750851663
-1.87463824959999,0.10425030868248,2060.35156837655,0.209922661475503,0.127899163393468,-0.227267995935112
-0.212046991822195,-0.319903577248052,2060.94105994116,0.589491564610398,-0.292721449926428,-1.06597360817559
0.805526127010986,-0.608138276627113,2061.34541572965,0.404355788496105,-0.603118252117827,-0.380818034440177
0.525430362279242,-0.585957208048151,2061.45168570356,0.106269973907274,-0.624846816560616,-0.0282799512970698
0.265835796116339,-0.274587980555359,2062.08940503906,0.637719335495603,-0.189973461760416,1.08542540529851
-0.449674669408905,0.330508412939802,2062.59139633539,0.501991296333017,0.323996471908001,0.87233671619348
0.591612257834501,0.544878248826305,2062.83527749063,0.243881155235158,0.48084008748866,0.394759192606651
0.0695979166008609,0.47068982679779,2063.29071834597,0.455440855340385,0.530476742641723,-0.177391532742942
0.566346543166522,0.449576545519839,2063.49909007607,0.208371730102954,0.46120094947047,-0.468528234374095
0.6166717544087,0.302371744089647,2063.82190023717,0.32281016110619,0.292350252478076,-0.537682092172308
-0.162734129777202,0.273676804757069,2063.83190023717,0.0100000000002183,0.286982414923819,-0.535848829885623
1.22981762723485,-0.0195491377885788,2064.30716589853,0.475265661356843,-0.0019707011565331,-0.62193935307631
-0.477113985811813,-0.0998929380148137,2064.59095639028,0.28379049175237,-0.115305777241323,-0.176222671821211
0.597082049530291,-0.226012346564755,2065.13796454482,0.547008154535888,-0.221142415902455,-0.186526167705114
-0.257895287633884,-0.165283005552739,2065.52739578331,0.389431238494126,-0.207490640489757,0.240158728141776
1.06418155299086,-0.138735963050697,2065.7884614534,0.261065670084008,-0.143910363346506,0.240089823305641
-1.51335237627199,-0.0457967176954464,2065.9540531935,0.165591740105356,-0.0880069237386921,0.429037825731504
-0.239036410546994,0.00511088768854789,2066.46869932751,0.514646134008217,-0.0658599214560259,-0.314436238309069
1.14478277990545,-0.118170850942546,2066.55205908186,0.0833597543432916,-0.0918328010763052,-0.308005657964004
-0.241962470065989,-0.049261731311327,2066.71244042618,0.16038134432074,-0.122256232528779,-0.0727567753590153
-0.832109798099312,-0.199064885282276,2067.09489342024,0.382452994061168,-0.145436989439092,-0.0459588431713638
-1.116970276564,-0.294255191282259,2067.55909478639,0.4642013661487,-0.213224273290497,-0.225990297089171
-0.764445911417029,-0.28278386837878,2067.76448639434,0.205391607953061,-0.269446554760527,-0.314421313712183
0.829140967809929,-0.397311874738518,2067.9691509606,0.204664566259453,-0.331805404602863,-0.288232636715808
1.07564004665431,-0.283935826043971,2068.26915146457,0.300000503969841,-0.337881340951117,0.235632826147925
0.553035123507381,-0.182232795094162,2068.58738903781,0.318237573242186,-0.181638919576759,0.707878210243061
1.09763255789608,0.121815355478301,2069.00029076928,0.412901731469901,0.139248745830023,0.797046844283245
0.59338590461959,0.486541101547905,2069.38746023911,0.387169469833225,0.455431661105201,0.767031235499784
-0.443587664757603,0.696579003635863,2069.85356511085,0.466104871734842,0.637504691239314,-0.051644632292022
1.12008840708856,0.341037722091559,2070.35845624253,0.504891131679869,0.314616302836405,-1.02202199335003
-0.690883502916389,0.0180620414573161,2070.76465906104,0.40620281851443,-0.00771744892292063,-0.529655630217677
0.0741653436077421,-0.0846988633962803,2070.94036510699,0.175706045948573,-0.105962689210329,-0.581876035690484
-0.220835326847443,-0.314290051022835,2071.46242114614,0.522056039149447,-0.309997583132187,-0.168700108662771
0.0525671201637028,-0.328428919129393,2071.96815321678,0.50573207063735,-0.31464751408056,0.13838270717698
1.10521454514417,-0.219795748149329,2072.48375732087,0.515604104093654,-0.164815884720224,0.393478488225496
-0.0614459369145402,-0.139376169613676,2072.69677172492,0.213014404053411,-0.0550401242606691,0.624523749420192
-1.45090359783212,0.0290808865507677,2072.84908268174,0.152310956818837,0.0363959011426052,0.572114314994138
-0.169447235385283,0.148489518824827,2073.09920538638,0.250122704637306,0.12277582185547,0.120405629800084
1.73515064901529,0.0514641377521854,2073.6301482969,0.530942910522299,0.121125038635288,-0.115630465185031
2.37972921334509,0.207161512625491,2073.93732508609,0.307176789188816,0.154752901513764,0.319465081315603
-1.68872442767174,0.394172376321775,2074.40004484038,0.462719754285899,0.467629291664761,0.925752784639437
0.817807119138253,0.579330515799222,2074.63204181051,0.231996970131604,0.580852232165369,0.0398977960036352
0.526162592179773,0.405193178800846,2075.0718302192,0.439788408691584,0.486449268671318,-0.406686267311124
1.71097879635696,0.366167769109348,2075.3814488964,0.309618677203161,0.33421849033849,-0.537149283644823
0.588481105761385,0.170235930066973,2075.88107109458,0.499622198171437,0.219892576084081,0.0822806949577419
-1.29251707803711,0.198390829456305,2075.94805868188,0.0669875873022647,0.225513737252826,0.0853570335337258
0.469286518981568,-0.0197568111954715,2076.56551897198,0.617460290103281,-0.0233155613469639,-0.785665428394276
-1.59359023167438,-0.333112257881666,2076.95231531558,0.386796343598689,-0.249799399083204,-0.364558377101384
0.049019739249158,-0.359671527946999,2077.19092434617,0.238609030591761,-0.356771855585786,-0.514664129026772
-0.117073010781023,-0.431157817071099,2077.20092434617,0.0100000000002183,-0.361855925381878,-0.502159054804974
2.23105377536494,-0.429593199349584,2077.58334440835,0.382420062175697,-0.463720426639719,-0.0156687653786234
0.361523893709264,-0.0995698252246387,2078.02077426066,0.437429852310288,-0.165469630369065,1.24790522009632
0.888887730508866,0.088223464335352,2078.24941263437,0.228638373715512,0.116885634349149,1.20063748593207
0.558204690475879,0.509332499965482,2078.53648476541,0.287072131031891,0.451240203595799,1.07844692921017
-0.265331784972835,0.768693028044673,2079.01558220255,0.479097437144446,0.728658212121119,-0.0508158095590163
-0.681737516437134,0.647823467839597,2079.2917716454,0.276189442853138,0.591444701212853,-0.867561959431465
-0.143996405049649,0.109536759686553,2079.69463324295,0.402861597551691,0.115512331292292,-1.3453406717233
0.418624688071639,-0.436368523532652,2080.19529360145,0.500660358494315,-0.468373531086291,-0.86927996318342
1.12697003664055,-0.487954026323669,2080.82403403738,0.628740435935015,-0.496108427307384,0.709626024498497
-0.784430735993555,0.0325916467244693,2081.29096661905,0.466932581665333,0.0113375591853397,1.31338958974602
-0.741565446656986,0.46799806734271,2081.66380952757,0.372842908516304,0.383365471440437,0.639004734879126
-1.10665994155683,0.464117927446775,2081.79960084516,0.135791317591156,0.450094726015494,0.340185336413895
-0.254346165159499,0.46919923101749,2081.80960084516,0.0100000000002183,0.453364929217327,0.313852445238806
0.986354048064347,0.585228622586653,2082.18962666382,0.380025818664762,0.445129262758233,-0.333427441752503
0.105780476305343,0.259678727209452,2082.69487465574,0.505247991914985,0.285882038040145,-0.246354680323935
-0.812245520000928,0.206813892767707,2083.13251687217,0.437642216436871,0.14837083917877,-0.35057212628855
0.896147909978505,-0.0392589176583101,2083.53128519595,0.398768323771492,-0.0526531483888695,-0.620732581646955
-1.17477533028959,-0.263981717267556,2083.81961134734,0.288326151392539,-0.175307784012336,-0.226456552500024
-0.151037623962083,-0.331353648755111,2084.10862254226,0.289011194919567,-0.265266682955289,-0.380493719388494
-0.377758891268249,-0.280187584288089,2084.71832528343,0.609702741169713,-0.354280497254974,0.096370371478818
-0.118542197488441,-0.385519539320395,2085.18530562835,0.466980344926469,-0.266994145608381,0.247486567391405
-1.00667743486596,-0.2418462287976,2085.54138756974,0.356081941387401,-0.161460647715079,0.325878501146162
-1.18065464101348,-0.154900363761152,2085.88844018996,0.347052620218619,-0.0992100115342526,0.0333054198643723
0.0544133617475105,-0.159038558091735,2086.19140487204,0.302964682080074,-0.132130255569631,-0.24003373160176
1.44639155189038,-0.213866359795781,2086.96218540894,0.770780536896837,-0.174999384987248,0.118330790881444
-1.22978269821307,0.0474244808349099,2087.47454515326,0.51235974432484,0.0830757931848902,0.811998890168176
2.54049689919897,0.208726973065981,2087.65719008397,0.182644930706829,0.200585257667485,0.471650972115667
0.461166583782904,0.817112450386172,2088.27295999418,0.615769910214112,0.715538262966653,0.894049598313764
-1.13651653059415,0.843326709186567,2088.32606270559,0.0531027114047902,0.758265256423332,0.712118530796145
-1.83149599106886,0.693615072607624,2088.6502751462,0.324212440612428,0.713816060066257,-0.914342309341848
0.35314710084303,0.240014946909634,2088.95471752232,0.304442376117095,0.274253223960496,-1.81497900014615
-2.94136020257964,-0.149060934049678,2089.24849119756,0.293773675246939,-0.216306683191655,-1.48026428462796
-0.116510602019503,-0.947803533541947,2089.77284559718,0.524354399612548,-1.02064097946206,-0.987080405381171
-0.0279722530749871,-0.278662591277872,2090.41061581033,0.637770213152635,-0.34019702853621,2.01453557868073
0.583876756910298,0.650777336247048,2090.97911725985,0.568501449522046,0.635430039344228,1.15974175947448
0.166451329440574,0.899345850571156,2091.23910883654,0.259991576686843,0.82904705719559,0.261792338515557
-0.681600365231209,0.842563951046257,2091.39866446652,0.159555629987153,0.814696624274066,-0.427721460064869
-0.477073131829493,0.788996650150337,2091.40866446652,0.0100000000002183,0.810180627284209,-0.475317023336635
-1.22249050396337,0.308538288530757,2091.85838673717,0.449722270640905,0.290537920098454,-1.51104820382018
1.35865422136502,-0.493354429197675,2092.31175512178,0.453368384612531,-0.44808772310458,-1.60280561994233
-0.850421284794039,-0.620690660713974,2092.37596921979,0.0642140980112345,-0.543496056986197,-1.36425650407981
0.74543821621417,-0.806674409017478,2092.61813895779,0.242169737995482,-0.803472698329266,-0.700839157323958
0.605514001792847,-0.712332311338552,2092.98473336563,0.366594407840694,-0.706167505855544,1.10425421303525
1.78264034759369,-0.20268575417918,2093.3344071187,0.34967375306951,-0.199047789992012,1.62061024302621
0.339958705033207,0.411258683285205,2093.68097343302,0.346566314329721,0.416964327052288,1.83997072107878
-0.533670416423272,0.73489024865805,2093.8601127296,0.179139296577887,0.709560687587524,1.37324311149881
-1.14627273813569,0.85636115935996,2094.0958897837,0.235777054098435,0.890068310443603,0.0974980653382786
0.761966900198875,-0.024348215749857,2094.77719690377,0.681307120068595,-0.0223077057579828,-1.9454789438233
1.54361975646711,-0.663529936513203,2095.45825414137,0.681057237599362,-0.717173271655357,0.219569398152988
-1.83165735610411,-0.397627875770826,2095.81542596297,0.357171821596694,-0.391755762629098,1.42695942941572
0.622789012473891,-0.00672381699296641,2096.15541121382,0.339985250849622,-0.0131871764377652,0.76193471491056
1.12458538745029,0.0345399010901696,2096.34310772819,0.187696514373783,0.132726946273708,0.783088226042751
-0.779161746528992,0.405203044328876,2096.65873494165,0.315627213462449,0.39076169261732,0.809277447994848
-0.09270345983474,0.491096615199129,2097.02397353911,0.365238597461484,0.521815686405066,-0.106532286207588
0.223356674031728,0.338443506513112,2097.45215102418,0.42817748506468,0.342137825222347,-0.64807349429003
-1.34514446539071,0.0954279934482028,2097.88979065187,0.437639627688441,0.0559511241602976,-0.605749041281506
-0.336257218310906,-0.475448718973679,2098.38630034789,0.496509696025441,-0.346597159506258,-0.921367339211188
0.0886014095159012,-0.309084048811558,2098.44136388205,0.0550635341628549,-0.395691518880803,-0.860227779251977
-0.123979331588313,-0.506063985551503,2098.6790619485,0.237698066444409,-0.548124347627306,-0.398569170780887
-0.0728802650012334,-0.599920713821655,2098.92105617091,0.241994222414633,-0.584208919300899,0.100259282956662
0.405277502203706,-0.237563808657177,2099.61455664608,0.693500475168548,-0.190714409580215,0.773920003606455
-0.165327012623525,0.068761553700666,2099.98354470653,0.368988060447009,0.108268807721525,0.80696017759825
1.10244913216277,0.444952334959642,2100.45940551078,0.475860804246622,0.37898273423816,0.285834881876371
-1.11931830757637,0.456042058679045,2100.69358408414,0.23417857336608,0.441542206918815,0.238257039372907
1.1149863406314,0.325713584591531,2101.11007879618,0.41649471204255,0.335045816861759,-0.683119566908151
0.338332502959936,0.0768023833590083,2101.58539575434,0.475316958158146,0.104023253484594,-0.256481626541345
-0.134703031330697,-0.124538858895067,2102.26196390513,0.676568150785442,0.00272213375990228,-0.032379914947796
0.643364122508533,0.0574230978261513,2102.80170868213,0.53974477699785,-0.0289723386573097,-0.0772471072166513
-0.216132351843387,-0.032077453682202,2102.93596860652,0.134259924392609,-0.0327787538375903,0.0196338337676135
1.70657838277213,-0.0098346196734602,2103.40920090662,0.473232300097607,-0.0401319582741532,-0.0468712960648342
-0.800884943081795,0.0231784952840683,2103.54618893123,0.13698802461613,-0.0299578399667953,0.192203653202085
-0.926923415684761,0.0352237323816537,2103.6840519671,0.137863035866303,-0.011374921773368,0.0778357826458179
0.755680147303144,-0.0717339019982414,2103.99409933361,0.310047366513118,-0.0303756671697995,-0.191427699672699
-0.470027306794115,-0.073411673673453,2104.27621929278,0.282119959166721,-0.0487957119864208,0.0567446460576589
1.5630608000685,-0.0710750231925213,2104.36961090451,0.0933916117319313,-0.0452276518583574,0.019839929613558
0.647092675071993,0.00220052670408721,2104.46252091361,0.0929100090975226,-0.0364124319756438,0.168482175821216
-0.484220801179663,-0.0412805547086953,2104.47252091361,0.0100000000002183,-0.0346959320902923,0.174807458348561
-0.80352548356758,-0.0769797252569063,2104.73329485052,0.260773936907754,-0.00627583297137754,0.043532577738497
-2.10190983801421,-0.0384739122346114,2105.16565841191,0.43236356139596,-0.0571722645875287,-0.2604726112278
-0.864420045868236,-0.189655151290901,2105.38337888692,0.217720475006445,-0.155068435637363,-0.624473777726587
-1.16117931001286,-0.370890428102876,2105.68992549162,0.306546604700543,-0.348726610407894,-0.60976138884435
-1.03365178843198,-0.68214830859312,2106.20928257003,0.519357078411758,-0.600318791991232,-0.250877355841145
0.222959376246953,-0.575634117607166,2106.37790147944,0.168618909408451,-0.62249466993668,-0.0107701307654232
-2.66728335236158,-0.545562486779564,2106.61140452684,0.233503047399608,-0.556925131692617,0.542624756096934
-1.16734972180784,-0.560028970131012,2106.62140452684,0.0100000000002183,-0.551547464877966,0.532900602151792
0.227052160946094,-0.398405072073594,2107.01812268323,0.396718156389397,-0.334144606270942,0.492340262378703
1.04017305973543,-0.343951043846765,2107.06848494645,0.0503622632249972,-0.308336978827687,0.531612620564433
-0.753594302087073,-0.0296947976196826,2107.40093012745,0.332445180996274,-0.0624503506201307,0.901828052745955
0.104057768658812,0.0030705427081542,2107.55016441707,0.149234289624474,0.0594714471393509,0.728214530759682
0.0369393702353253,0.202292653589847,2107.75090195758,0.200737540501905,0.196251759588355,0.625885376267328
1.80503936532384,0.394566079482536,2108.23487069554,0.483968737963096,0.3946014273009,0.157289382709447
1.56948839434369,0.371811631567804,2108.34865834535,0.113787649811457,0.416315314147163,0.221904300148579
-0.797300426813766,0.507475664210174,2108.75656994141,0.407911596063514,0.514802160206344,0.225128538990044
-0.539904627775465,0.380295169673645,2109.02845596031,0.271886018900204,0.48240952016254,-0.439452870843678
-0.185720686658206,0.230193689024387,2109.39662473535,0.36816877503361,0.224807078601267,-0.882231984745169
-2.01725649718008,0.278170177632449,2109.47899237613,0.0823676407781022,0.151515252578439,-0.894769665677372
-0.380684558110569,0.148116332290231,2109.48899237613,0.0100000000002183,0.142473529692796,-0.913520169836222
3.07035248911148,-0.0484872923575817,2109.69610280019,0.207110424060829,-0.0485008503982115,-0.916931097507925
-0.663892051668875,-0.115159675900068,2110.08399059174,0.387887791549474,-0.136926482140066,0.429759081622498
-1.47561800562825,0.0326011386951359,2110.38127212979,0.297281538048992,-0.0376140679075247,0.23285715620275
-1.94491213255957,-0.319349935397272,2111.20969226996,0.82842014017524,-0.287872317810031,-0.689023023813496
0.160071095331698,-0.37891574138438,2111.39343089526,0.183738625299156,-0.426680594946172,-0.803449320450343
1.74595308043891,-0.541894324370135,2111.57726361803,0.183832722774696,-0.541084895276465,-0.42739600048694
1.05123596726669,-0.529051163831562,2111.8961194879,0.318855869868457,-0.488263692809324,0.71002493748091
0.50886970320646,-0.0549212931436569,2112.29338048826,0.39726100035341,-0.0786432824572429,1.24086221589726
-0.184957746763727,0.329560087884306,2112.60003063407,0.306650145818367,0.29213032127472,1.13666908321442
-1.49822891392869,0.315332882543146,2112.61003063407,0.0100000000002183,0.303423497836579,1.12188353647811
-1.47297752832549,0.427837754820749,2113.09418553245,0.484154898375436,0.485909300885484,-0.377753837909764
0.263412077407628,0.317898261083474,2113.37583450388,0.281648971428694,0.282350131252129,-1.01092296520066
0.447522936233725,0.0438018601607043,2113.57661825525,0.200783751366544,0.0848879429080504,-0.940439561370629
-1.64916026399193,0.152054179459188,2113.58661825525,0.0100000000002183,0.0755207591149224,-0.932999433767128
0.350946055361712,-0.260118023638675,2113.89751418635,0.310895931108917,-0.265689690614902,-1.21539211501456
0.238441288529266,-0.648826988630971,2114.52486864642,0.627354460063543,-0.595429992370485,0.279198734226592
-0.453379806703693,-0.22276949433796,2115.1320534357,0.607184789282201,-0.146467740165842,0.956564866751292
0.819383840443773,0.125729814383774,2115.42214149497,0.29008805926469,0.0984458569344063,0.713556247420854
1.44742001879846,0.247637561677756,2115.71033765256,0.288196157591756,0.307812147638425,0.712622898600176
1.50731545879791,0.69620409242741,2116.32678654466,0.616448892099015,0.684338480167867,0.289945403793179
0.669682077084827,0.564934804610244,2116.38485803525,0.058071490592738,0.698411101567294,0.193931607898695
-0.0143229105547129,0.658640110788295,2116.41231749381,0.0274594585594059,0.702782188722621,0.124405164188002
-0.207908464674072,0.633627815657719,2116.76917934772,0.356861853913415,0.563607103476304,-0.805392707839911
-0.0371363028163449,-0.101370619538762,2117.36599771806,0.596818370335313,-0.0600978243246557,-1.06416329193039
-0.185647984758693,-0.447648286881257,2117.88488184604,0.518884127981892,-0.481704191491683,-0.462525301137116
1.21199119155361,-0.446276243450538,2118.24077732456,0.355895478523962,-0.539485350713523,0.140596563108933
-1.59161389335997,-0.435572407721046,2118.47796198031,0.237184655750752,-0.428870594200398,0.755111153351459
-1.8943446625633,-0.18442899180089,2118.72038478142,0.242422801111388,-0.272966862211279,0.511810573196107
-1.19649207271381,-0.333663539715803,2118.76487212615,0.0444873447272585,-0.251696036915405,0.444253788098755
-0.0427700715758255,-0.218410753054891,2118.96224512117,0.197372995021851,-0.181176017354689,0.267000011880865
-1.13598069648875,0.0103756144332083,2119.33209596299,0.369850841813786,-0.0739050952365732,0.297170496694698
-0.639845448966023,-0.0785124161139366,2119.97258310923,0.640487146244595,-0.10304277780109,-0.34634406533596
-0.901959484135316,-0.254028591683116,2120.35097360746,0.37839049822469,-0.244048242647483,-0.375955708452414
-0.10665457770217,-0.364101053004969,2120.55217402262,0.201200415163385,-0.321152832295207,-0.382092959259952
0.777645019331518,-0.32816878235661,2120.88929140563,0.337117383008717,-0.394997325830864,-0.0488135889923101
0.616337283753075,-0.227314702203841,2121.36583641036,0.47654500472936,-0.229783614261375,0.664534470220561
-0.0109501571619225,-0.024921956208029,2121.56371677071,0.19788036034879,-0.0853215392151104,0.782169757598522
1.75830601862144,0.156654782743542,2121.92503829771,0.361321527007476,0.171689133443596,0.613229669956622
0.790730190263086,0.373538789022339,2122.22841282988,0.303374532168618,0.396551836818447,0.826876810388245
-1.25341046456907,0.520107831848418,2122.45465182847,0.226238998582176,0.558525793195106,0.576104038266205
-3.37686412455082,0.638705506004687,2122.54674922397,0.0920973955062436,0.596408442564272,0.244981397988895
-0.285667811670594,0.141560328593776,2123.01913543975,0.47238621577435,0.156543348325352,-1.8496174848087
-0.381562991258976,-0.173116964273135,2123.21018449241,0.191049052665676,-0.186955440591324,-1.72538085020039
0.274208623170166,-0.510661558508228,2123.41967442397,0.209489931558892,-0.521637439696045,-1.42814648743619
-1.87079190036415,-0.745717962887449,2123.66860722797,0.248932804004198,-0.773090592510168,-0.521077777097479
1.47097388693087,-0.808157837247053,2123.77590506711,0.107297839137573,-0.815253525186662,-0.258491537121663
-1.48275354176877,-0.456635686844651,2124.18436766957,0.408462602461896,-0.49289327581603,1.56292182373614
-0.160086561373401,-0.488468560250421,2124.19436766957,0.0100000000002183,-0.477299406644263,1.55576110719021
-0.844387729719675,-0.0740932662881685,2124.49291218617,0.298544516591392,-0.0162653022348963,1.46470613364044
-1.01649462734079,0.480031304489462,2124.91479669778,0.421884511617918,0.438008271920726,0.623776209240815
1.4585161100023,0.422094651029323,2125.23975593967,0.324959241886063,0.497708491204777,-0.25015625723937
0.556630166826624,0.330972719011347,2125.71170863352,0.471952693845651,0.397743017611311,-0.138235981346882
0.608373879033509,0.338332665020709,2126.08636106945,0.374652435935786,0.320173614971918,-0.252873721628466
0.0136282368351004,0.214037676739876,2126.56971230015,0.483351230698645,0.204987484049696,-0.197584329984136
0.169012331949637,0.207131753751309,2126.83820286646,0.268490566309538,0.141922517822297,-0.263744612415264
-0.850755318144091,-0.00349553055277151,2127.3429462646,0.504743398138089,0.0204232623474206,-0.198796583776962
-0.107127664229145,-0.0148481106093453,2127.68590264019,0.342956375589438,-0.0884047360558037,-0.416914714259777
2.11298765582801,-0.234326034143018,2127.93249784646,0.246595206273923,-0.180878979940413,-0.32626800646773
1.38854838880165,-0.116480645109056,2128.31973414141,0.387236294946888,-0.117816692431368,0.611423119583958
0.0920317070158321,0.229187286919975,2128.75502981193,0.435295670524283,0.245332121718652,0.986359496298855
1.08655099249013,0.438179511020757,2129.0124626394,0.257432827469074,0.460007435300136,0.652141881785189
-0.1245306855624,0.639539693361016,2129.37389285912,0.361430219718386,0.630435550371373,0.234979659708271
0.487560967900892,0.683090585981215,2129.41112606725,0.0372332081278728,0.637271902904824,0.132217114982629
0.321516696938324,0.516168446249372,2129.86977622795,0.458650160703201,0.500188623235161,-0.622585262488565
0.137072673496497,0.41972141614186,2129.97928212713,0.109505899176838,0.426932841077173,-0.70759525484373
1.08121986983784,0.233331914159139,2130.33056350918,0.351281382052548,0.155280161417351,-0.783489104973876
-0.136530392273374,-0.0336187123309748,2130.93640313407,0.605839624890905,-0.0857350359466697,-0.00212186520027128
0.328478744857855,-0.170424030887365,2131.65430735724,0.717904223170081,-0.0788006678671236,0.0183980666448871
0.589327806822523,-0.0612186902348748,2132.03846293012,0.384155572874079,-0.0396912500084319,0.174973493921406
0.990443222978562,0.0802234668700391,2132.50441285625,0.465949926137,0.092788343176887,0.365253858377879
-0.581408337674756,0.260140723171805,2132.80401304711,0.299600190860474,0.224690372175367,0.496217175075815
1.20113709524138,0.295189085110753,2132.81401304711,0.0100000000002183,0.229585626728643,0.482826817891525
-0.602892278078567,0.474165017808783,2133.25269104811,0.438678000997697,0.458359602744029,0.49509253555208
2.28790239026515,0.419787542875038,2133.73844859324,0.485757545125125,0.432933930288115,-0.544615059260886
-0.958789192203825,0.411848108127966,2133.88807933044,0.149630737204006,0.366757693417783,-0.335294240940504
-1.01951638006914,0.274711013169332,2134.11676196458,0.228682634140569,0.248601856135749,-0.675891997650647
0.868408865316903,0.160618898805594,2134.28683675753,0.170074792950345,0.117577543339632,-0.852987437962143
0.856202112504388,-0.0514030528821329,2134.65211163414,0.365274876606691,-0.115852632748424,-0.409591452975245
-1.21277660202661,-0.132636266495409,2134.78863071638,0.136519082245286,-0.159578230078459,-0.230774363758081
1.91957702326764,-0.408457051779375,2135.41760483498,0.628974118592396,-0.405366967311928,-0.454602211572245
0.0876608960789123,-0.136282727336979,2136.01443948625,0.596834651272275,-0.146162072488558,1.14419794478745
1.63676954366507,0.182930068008227,2136.39121099187,0.376771505621036,0.253104770995828,0.927422265622735
-0.030665923881381,0.494128467000196,2136.65192524233,0.260714250458022,0.504320140093126,0.953071908210439
1.08979205909828,0.668899321989104,2137.11194450873,0.46001926640065,0.661078586428774,-0.314872150689645
-0.601781035454749,0.62869690213769,2137.23878078613,0.126836277403527,0.610176354316588,-0.477341590811052
-1.13880203676872,0.492035813963501,2137.41375398759,0.174973201461398,0.489862721017522,-0.868912177097842
0.551327357033303,-0.368390931099242,2138.09469556003,0.680941572434676,-0.375910678057924,-1.37874821099958
-0.155500911105923,-0.653770476160815,2138.38182483281,0.287129272779111,-0.659390079950897,-0.530539365402513
0.411011233504648,-0.752218529700758,2138.59530817848,0.21348334567756,-0.704484997379616,0.111233631385117
-2.04536568704364,-0.584791721561949,2138.91318983239,0.317881653907534,-0.517202843748823,0.964741622859199
-2.01518239800417,-0.173677799500188,2139.46929702064,0.556107188251644,-0.192944077645377,0.128100113423556
-0.261251228380904,-0.218392082693561,2139.79834094745,0.329043926812119,-0.235704118978432,-0.368061713614256
-0.527497484581513,-0.243696098962397,2139.99262565326,0.194284705808514,-0.297600024568719,-0.264605206191222
-1.55313664115819,-0.399202119111586,2140.43234653723,0.439720883967311,-0.373566327529246,-0.0672520123428621
-0.817851296428209,-0.403507363161592,2140.60896414863,0.176617611395159,-0.392863986897691,-0.147697429243324
1.16891776664437,-0.437702192489979,2141.14506755258,0.536103403956531,-0.416341588994013,0.0601205300343036
-0.41346374697541,0.143135160822137,2141.82262834986,0.677560797279966,0.0334048081918916,1.05750012873135
0.0721131508578849,0.454819444936743,2142.34328172595,0.520653376083374,0.410301862823547,0.323809282628233
-0.123744006667138,0.500763126379066,2142.80435292644,0.461071200493734,0.423180367995868,-0.24995111463268
-1.1303298942739,0.437765605535478,2142.81435292644,0.0100000000002183,0.420619946201636,-0.26210887246885
-1.58438332921173,0.223005299350622,2143.20551764466,0.391164718223081,0.177017574281094,-0.906092225749147
-1.39855673634651,-0.380180112795383,2143.66209181989,0.45657417522807,-0.348556785581089,-1.28865292458815
-0.382704830400591,-0.836423761985973,2144.12559009719,0.463498277302733,-0.823349329679306,-0.502271882222267
0.617526204144646,-0.490575874021706,2144.77312285345,0.647532756252076,-0.403289938998132,1.25738866757463
0.491522824739776,0.203560174779722,2145.19364153215,0.420518678701683,0.16805634824491,1.35748977957821
1.09174638607294,0.346992121599567,2145.33868335746,0.145041825313001,0.357517635095518,1.24236316998413
1.49777846424626,0.615066772035114,2145.52636110057,0.187677743109816,0.576612952230864,1.05866328394773
-1.1902896673401,0.609817237381132,2145.57662669832,0.0502655977456925,0.628236490189908,0.992408252129389
-0.190697076657418,0.536731953438906,2145.58662669832,0.0100000000002183,0.63795047525752,0.950357334948654
-0.67960643234269,0.673370509617158,2145.61376685816,0.0271401598392913,0.662530425503983,0.860237119826965
0.342329370017867,0.715497931796276,2145.90470067138,0.290933813221727,0.735381925574401,-0.363738041201237
0.990070452687669,0.53236538325665,2146.17296893067,0.268268259298111,0.552294672600163,-0.919246814818798
-1.84157235324342,0.30098080119773,2146.45840942251,0.285440491833469,0.290007359001673,-0.861010506387327
0.231006874344481,-0.0623912879528301,2146.84084261855,0.382433196045895,-0.160285737006849,-1.41164442872853
1.41587279155996,-0.431933593514111,2147.07164188721,0.230799268654209,-0.44570337734232,-1.03065526694781
1.736879082739,-0.497889243780743,2147.2082935312,0.136651643995265,-0.554673689008755,-0.555175974164017
-0.287373084878589,-0.42494752817251,2147.53677824002,0.328484708818905,-0.525000593454692,0.689869459451427
2.11675104020885,-0.104531563710414,2148.14293637152,0.606158131492521,-0.0401578232275349,0.739289830848967
0.896057016192967,0.40979643548904,2148.55477798427,0.411841612754415,0.387585526414746,1.24511264198775
-0.229006675910355,0.8324858003191,2149.15844398313,0.603665998856286,0.788748806770655,-0.184844963156987
1.25405504803704,0.733826277388007,2149.3491398912,0.190695908077942,0.684647827340869,-0.861796996109703
0.309140422285174,0.553667038125184,2149.4618358056,0.112695914393953,0.581282957531185,-0.956106477212425
-1.35000607801893,0.105739748456772,2149.89368706373,0.431851258127608,0.121724582932448,-1.03507889699572
-0.216023448915622,-0.12208688795793,2150.1145563273,0.220869263575423,-0.128432296241185,-1.20805928426801
0.556020982604126,-0.388052565946432,2150.35810711832,0.243550791022699,-0.396850303518224,-0.966995499018164
-0.35248029621495,-0.461785789863822,2150.52481426032,0.166707141992902,-0.525877105716625,-0.567659005139763
-0.13024205729891,-0.703708529075741,2150.73307613842,0.208261878104622,-0.603738380219534,-0.168414396157499
1.0261330687995,-0.541397245505653,2151.22514307843,0.492066940007135,-0.446467388460904,0.684710105726123
-0.86620497610186,-0.0782973380881312,2151.62294366688,0.397800588454629,-0.0580356033218475,1.17049660510435
-1.37247683825138,0.244116620261924,2151.98074850901,0.357804842131827,0.264415875233971,0.604964916457556
0.220554775819168,0.260930895168279,2152.48536740647,0.504618897456567,0.279767585107078,-0.500659654147888
1.02769550264272,0.125289093074061,2152.64402833595,0.1586609294759,0.198898404892591,-0.512430230476186
0.115426833621547,-0.0071302595719861,2153.19635627648,0.552327940537452,0.0577448905896587,0.00591719977789607
-0.714735696456921,0.0481932609538309,2153.62857548757,0.432219211085339,0.0598144589644936,0.00344179102580111
0.857070239961464,0.114400590519745,2153.81093828121,0.182362793644643,0.0470045475996356,-0.140932780763028
0.217422318340678,0.111364874157479,2154.32753896942,0.516600688206381,0.0779236328192822,0.238535045496664
-1.40038879202175,0.128866304229464,2154.38619575509,0.0586567856717011,0.0917966631734578,0.234212705344915
0.948185605369068,0.139311104440275,2154.7865956368,0.4003998817102,0.056131123786754,-0.386368790167036
-1.39756305986707,0.0887365513185786,2154.99276763735,0.206172000544939,-0.00144624413685585,-0.171879128606361
-1.23315381567885,-0.139697441443435,2155.38206175261,0.389294115263056,-0.155839537070305,-0.586600747638466
-0.250994569887814,-0.442979353121674,2155.74001248516,0.357950732548034,-0.390100724647813,-0.675277195906117
-2.00881117972053,-0.505287452492982,2155.96400436193,0.223991876766377,-0.508066602579812,-0.361448375368199
0.730886588609381,-0.681471287864269,2156.46805721243,0.504052850509652,-0.662075879043555,-0.161754529421592
-0.648643846252542,-0.364120484329322,2156.91973917765,0.451681965218995,-0.419739920504391,1.05782013873801
2.48400638485376,-0.249237005885005,2157.10789427014,0.18815509248634,-0.224811360220775,0.993380044518562
-1.17168247516805,0.442395561460463,2157.65686683113,0.548972560986385,0.585803341426463,1.70777186563472
0.124114520339875,0.584537823833145,2157.67913780269,0.0222709715599194,0.622777462076182,1.61176290544867
-0.237930101046136,0.750552368145775,2158.23915088341,0.56001308072382,0.793349633243751,-1.05419569694904
-0.00420015156709594,0.105811778395679,2158.70140558232,0.4622546989076,0.101277118460158,-1.61857106023183
-0.620587774313899,-0.622564544740867,2159.28295687593,0.58155129361603,-0.633780478875846,-0.684829852786101
-2.72957969166414,-0.718638807933524,2159.54666231165,0.263705435718293,-0.725736864666272,0.00914316292287176
-0.488685796113187,-0.675052276304177,2159.86499586768,0.318333556030666,-0.695428349252934,0.161379205087568
-2.07699249254868,-0.569917557901603,2160.07310815943,0.208112291743419,-0.613177268706008,0.596982291968898
0.129495317733283,-0.538502364117912,2160.43876214716,0.365653987734277,-0.424692809944692,0.371308599026335
0.19229342680755,0.00940848571353495,2161.12449236498,0.685730217815944,-0.0171968732871247,0.661405156871448
-1.54621350683902,-0.0484369030505312,2161.13449236498,0.0100000000002183,-0.0105882742532177,0.660271482087975
2.33462962179561,0.104086574279264,2161.45246600926,0.317973644280301,0.105036621718788,0.0700830113772494
-0.337194429081173,0.163231986621063,2161.70811078795,0.255644778693295,0.187033223141926,0.55300212272219
-0.67655857179962,0.272869883156448,2161.96914016062,0.261029372674329,0.29431744822963,0.261775096779026
-0.121523758283729,0.310596374155763,2162.24156468189,0.2724245212612,0.309843261483529,-0.141002440816021
-0.513244068472073,0.0913273998724464,2162.73136503415,0.489800352263501,0.16344358896563,-0.410517621023855
0.290120831141376,0.0572888119869904,2162.83695782569,0.105592791542222,0.116692409139434,-0.472542518215003
1.21863247659643,-0.0349008243960103,2163.18258466095,0.345626835258827,-0.0243983799006775,-0.331312755095473
-0.983715179791675,-0.0850691163419326,2163.42254402977,0.239959368821019,-0.0631364711328592,0.00487263766725343
0.381994930861912,-0.0419733883054577,2163.64615772215,0.223613692377967,-0.082577388103103,-0.1738984831169
0.889356155446035,-0.0844198359536626,2163.98655198891,0.340394266764633,-0.105279617466354,0.0372454187830189
0.949314673684934,-0.0239642153652517,2164.24398357735,0.2574315884317,-0.0617865710259957,0.291227582469631
-0.334190374079319,-0.0216490328438513,2164.25398357735,0.0100000000002183,-0.0588280794955156,0.300444707636502
0.582071739776903,0.0653888760130556,2164.62911575023,0.375132172886879,0.0252062154193837,0.141986334590084
-1.11222210669761,0.114749526629802,2164.63911575023,0.0100000000002183,0.0266490082992142,0.146561421954103
0.434713833189805,0.0859726481315209,2164.75067578321,0.111560032972648,0.0353798093054292,0.0108963318830009
-0.138798825807637,-0.00118607018778045,2165.03616996792,0.285494184712206,0.0521509856205312,0.102771795190829
0.187992877115191,0.121394007143422,2165.09193641762,0.0557664497000587,0.0574216332265401,0.0862314554953403
-2.49446915504502,0.0532041108438764,2165.30643008806,0.214493670440788,0.0762752397097671,0.0881341356222578
-0.930656318464665,-0.0918323136231582,2165.65249816638,0.346068078320059,-0.0437199569549208,-0.743366468544552
0.0444085237784495,-0.219227011728484,2165.88202239789,0.229524231511732,-0.223086169968968,-0.802662028484279
0.126619032131629,-0.325356918163024,2166.01992349728,0.137901099394185,-0.32399931901392,-0.655280562467353
0.163053214920017,-0.478474844068679,2166.3316538352,0.311730337918107,-0.458903262976524,-0.191387735742679
-0.723640049174783,-0.486672469809609,2166.55372556428,0.222071729074287,-0.461033679791483,0.165938383238528
-0.0465645907482735,-0.368359913498133,2166.96007977114,0.406354206863853,-0.358096222021417,0.303788114389987
1.0958832161722,-0.352353397503357,2167.14407631333,0.183996542189561,-0.291208477946164,0.414180760278929
0.0214026903070426,-0.119459123929505,2167.40903845663,0.264962143300636,-0.132472069716976,0.75724770875918
0.185817929011771,-0.00456487913977726,2167.67407349573,0.265035039100894,0.0607500120650277,0.684980483101374
-1.22758581405194,0.141848474896272,2167.85395504915,0.179881553420273,0.178224411911269,0.614317694404971
-1.49552705823198,0.328039999486044,2168.16866643892,0.314711389764852,0.275145090608995,0.00325730468371295
0.76500539373448,0.294401566128368,2168.17866643892,0.0100000000002183,0.275070263836415,-0.0182040799826962
-1.59888716977142,0.343252134422094,2168.53675353563,0.358087096710278,0.275972621273487,0.0218627047055841
0.542028763790332,-0.0505671411324008,2169.10545168721,0.568698151584613,-0.0240606490748326,-0.95942896164885
1.11993505058618,-0.402635428305879,2169.56813712664,0.462685439432335,-0.332884700040042,-0.336573182309456
-0.376902984430369,-0.328504505179628,2170.09930984394,0.531172717300251,-0.2298714312407,0.647649228150231
-1.19630507469733,-0.08397630155479,2170.37051755521,0.27120771126647,-0.0657072655455676,0.54780018269246
-0.594787001689177,-0.0906903499096676,2170.38051755521,0.0100000000002183,-0.0602962173070793,0.534431980368011
0.140324709554768,0.127734462991086,2170.66751196289,0.286994407676957,0.0603280125733134,0.300173789824322
-0.12525468583922,0.183430660141863,2171.12639310722,0.458881144331826,0.176150419700874,0.189036023598615
0.977599280540712,0.164750761308835,2171.28328313232,0.156890025101347,0.198359658985945,0.093859201918751
-1.11934109763512,0.33909497008671,2172.11484666969,0.831563537372404,0.381816461463673,0.250313336550416
0.808080707825496,0.358114231089306,2172.46059095807,0.345744288377773,0.337694404797679,-0.473875624663302
1.50815552628786,0.38039147001534,2172.47172991912,0.0111389610456172,0.332427151368434,-0.471804921586617
1.53868445670556,0.211509062236908,2172.64294815381,0.171218234690059,0.265638072931026,-0.304397901180166
0.448871443942814,0.258289296624816,2172.70511840553,0.0621702517178164,0.248786639920172,-0.237531472277313
-0.60834813395218,0.2272489562628,2173.17511833343,0.469999927901426,0.146801303598892,-0.178009943254961
0.791759653315344,0.0682900153421087,2173.34805712261,0.172938789187356,0.10438217172804,-0.307937805727737
0.484532391139391,0.000195755181984662,2173.70979543966,0.361738317050822,0.0418945975405507,-0.0379113880887746
-1.82460025518229,0.00106681521331116,2173.71979543967,0.0100000000002183,0.0415364276931686,-0.0337265367349042
-0.236037860285477,-0.0112801498864605,2173.92325560217,0.203460162505053,-0.00282126515112205,-0.393168621248267
0.333603708931111,-0.0589927157135001,2174.12322541869,0.199969816518205,-0.0810693373055635,-0.384271395847506
-0.167334509901393,-0.0545380862642473,2174.13322541869,0.0100000000002183,-0.0848774672750049,-0.37736859165031
0.827768954854467,-0.226784863595686,2174.50865190381,0.375426485118624,-0.207078236163717,-0.259351044835048
-1.17537132884808,-0.111404679608913,2175.046684603,0.538032699192627,-0.154157280533674,0.412701825536579
-0.646548345916256,-0.00818763525900144,2175.70791373901,0.661229136012935,-0.111552729037046,-0.256259861494525
-1.27850966062849,-0.259836990406395,2176.0824490621,0.374535323088821,-0.221214329018122,-0.310947430099388
-1.4342660823212,-0.369851090568213,2176.67566207591,0.59321301380578,-0.466011849878149,-0.415161660862369
-0.263081042497459,-0.513200480727547,2176.78032164009,0.104659564181929,-0.50790832695446,-0.381683248174116
-0.265532478380829,-0.522015138811786,2176.79032164009,0.0100000000002183,-0.511645004931194,-0.365627582844706
0.90100517444644,-0.567371818487967,2177.07611628043,0.285794640337826,-0.547706952580761,0.112627225580734
0.515860779852277,-0.405592190848308,2177.29133036686,0.215214086435481,-0.464319558754077,0.635023818487687
0.407679268471471,-0.135961591672107,2177.6604840033,0.369153636441297,-0.15183623553382,0.978483793423446
0.743335934587583,0.331042579462478,2178.1823540623,0.521870058991681,0.341871912753599,0.819306042188275
0.928761435143422,0.576981263662658,2178.56680114788,0.384447085585634,0.587996890520286,0.38873461798499
-1.04545470428273,0.601620786361897,2178.57680114788,0.0100000000002183,0.591811031512972,0.374037133641667
1.86882565158781,0.57428028810223,2178.90039727146,0.323596123577317,0.537635719133793,-0.659358245645421
2.95243471559582,0.351605218778479,2179.32527598154,0.424878710081884,0.325785823422061,-0.279981354925449
0.487018191135104,0.279330166208358,2179.63680735431,0.311531372767149,0.344907622092403,0.381788938579515
-0.247705171812554,0.42756470745669,2180.3248920701,0.688084715794503,0.427125391837014,-0.153530266638629
-0.356853004939055,0.396846898160905,2180.648735756,0.32384368590192,0.313330252826378,-0.513880536288657
0.0518438080054275,-0.137003932770577,2181.31863139004,0.669895634037402,-0.13038280321078,-0.685974494503623
-1.23123814655946,-0.260976431443595,2181.76914403824,0.450512648199037,-0.354161829662092,-0.272498678703292
1.24972186616264,-0.442092495008896,2182.23412819996,0.464984161719713,-0.47859184889321,-0.219411404607806
-0.412026039859548,-0.368975647519944,2182.5652712304,0.331143030438852,-0.402862184592106,0.631328275194333
0.773727326430857,-0.0591079395851312,2183.13362559628,0.568354365878804,-0.0494366210351606,0.521751052599259
0.319900533662848,0.147353898149782,2183.40830324635,0.274677650070771,0.112195331552662,0.637381332972384
1.37588991882745,0.162626494935538,2183.57020171807,0.161898471718359,0.211455047253194,0.583113832926822
0.0768050431261146,0.242293605662353,2183.7040216109,0.133819892830161,0.294200718304103,0.647378190806995
-0.426328836304777,0.387320382117036,2184.11297865243,0.408957041532631,0.461617441403782,0.139533817003879
-1.04333991223335,0.392280208357319,2184.51098099769,0.398002345257737,0.377565020275553,-0.512559424362052
0.131464693910253,0.28167698492532,2184.60567371504,0.0946927173522454,0.321345208482896,-0.670179798195732
0.788458427269358,0.0449532624850866,2185.02889278449,0.423219069448805,0.0335717298617608,-0.6392428620548
0.281089522210011,-0.164919506511488,2185.59952667493,0.57063389043924,-0.148522478867145,0.00666740941985476
0.260564416710457,-0.0164914819387329,2186.15273587749,0.553209202562357,-0.0671225676666331,0.259016535386445
2.40685116151102,0.10809317915538,2186.37933525156,0.226599374069338,-0.00288029596466929,0.302264338770881
0.531913376448065,0.0956061695421677,2186.49320432671,0.113869075145431,0.0457474934103678,0.54765319885598
0.810769926499294,0.0451731635473839,2186.56342840197,0.0702240752602847,0.084546788011962,0.556366626003319
-0.632414574801376,0.368623000801312,2187.0330151907,0.469586788738525,0.359800724188826,0.555021371150852
1.61625835211334,0.42892929388892,2187.31434765054,0.281332459833266,0.439207985104141,0.00567288974217021
-0.310029338071856,0.453895224242071,2187.60181721855,0.287469568010692,0.452598105804923,0.082413110606651
-0.529810917198909,0.404487347319849,2187.72781847637,0.1260012578241,0.449563274442837,-0.128044229884192
-0.149355443960116,0.344298149048167,2188.110368561,0.382550084627383,0.287370046204541,-0.659105403688987
0.610147674610196,0.0612866433307185,2188.41849557024,0.308127009244799,0.0703079058702687,-0.720036537457669
0.0156137350304058,-0.15699624137708,2188.78541528707,0.366919716830125,-0.131244336173866,-0.364169846062404
-1.84970802966032,-0.150965980833104,2189.0738587878,0.288443500730409,-0.214597058946076,-0.207660693721397
0.370130542318073,-0.395581620832557,2189.31505063601,0.241191848208473,-0.29830863941722,-0.471132886985346
-0.10051620009863,-0.405756549908964,2189.83664851667,0.521597880653189,-0.354087957624053,0.243791366593041
-0.45284919323479,-0.238215459261011,2190.09841768908,0.261769172414006,-0.270085681284659,0.382139644183431
0.470899670975942,-0.143311117954037,2190.42198677586,0.323569086777752,-0.152550728066647,0.328797495617301
-1.3819699639783,-0.0437337468526196,2190.56739940745,0.14541263159299,-0.0986485378404991,0.408670886949838
-1.08123683589434,-0.110134123041567,2191.11660872021,0.549209312760013,-0.0768116716367392,-0.300239290460711
0.167936871548303,-0.295799027834424,2191.56020567526,0.443596955049543,-0.269308404651193,-0.524025899174246
1.3554482823503,-0.263167296654407,2191.64984534256,0.0896396672992523,-0.31187249794586,-0.424303278241634
-0.386818831506618,-0.357358253981615,2191.95916153816,0.309316195604424,-0.332444625723184,0.276904611111142
-0.964675838966935,-0.290005856871997,2191.96916153816,0.0100000000002183,-0.329659615704137,0.280078273818254
-1.24814750189796,-0.324908570779041,2192.20965501498,0.240493476817846,-0.271752819920266,0.195393308343278
-0.720322087322752,-0.223998276957433,2192.36992861592,0.160273600933124,-0.249559199087994,0.0812889644903312
-0.457969318444153,-0.219408238783761,2192.54952879731,0.1796001813982,-0.238042759080898,0.0464826497133159
0.132498593387152,-0.233867976661654,2192.55952879731,0.0100000000002183,-0.237574846539765,0.0470996334744914
-1.64553168889402,-0.256158991695103,2192.76165693346,0.202128136145802,-0.215488867502256,0.167320998270689
0.911172260957647,-0.235418144963598,2192.89377365847,0.132116725006199,-0.204168153598003,0.00518108503463349
-0.0140957328491103,-0.149708780178304,2192.95425906181,0.0604854033426818,-0.201395320223118,0.0860248048996033
-0.760429224505526,-0.130793213720302,2193.43293663541,0.478677573604273,-0.124776702304913,0.21400065893114
0.502756011726822,-0.103171992620661,2193.52698129835,0.0940446629374492,-0.107359487122555,0.156256775849711
-0.0669327281395474,-0.0698465075581108,2193.7123705136,0.185389215253963,-0.0680452856029811,0.263631494981173
0.614799529906722,-0.214150823453418,2193.92564385942,0.213273345810649,-0.0139951978077596,0.239756773186024
-2.10019312512839,0.20108772977641,2194.24244363184,0.316799772424929,0.084030340884158,0.365255092931021
-0.461409553940173,0.057829523067567,2194.58521866711,0.34277503526755,0.0708095200295313,-0.418236244350652
1.39369689016608,-0.0612237948287973,2194.77677607131,0.191557404200012,-0.0153235334862263,-0.474600754794977
0.163311875178777,-0.092259162430265,2194.95386745409,0.177091382781782,-0.0733392330936286,-0.181438386725834
-1.06718105739698,-0.145788786381844,2195.405581323,0.45171386891343,-0.113013639175808,0.00510374702203001
0.164198433624995,-0.0646454980906901,2195.57841783065,0.172836507647844,-0.124216719032568,-0.132042895722076
1.15616499920073,-0.10668921450172,2195.90994922376,0.331531393108435,-0.141383124730936,0.0262430227688816
-0.212926260418986,-0.0229128898792378,2196.30055783779,0.390608614030498,-0.0314731218052097,0.505327650265535
-1.03798747812304,0.201108449829435,2196.79641637898,0.495858541195048,0.156159394410543,0.230195069584606
-0.0915402714685895,0.126296226326347,2197.2559384053,0.459522026311788,0.114252259247581,-0.381240575071882
-0.351500184284829,-0.0407599123711955,2197.65417114707,0.398232741775701,-0.039579220685044,-0.370776315757626
0.308444983025474,-0.187457565444187,2198.13638855997,0.482217412895352,-0.213757327003526,-0.321596507555022
-0.139336097636116,-0.247968577836808,2198.54339419085,0.407005630886488,-0.264680519466001,0.0681101321416239
1.88511230509459,-0.117941418364112,2199.01133855364,0.46794436278924,-0.192761569756,0.217430623734463
0.883442704027478,0.0262509823782286,2199.4164291074,0.405090553760601,0.0536229952448069,0.938409166694367
0.119409333585328,0.358406555875148,2199.72463843349,0.308209326085944,0.34642267744616,0.92170383842152
-0.724910007506929,0.542969611636397,2200.07565904291,0.351020609417446,0.572623867450591,0.313480858474638
-1.95253614361506,0.550292598263281,2200.17627018677,0.100611143859624,0.589121442146708,0.0150110217269327
-1.83238660876135,0.409122764219723,2200.55936856327,0.38309837650786,0.32852279258439,-1.24071418961968
-0.401583904722913,0.0951849321310825,2200.71147116559,0.152102602311516,0.119125877325837,-1.4945145191913
-0.321214649716811,-0.491070913466764,2201.14617657337,0.434705407782076,-0.479590336565901,-1.14981246315698
0.473729102869669,-0.684226010374325,2201.41865974105,0.272483167683731,-0.708948351154352,-0.470365727760019
1.44209086611329,-0.564221724808862,2201.86235184515,0.443692104095589,-0.554435548958135,1.00700360920705
-0.910721963772679,0.0960268424564209,2202.26878107775,0.406429232600203,0.015412135679672,1.64169251551974
1.27573230101499,0.469848661452205,2202.72943027506,0.460649197309067,0.541399289410296,0.537612797169023
-0.0503440447311577,0.572571558961711,2203.18274423866,0.453313963600067,0.659294320487111,-0.0637505931115479
2.37753747590955,0.448330852447182,2203.52203586533,0.339291626669365,0.500805589893457,-0.783383867244035
1.11380237462184,0.476737513990115,2203.53203586533,0.0100000000002183,0.493029466371409,-0.771789031453617
-0.0777394486951593,0.128390234137399,2203.95516570073,0.423129835399322,0.20083736949528,-0.538446309293644
-0.589606887290011,-0.0539193363783749,2204.39387748064,0.438711779914684,-0.0407067164605429,-0.5252407947344
-0.0117227837956325,-0.245238023773546,2204.75873080262,0.364853321984356,-0.238756002126767,-0.53206285745108
0.140367111242584,-0.225442075783638,2204.76873080263,0.0100000000002183,-0.244036485261857,-0.524017080045763
1.26776666674656,-0.414072890463292,2205.01388162654,0.24515082391963,-0.341293990517751,-0.261558789486769
1.7110102286198,-0.306958247260632,2205.27458663726,0.260705010711263,-0.334025160098811,0.30375820652581
2.01393932210233,-0.217888144273628,2205.49279672577,0.218210088512024,-0.214797486654472,0.766790134836251
-0.247470559532193,0.178172877741958,2205.86582668663,0.373029960858275,0.191362388143038,1.33880411194227
0.863308831424736,0.42477898837228,2206.07633164319,0.210504956559816,0.438851470841462,0.987661825026585
0.0348690865494993,0.672221816427711,2206.58566910703,0.509337463848169,0.724909575864822,-0.0108475530617265
0.252868865505612,0.707185259288954,2206.59667841634,0.0110093093089745,0.724589714653876,-0.0472185632089322
-0.0752774348920419,0.748318046246099,2206.6990939279,0.102415511553772,0.704115494104439,-0.346653205252161
-0.148700797723054,0.61940453944471,2206.87818593612,0.179092008223961,0.598442773228965,-0.799885012778737
-1.0061990857596,0.186048628016331,2207.29374190879,0.415555972667335,0.165707408940155,-1.13751531474501
-0.397559943013269,-0.0448626857689148,2207.49677789069,0.203035981906396,-0.0775137316737541,-1.23954157977267
-0.20328119907809,-0.329362364351065,2207.69113760535,0.19435971465964,-0.308141349696014,-1.11604883767184
-0.683733573524637,-0.570883003311776,2208.01006268425,0.318925078892335,-0.587729323189731,-0.574044861870369
-0.118016059959161,-0.666022850105551,2208.07074785727,0.0606851730244671,-0.619147464022398,-0.459608775683442
-0.704891423308514,-0.581830974274541,2208.49941315341,0.428665296143208,-0.581149455246168,0.576256549026045
1.78390390793554,-0.155262002729507,2209.12014835159,0.620735198177044,-0.158661688100676,0.597084679193331
0.639745795796513,0.0035476724024091,2209.34864435706,0.22849600546715,0.0206044117208044,0.950870513738517
-1.52084158461496,0.12314600673032,2209.4609702437,0.112325886636881,0.127723033726295,0.952159165524711
0.344680520362787,0.200690229571695,2209.72129519922,0.260324955519536,0.296470609677666,0.337499480676678
-1.89192245129971,0.373707892044794,2210.18018492624,0.458889727026417,0.38335644046246,0.0276522261199368
-0.300398343229354,-0.0814196831381116,2210.75166570178,0.571480775541204,-0.00428181548540482,-1.21542935977559
-0.0863865835570451,-0.0832919576467931,2210.87875620431,0.12709050252397,-0.155426547759529,-1.15689909188724
0.370436412430365,-0.397143423913228,2211.10014992818,0.221393723869369,-0.386832069370627,-0.91097938503954
-1.0991753006459,-0.586237110620638,2211.47770969631,0.377559768135598,-0.573556406968058,-0.0379903266681811
0.988251152166273,-0.552516817076605,2211.67918415768,0.201474461372982,-0.561487765281022,0.151790932593085
0.28319888465767,-0.343859294787024,2212.09754166473,0.418357507041492,-0.28835321630437,1.0260611838468
0.336306050900479,-0.00494130863060763,2212.39686350192,0.299321837191201,0.0264477983509617,1.04040327373225
-1.44983498450076,0.268082970200913,2212.67306921874,0.276205716820641,0.297657987108189,0.895932883398761
-0.0932221501077212,0.434072912874193,2213.14861558731,0.475546368575124,0.411689596924646,-0.402311906084566
-0.466047456114944,0.249410795196102,2213.41664988883,0.268034301515399,0.273289148955872,-0.602305191052022
1.22309086331811,0.0233310383855434,2213.78381248667,0.367162597837705,0.0146233112106863,-0.76398423193061
1.4189706122263,-0.125879440298006,2214.10960214315,0.325789656481447,-0.14789287831744,-0.229651576889754
-0.0686097777379249,0.0209180832566209,2214.62084202188,0.511239878729612,-0.0432788180397623,0.583699181482735
0.017511510797435,0.13234578194713,2215.13037810713,0.509536085250147,0.198775246840451,0.332593701031375
-1.37620868532747,0.276408621331982,2215.65878412333,0.528406016202553,0.283589736488203,-0.0180372064913869
0.801613358983015,-0.124760823315876,2216.45044312656,0.791659003229597,-0.222429302706122,-1.03448390225212
0.130490883124558,-0.206486105667021,2216.46044312656,0.0100000000002183,-0.232683560592543,-1.016304068585
2.30159338065142,-0.421603845754912,2216.6795534612,0.219110334640845,-0.423141191533234,-0.702239488115808
-0.387286157288734,-0.416685046197395,2217.06793440205,0.388380940845764,-0.406507951270144,0.734772157824666
-1.65802580391614,-0.0526025249234783,2217.35132438919,0.283389987145256,-0.193867079752908,0.731896453181015
-0.310810329797469,-0.0534080444482761,2217.73913553491,0.387811145719752,-0.0352168532173908,0.0849904262299397
1.01370755518022,-0.062028979864751,2217.98632484709,0.247189312179216,-0.0228304453114422,0.0156357293911848
-1.91752746357482,-0.035775889446281,2217.99632484709,0.0100000000002183,-0.0226215995488083,0.0261237887955204
1.48174384071167,-0.153990778716801,2218.2004986977,0.204173850609095,-0.0550891399036993,-0.335748089670356
-0.289711221469848,-0.129320233643662,2218.38502214742,0.184523449722747,-0.0874319972342808,-0.017633531403823
-0.260156651797175,-0.106096652195268,2218.56746443913,0.182442291708867,-0.0922608783995987,-0.0347274601710782
-1.74633643414579,-0.169832105736229,2218.95760524587,0.390140806734962,-0.108896515293194,-0.0477862207155471
0.138591723145326,-0.211093577852672,2219.26098866785,0.303383421985473,-0.187402458090218,-0.450316447026364
-1.02391320490524,-0.180388374584599,2219.35003932202,0.0890506541645664,-0.224360961463291,-0.378804334297219
0.702975903752596,-0.52379434351697,2220.08165711032,0.731617788303083,-0.498227162345478,-0.237522381370392
3.42025106535943,-0.480256622910846,2220.39074790586,0.309090795535667,-0.459624187971105,0.45784643555236
0.748353271475578,-0.345462277131075,2220.58087356866,0.190125662808441,-0.295591059219258,1.23322904907757
0.268910993998682,0.112359662505692,2220.86991159287,0.289038024211095,0.0814493754832634,1.33175929215375
0.505630008808629,0.604706903905746,2221.38516708664,0.515255493767199,0.620482801760705,0.590590277873077
0.197845247696965,0.64843963072915,2221.39516708664,0.0100000000002183,0.626276543356816,0.56811417295895
-0.0853055008942401,0.649867344804403,2221.47806421649,0.0828971298487886,0.664281909618077,0.345999536715117
-0.116719823122201,0.744121657328364,2221.48806421649,0.0100000000002183,0.667589036395039,0.315398905995721
0.634391015946468,0.60791040068934,2221.97492135343,0.486857136939307,0.489332323552485,-0.882965488459947
-2.04178383264353,0.175433598612772,2222.28355721315,0.308635859723381,0.214541552106217,-0.843277728150325
-0.811935187764264,-0.390887560192185,2222.77090184195,0.487344628791561,-0.382674237635267,-1.46700767968147
-1.20518171507951,-0.476037051853363,2222.89414691081,0.123245068860797,-0.554193656996253,-1.29926649811692
0.651108404461211,-0.795119518333983,2223.56307293517,0.668926024361099,-0.775217584546928,0.778096798187753
-0.642896339781892,-0.254876325316512,2223.98778707323,0.424714138060608,-0.209745465220158,1.60504107682908
-1.23885367469297,0.325936538060721,2224.35714988778,0.369362814550186,0.293355847425218,1.06637494635073
1.62080186583944,0.582243780977412,2224.69418998785,0.33704010007159,0.498813690030278,0.126278476242842
-1.36825035566699,0.60233858720419,2224.87109956621,0.176909578358391,0.519590075775,0.105297745210879
0.747864341836108,0.448646373402566,2225.15544401575,0.284344449545642,0.429994193429992,-0.692569962219517
1.28454890475606,0.342723262855573,2225.35968424773,0.2042402319762,0.289420376818376,-0.665470729919817
-1.22952791962596,0.229035198516125,2225.43418222658,0.0744979788541968,0.242496534305692,-0.592926093999014
0.210860243382815,0.258312012613298,2225.45603439677,0.0218521701854115,0.229188460877713,-0.624885853388534
0.363623284044733,-0.0291434387007523,2225.84259478892,0.386560392154479,0.0018259452222355,-0.521957387173669
0.836704096245531,-0.137120933329033,2226.12222260793,0.279627819001689,-0.117557338240335,-0.325004757272034
0.30766530381523,-0.116996465346899,2226.40031217763,0.278089569705116,-0.160183536067612,0.015102958467705
1.43424587389938,-0.181268117235723,2226.53390572008,0.133593542445396,-0.152604445595153,0.0970533358096471
0.77573260651752,-0.128922119896621,2226.54512789834,0.0112221782665074,-0.151407948830196,0.116161064653569
0.20429683473306,0.0985985291527446,2226.96354756949,0.418419671145784,-0.0236213771282659,0.463143772910117
0.560314616713394,0.0142292728245964,2227.01285669843,0.049309128936784,-0.000778578163909591,0.463034272029965
0.936667470651276,-0.0177096014253578,2227.0697776829,0.0569209844770739,0.0260797040969446,0.480079316675905
-0.659343404729921,0.270341436699915,2227.45837255066,0.388594867759366,0.247730780966903,0.622690655044526
-1.48694585885934,0.169125971309151,2227.46837255066,0.0100000000002183,0.253880385693333,0.60721359104803
-0.0903518369785817,0.213632285155283,2227.86645193646,0.398079385795882,0.30712959280669,-0.320289262806593
-1.08347523527896,0.0998945465970957,2228.17349820036,0.307046263901157,0.183280418776093,-0.464093031704698
-0.202712091338507,0.186706897789725,2228.18349820036,0.0100000000002183,0.178577358251308,-0.476461292442115
0.480737339971117,0.232020122178442,2228.19349820036,0.0100000000002183,0.173795484684994,-0.479865507752192
0.495829643395153,0.128934158950935,2228.20349820036,0.0100000000002183,0.169014416779874,-0.476314855684699
-0.00199651650242188,0.114370451049837,2228.28203528835,0.0785370879866605,0.132827610977203,-0.444313988245545
1.41509486483252,-0.0715956750782091,2228.76190829846,0.479873010112897,-0.0702720724120272,-0.371668784837673
-0.411092710004589,-0.10854670524398,2228.77190829846,0.0100000000002183,-0.073901601806702,-0.354255401009109
-0.653724191006361,-0.216686083734034,2229.03467927081,0.262770972347425,-0.167527189996254,-0.3493245515065
0.933517471303153,-0.332917474607779,2229.51558021135,0.480900940547144,-0.33187642991775,-0.296775604236226
-0.942017082134825,-0.355970465240522,2229.91443256266,0.398852351307141,-0.30259059003725,0.412386692570427
-0.193012017702115,-0.0895498843895643,2230.46468047917,0.550247916504304,-0.158466229775549,0.0898883887302502
-0.120566733210907,-0.135714808837061,2230.68251284425,0.21783236507963,-0.136996033982758,0.105146361526224
0.297135582034257,-0.0949167490030416,2231.13597547638,0.453462632135142,-0.0822325225355166,0.126478169810279
-0.0801412661805327,0.0677461729555806,2231.72808324181,0.592107765431592,0.0448053797102744,0.269793052348859
-0.449361913680115,0.160298510245295,2231.82641630376,0.0983330619455955,0.0697998839092213,0.237994073244851
0.295627563113596,-0.00804316682139898,2231.83641630376,0.0100000000002183,0.0721443308208127,0.230901816773137
-0.63432015893322,0.238707422174261,2232.31090155095,0.474485247191296,0.176945579346723,0.193584153183056
-0.861024381335358,0.0421321271387172,2232.93215829456,0.621256743610957,0.100696888901826,-0.388955545957714
-0.133141693236131,0.0789368975323349,2233.01839065046,0.0862323558953904,0.064048433486786,-0.459430290311312
1.11838801954218,-0.0973883134600878,2233.46464089203,0.446250241576308,-0.131129817954586,-0.388066717930775
-0.44163566243383,-0.21982272210429,2233.88721349215,0.422572600118656,-0.156830881410772,0.248039632065104
2.12317431783964,-0.0745097021453428,2234.13392177354,0.246708281394149,-0.103737113411678,0.178872717845749
-0.326222950805019,0.178523765377816,2234.55721146596,0.423289692416347,0.149774286629199,0.954346680674329
-1.12493290422388,0.318853067980212,2234.76510370727,0.207892241306126,0.321423614572826,0.684520061992082
-0.151830078698105,0.362606481092195,2235.02931383952,0.264210132252174,0.420113318648766,0.0582714839619593
0.315457373333219,0.397728340945664,2235.48858339826,0.459269558736651,0.316980795846471,-0.453765148985157
-2.13874662290139,0.123119516550983,2235.91024900822,0.421665609962929,0.121938106818899,-0.434155174798959
-0.752540815103638,0.0137064874400293,2236.06157964152,0.151330633304951,0.0325831674229701,-0.738163801688512
1.62312854898859,-0.0793390965182855,2236.16411819459,0.102538553065642,-0.045159787245281,-0.775166093198212
-0.265017180675731,-0.0783132250753253,2236.30111707705,0.136998882464468,-0.131462776923667,-0.483922217559178
-0.64057263707061,-0.441448085536036,2236.93772644474,0.636609367686106,-0.349641657089736,-0.149348408237188
0.527267743537029,-0.444941355096565,2237.55319546808,0.615469023343849,-0.369188555107146,0.0816213467246406
0.561512274087659,-0.0264398024912519,2238.29479847195,0.741603003862565,-0.01406861916932,0.710117235765638
1.03845725896512,0.215306051891059,2238.55339537735,0.258596905406193,0.172985645203465,0.71927239168454
0.202889264150877,0.234666777464701,2238.68037424677,0.126978869421691,0.266110441960261,0.741874406824169
-0.0623609410052437,0.415333809638242,2238.90786705848,0.227492811709453,0.410591490020722,0.512020540030932
-1.00333423076502,0.501969781458268,2239.14341788778,0.235550829292606,0.487266464280796,0.131158499344256
-1.65111205693983,0.537115905852562,2239.39449438873,0.251076500957879,0.441327226184926,-0.473985362696325
-1.41134083496072,-0.230391438252892,2240.00362815941,0.609133770678909,-0.204800711233101,-1.42224804450534
1.026310632388,-0.517529635617543,2240.23029903061,0.226670871192709,-0.524492673116856,-1.35029392984366
0.431410014046741,-0.81162207290002,2240.48963006783,0.259331037229003,-0.740277395102302,-0.25957264786386
0.0675985126902231,-0.77469752112571,2240.58041865138,0.0907885835454181,-0.747108519439858,0.107375189368247
0.443284745424582,-0.715095555549721,2240.64156930078,0.0611506493964953,-0.733955223895576,0.320358541340118
-1.03057828417017,-0.645152671791569,2240.7335696826,0.0920003818259829,-0.68945677022228,0.637962375818993
0.536210188986413,-0.265294378069138,2241.22405430116,0.490484618555911,-0.295199909633423,0.773505116460428
0.104832490520231,0.0466111483346669,2241.54814507553,0.324090774375691,-0.0139767115726709,0.920918887645656
0.030663352241858,-0.0379382554002258,2241.59647056487,0.0483254893356388,0.0301129898704241,0.903110072462943
-1.9963890128326,0.181878953215332,2241.98199262743,0.385522062564178,0.327517821376242,0.599956556114774
1.38888248558051,0.289687089073084,2241.99457852039,0.0125858929573042,0.334820982729153,0.560567325134458
-0.309672628251257,0.339207620937141,2242.14840370843,0.153825188037899,0.422626530687178,0.57154105619257
-1.69199630936724,0.466878626711794,2242.49792123881,0.3495175303824,0.503551463592621,-0.113784407843386
0.105340672292722,0.227695857052011,2242.90558894976,0.407667710950136,0.224944023182712,-1.13560384421827
-0.640885350498853,-0.0903514286400705,2243.29016095061,0.384572000849403,-0.177248119845404,-0.908263628255059
-0.906076416957518,-0.609691449895687,2243.76653436291,0.476373412302564,-0.542241198368938,-0.517691370581835
-1.34202157928306,-0.533455404892006,2244.30037945141,0.533845088492853,-0.603681865541553,0.290336515473581
1.22520712563266,-0.525670846280717,2244.47440185406,0.174022402652554,-0.543085939814698,0.392342494075453
0.900600442390562,-0.228442215612713,2244.76968691949,0.295285065430107,-0.319965683690091,1.04776794650055
1.04779003972753,-0.0249628337251792,2245.01445935253,0.244772433042726,-0.0373798822564356,1.22804028398904
-0.0592392821353309,0.734487939527511,2245.5825878269,0.568128474370496,0.642770673692233,0.929342879116884
0.509320860767744,0.563224298449102,2246.16574864298,0.583160816078816,0.58547821740147,-0.970853096268254
-0.259950237677018,0.206682193700777,2246.53248891096,0.366740267980276,0.200765210696335,-1.02055357762012
0.823950859067374,-0.233176757667492,2246.94638748864,0.413898577678992,-0.211390485735677,-0.913873140636114
0.785598931228155,-0.246536215942475,2247.05809891518,0.111711426542115,-0.302195069220178,-0.708666039054299
0.544592807556634,-0.320670765738227,2247.07478015703,0.016681241844708,-0.313753267724195,-0.677076430769359
-0.102092803328018,-0.436117850268845,2247.50470280449,0.429922647465901,-0.437342417209782,0.111964663822407
-0.179995275207206,-0.26432595133519,2248.02433865649,0.519635852001556,-0.261693673640783,0.486117110682722
-2.82427610082269,-0.117864095165216,2248.20336163002,0.179022973521114,-0.17303143016421,0.497044626370048
-1.56599267029127,-0.264832491693337,2248.74499272929,0.541631099276401,-0.274452089198083,-0.78855668037913
-1.25375788043738,-0.3347882831211,2248.79666911228,0.051676382988262,-0.315832163377136,-0.811565351455177
0.517356070456541,-0.530402077609217,2249.11254605261,0.315876940331236,-0.558034358389316,-0.662361419155621
0.463370679369021,-0.407926855312229,2249.80939593584,0.696849883224786,-0.35020223902959,0.998216331408085
-0.921333484284726,0.269316827943456,2250.40093087897,0.591534943133411,0.285225422736406,1.00287999266057
-1.99283433027644,0.535664226457408,2250.75427600015,0.353345121183338,0.493486467740996,0.145941474566812
0.126700753016749,0.306791724322827,2251.11302525081,0.358749250653545,0.33066076312891,-0.97214886481502
0.406065967679768,0.315554750268793,2251.12302525081,0.0100000000002183,0.320928257225949,-0.974275529616975
1.48271312626058,-0.0839180360225927,2251.58450159071,0.46147633990131,-0.0798627190608724,-0.701561113064995
-2.62562615205797,-0.133218249435723,2251.67566354087,0.0911619501594032,-0.13547493667239,-0.518092310689627
-1.27400385163535,-0.222963794246005,2251.88277584589,0.20711230502593,-0.283763154615353,-0.893703850438628
1.43710701755433,-0.628746720846169,2252.36348874945,0.480712903552558,-0.662906083268062,-0.524762536359763
1.90386452883755,-0.586884402553703,2252.66059175797,0.297103008522299,-0.623456101632688,0.741238800795452
0.67890338766885,0.326450218295497,2253.26291410095,0.602322342980642,0.275499176165868,1.88516960401883
-0.301282860152635,0.226726269194926,2253.28015780566,0.0172437047094718,0.307864584267273,1.86844402165795
1.3542168368173,0.860388390218142,2253.83213332575,0.551975520095766,0.832284667052626,-0.27740501106445
-0.242795004181518,0.694130123356917,2253.94619915385,0.114065828091952,0.782211733623289,-0.586382493983269
-1.15159132143457,-0.122653475979894,2254.65443957148,0.708240417633533,-0.0915364147266214,-1.34042922111289
-1.07065848623876,-0.484027695414056,2255.01172973044,0.357290158958676,-0.56072549627229,-1.18368232156159
1.83585074635932,-0.840824005743302,2255.28253969977,0.270809969327729,-0.800989460000865,-0.505462114519727
-0.873954931960795,-0.504863879201437,2255.70428839634,0.421748696576287,-0.510565152522752,1.60550220478866
0.424648196357652,-0.505072492194262,2255.71428839634,0.0100000000002183,-0.494511202970085,1.60514379912793
-1.16266869542633,-0.0896284662149673,2255.9211185083,0.206830111960244,-0.148224704931712,1.69811256635172
0.138031566024856,0.40590290472403,2256.40139341885,0.480274910543812,0.429327868360455,0.62557888128047
0.0349502972533082,0.466943110716694,2256.72473491096,0.32334149211556,0.546540365324499,0.078007263009657
-0.240076151924356,0.451657298957238,2257.06061170214,0.335876791176815,0.473537811500069,-0.471989646351311
-0.833040550852148,0.32590474716982,2257.3580275506,0.297415848465334,0.282196154727055,-0.767100265307961
0.920100977317515,0.224974819603286,2257.41379066495,0.0557631143437902,0.237755042979322,-0.825265075907426
-0.346884023006715,0.0261587871598772,2257.74108873053,0.327298065586092,0.0183179771505469,-0.49750245109021
-1.50484043016649,-0.118644271845657,2257.92484046398,0.183751733441568,-0.0742875616373838,-0.504643264197126
0.245624193258364,-0.361039496729933,2258.40245731252,0.477616848548678,-0.406058930065386,-0.795214891134583
-0.613785112097914,-0.615625682228294,2258.67763113695,0.275173824427839,-0.548936481443721,-0.219962378772606
-0.390314479882791,-0.603660169511007,2259.09888868093,0.421257543972843,-0.518550920264095,0.330092613709522
0.0280200485597383,-0.460794896741649,2259.11223331832,0.0133446373961306,-0.514042275218239,0.34557279567322
0.862806625526791,-0.503882454372975,2259.2263800551,0.114146736782459,-0.465157936396584,0.504215038673511
1.27143468536069,-0.0576363643538644,2259.59521048175,0.368830426642035,-0.171858113551867,1.00400692151055
1.9101532097854,0.0701591893426497,2259.78324492545,0.188034443708602,0.0338854250338901,1.16824610809396
-1.2703496542564,0.249483467035795,2259.97232398018,0.189079054721333,0.273667357728835,1.34699214979623
-0.594201931721161,0.562042410954971,2260.2741565275,0.301832547328559,0.548092324299495,0.428514101783451
-1.63863816032626,0.257657991518891,2260.99006251264,0.715905985139671,0.243930621956313,-0.991690358459702
-0.399393908808386,0.00115005431536833,2261.28417162436,0.294109111716352,-0.106883681350795,-1.34768223267955
-0.746958576822936,-0.3638178147609,2261.45941741633,0.175245791974248,-0.332870065537857,-1.21500194650469
-1.32758086722062,-0.388366549802771,2261.54008570081,0.0806682844786337,-0.428194435843652,-1.14346697028776
0.166582504570561,-0.802513535869704,2261.81659671373,0.276511012916217,-0.70478823948519,-0.776169903780613
0.0926865862156415,-0.682197187451935,2262.22617701886,0.409580305132749,-0.691091728449278,0.77715141814129
-0.657388753828573,-0.272300813342779,2262.51806223327,0.291885214411195,-0.382399670406336,1.22853080836476
-0.83477433514885,0.195618582614401,2262.96905426706,0.450992033781858,0.0979448733633508,0.828310875387869
-0.295201379791056,0.32592216183371,2263.3767955318,0.407741264742981,0.305505487113131,0.173566844589318
-1.5065592784977,0.305861851997188,2263.82563915434,0.448843622537424,0.274783421616875,-0.285140939954893
-0.186777610513584,-0.210863828086519,2264.4777368605,0.652097706164113,-0.235515319986622,-1.10812377315687
0.13290833310512,-0.565196435666685,2264.92793365827,0.450196797765784,-0.595722460088405,-0.385045912907863
-1.11608809063449,-0.588308986406706,2265.1145540712,0.186620412930097,-0.622031017584492,0.101745651924205
1.29463036876504,-0.503524110999316,2265.36232075284,0.247766681648045,-0.562365595073317,0.356382843381811
-0.327321117571186,-0.577981470465831,2265.37232075284,0.0100000000002183,-0.558645979321894,0.387466570817145
1.03341021540323,-0.271835984922009,2265.73613549202,0.363814739177087,-0.348783470230958,0.690084099452171
0.899365173501548,0.126669059608411,2266.19511154346,0.458976051441823,0.0856565963387476,1.10529758560874
-0.291042105937677,0.66766803127611,2266.73961970848,0.544508165021853,0.628918376754146,0.693764818927195
-1.05471244893799,0.706711202528845,2267.03891282029,0.299293111804218,0.68647397096088,-0.309073518753407
1.11323354047611,0.609457632812748,2267.21460036971,0.175687549421127,0.577436560468133,-0.897519191318103
0.338459641902002,0.384798387819027,2267.41080896346,0.196208593754363,0.398015875562836,-0.898497919533821
-1.25109061876032,-0.125768228728049,2268.08952946247,0.678720499007795,-0.146576626275044,-0.574257529864039
-0.604419403752223,-0.384192606175633,2268.44148566579,0.351956203321606,-0.375539857712483,-0.682386726243518
-2.57134295914366,-0.58183934548851,2268.90824201123,0.466756345437716,-0.573645263122749,-0.101628516934409
-0.859698051270394,-0.671107962899677,2269.40858051646,0.500338505229138,-0.653745628198158,-0.163204560373334
-1.0837563103044,-0.607141141551116,2269.65477978669,0.246199270225134,-0.636953511537314,0.284467095761167
2.19853269938999,-0.638456824310383,2269.80173416919,0.146954382500098,-0.582375054139962,0.446180224733277
-0.659923559225022,0.443483660965548,2270.55095465503,0.749220485839942,0.486748147419723,1.89454066336398
1.03398806913226,0.782609143725934,2270.75767421451,0.206719559479552,0.796120503701758,1.02338668843822
0.810875342163679,0.741246655566344,2270.78442008196,0.0267458674584304,0.822175136081412,0.923791542736423
-0.557785534233301,0.855292217439349,2270.91168751281,0.127267430843403,0.90405306117665,0.345903895481336
-0.594118983950862,0.589934373905696,2271.31175774534,0.400070232529288,0.607273668241575,-1.52759587596793
-0.223973253062231,-0.157033449516247,2271.75538737191,0.443629626570782,-0.155086462661672,-1.7191676890381
0.70414072785393,-0.314824537813039,2271.86902665905,0.113639287140359,-0.343265886420194,-1.58336391914309
0.147617612163946,-0.761832316422191,2272.29857157901,0.429544919964883,-0.731881350755669,-0.0824331475650476
-1.249193105146,-0.577984840066374,2272.65606494232,0.357493363307185,-0.558791720890513,0.928893828673881
0.782766742531443,-0.189666960487122,2273.08604177422,0.429976831896965,-0.195961546744849,0.659401836039247
1.03050122080718,0.142810963285468,2273.63189857997,0.5458568057511,0.241943558718662,0.849713443072875
-0.986797214252492,0.462783974181813,2273.94955525318,0.317656673214515,0.499336773509082,0.717614300315332
-1.2611301377607,0.338686548626033,2274.52112898924,0.571573736054688,0.418811874949628,-0.871884774617456
0.954719436802794,0.065708689916882,2274.85523181168,0.334102822447676,0.0426852975051261,-1.30545206433604
-0.297970252412491,-0.228464302821191,2274.97797617052,0.122744358833188,-0.105553048731707,-1.10580859604453
-1.03909221020937,-0.431510237557995,2275.3146681714,0.336692000877065,-0.43570894012198,-0.803804670943867
-0.107587323710838,-0.444281290391882,2275.3246681714,0.0100000000002183,-0.443714070466415,-0.7971380833593
1.28668879929545,-0.525875491062349,2275.3618737149,0.0372055435013863,-0.472227447640065,-0.734832126537172
0.0150128717620833,-0.56136301840166,2275.70038037465,0.338506659752966,-0.535017102442352,0.354251929250998
0.451653956551645,-0.415794350041498,2276.01777403915,0.317393664500742,-0.356261933466834,0.71409367411968
0.388515913243812,0.219643092806158,2276.57874720378,0.560973164629559,0.126294396767935,0.889179939409617
-1.28652596082179,0.233675278748091,2276.61623647728,0.0374892734980676,0.159389505890409,0.875907134780037
-0.592295927264368,0.350782909507775,2277.02503223965,0.408795762369209,0.336690496050921,-0.0152858360228411
0.594785806118282,0.167228702857088,2277.55128997289,0.526257733246439,0.159202185754864,-0.585275653469242
0.638938037155677,0.157252140621743,2277.60417671064,0.0528867377474853,0.12904298515967,-0.554761923132655
0.85938689671022,-0.153213421619044,2278.1612350549,0.557058344257257,-0.0626557998907204,-0.117641557761862
-1.29595619528209,-0.0888361657125293,2278.31525434605,0.154019291152963,-0.0685996321414984,0.0387645847938331
-0.442674653566217,-0.144661695007315,2278.61903089521,0.303776549155373,-0.108006346903619,-0.285731869006155
-0.730672409746588,-0.227831812022722,2278.89429633816,0.275265442948694,-0.187285087542204,-0.281878562220121
-0.0691241604574826,-0.24680855169396,2279.34063258134,0.446336243186124,-0.318677777698176,-0.277654374581091
-1.29492374449097,-0.424833206530007,2279.59050331534,0.249870734002798,-0.359986621770797,-0.051254754148345
-1.39688671054435,-0.405896159360184,2279.9096607477,0.319157432352768,-0.390059533216905,-0.128522898432337
1.3780539615993,-0.378471975241474,2279.9196607477,0.0100000000002183,-0.391357448710686,-0.131038489656123
-0.140414400639884,-0.330756347755419,2280.12398356366,0.204322815964133,-0.367130991972878,0.356345965320101
0.940905689155317,-0.256151317570029,2280.55479691658,0.43081335291572,-0.174796639453056,0.48786732097421
2.32571834657765,0.0766504654893257,2280.85906322237,0.304266305795409,0.0151277972129185,0.733691306894286
-0.513325891017034,0.668351280412947,2281.37332001327,0.514256790895161,0.576486029606319,1.2579112489496
-0.0866926085182821,0.705628953171813,2281.76203319562,0.388713182347146,0.765005217434391,-0.351542317319957
1.86644542808689,0.436853433220125,2282.10438433379,0.342351138179765,0.478677342917897,-1.16260671540309
-1.981336223866,0.266009017029695,2282.29719073186,0.192806398069024,0.277612177270506,-0.90052482907697
0.46543337534174,-0.125492036915432,2282.55040878876,0.253218056897367,-0.0105821817695324,-1.33778810046008
-0.42695252061928,-0.25629921594882,2282.80568760398,0.255278815218844,-0.308659902425497,-0.973851933239034
0.847148374959014,-0.686109210537179,2283.43908342093,0.633395816952543,-0.631647388029103,0.103538551708571
-0.581319923093432,-0.613619026200748,2283.44908342093,0.0100000000002183,-0.630446485838776,0.136586026641295
0.313197361364649,-0.367222446127379,2283.91274395915,0.463660538217027,-0.417615168421422,0.653970277257476
-0.642227789296763,-0.339581708227548,2283.98927908298,0.0765351238351286,-0.364357696353765,0.734305598788039
0.437136886595506,-0.0188886815363832,2284.46615617217,0.476877089185564,-0.0571598026602651,0.49728988303999
-0.111785054973421,0.256261071301688,2284.94706179402,0.48090562185098,0.195921221869551,0.511255960978204
0.0481381295834019,0.283801827888709,2285.09389802061,0.146836226587766,0.261938166519129,0.384971210674876
2.38455432527887,0.272810703618002,2286.02861179151,0.934713770900544,0.261815423794355,-0.323951088477598
1.40191374201589,0.212428710258358,2286.23677219204,0.208160400527504,0.235813380104588,0.0698860181346809
-0.0254171440560513,0.300912620762906,2286.59731173161,0.360539539577076,0.308742931421436,0.313651543083631
0.517152936647546,0.302125634369012,2287.05013977951,0.452828047891217,0.349956564671825,-0.126342957196643
-0.504935997175852,0.283617962544617,2287.21739475783,0.167254978329311,0.324684290286017,-0.172594792568152
-0.23123090228515,-0.0279434918430987,2287.87973449233,0.66233973449971,0.0131523939540094,-0.650466963159267
-0.639435972586532,-0.279874911499982,2288.40245603008,0.522721537744474,-0.288756192157353,-0.450292107704915
0.459503504159516,-0.465868605748204,2289.15223581662,0.749779786538966,-0.466328946360284,0.0447586578136948
0.506029878270691,-0.427617575335434,2289.39484520996,0.242609393342264,-0.404220655996063,0.446717970556547
0.0299434565538736,-0.426712036954467,2289.54639131606,0.151546106098522,-0.321799911556631,0.630303701697149
-0.125977294709743,-0.0865537113368227,2289.95135946759,0.404968151533467,-0.0472881580014934,0.675931743896289
-0.140131809890268,0.17706356971525,2290.5272360821,0.575876614506342,0.249025047209634,0.306351487932989
-0.0861515774308171,0.329007101434116,2291.03572880953,0.508492727435623,0.289281354015574,-0.139601477392154
1.65793551481124,0.130512899133057,2291.39636634801,0.360637538475657,0.19964661342794,-0.335655967174189
2.65441522594732,0.109155117814872,2291.69686193883,0.300495590824085,0.160896610054306,0.0722434157478414
-0.794546764250974,0.212078636011025,2291.91108569072,0.214223751886493,0.22602417742368,0.521821277536209
0.548449519390718,0.340621796874975,2292.20777059724,0.296684906514656,0.310226750645475,0.0445550302878092
2.17496836444151,0.3008580131888,2292.65181461769,0.444044020459387,0.306843878765042,-0.0551456271270305
-0.940693020784496,0.335250845743334,2292.96734812215,0.315533504455288,0.35672208806964,0.351000930828942
1.0607565319006,0.355727420048885,2293.36539715987,0.398049037723467,0.337910464780499,-0.414574244138946
0.527940607786138,0.252775573405391,2293.50099953113,0.135602371257391,0.285867007759608,-0.34968328319386
0.162354393197372,0.217967885559143,2293.51099953113,0.0100000000002183,0.282371073181721,-0.349506431734182
1.10116819299065,0.207536718527816,2293.73366022847,0.222660697340416,0.198402285041033,-0.394879565810431
-1.44408903607449,0.0752548109326514,2294.30360207817,0.569941849698807,0.119509979635355,0.110985241138872
-0.778915250839851,-0.00307033207477092,2294.81909816547,0.515496087297834,-0.0319358934951268,-0.638489521260022
0.42988226573888,-0.235600762101704,2295.14450202935,0.325403863879274,-0.251731123542301,-0.68323090532078
0.200551904873663,-0.354874883588335,2295.52439470008,0.37989267073317,-0.403481083303921,-0.0982348877284727
0.830206952395649,-0.267536057352202,2295.97891706084,0.454522360754709,-0.318643881831353,0.424526056370222
-1.84645875234773,-0.0477213117603665,2296.25082038886,0.271903328022745,-0.158445735255547,0.725824144947957
-1.20760656544093,-0.0357493310978937,2296.43409919082,0.183278801961478,-0.0573733480140903,0.375729921717678
-1.60409851719436,-0.00757592977301863,2296.71917385337,0.285074662554052,-0.00202359878942387,0.015880448870016
-1.73947250869906,-0.165965952542666,2297.28008196746,0.560908114088306,-0.212914534925918,-0.691221264105857
0.229477799285691,-0.451303925961357,2297.7179257073,0.437843739837717,-0.562852982125973,-0.791234742513225
1.27796589876234,-0.538034128930531,2298.16883106286,0.450905355562099,-0.620032787558422,0.520036191151243
-1.96126457033396,-0.481822965984823,2298.35865713492,0.18982607206226,-0.466438122216,1.05777433063282
-1.31265966742776,-0.0657070001152085,2298.91209041547,0.553433280543231,-0.118627365230082,0.140331076155429
0.069797563094892,-0.121041698590955,2299.05119168765,0.139101272181051,-0.109956495617011,-0.0143075269527283
0.0934504340592988,-0.20764392807835,2299.16321572405,0.112024036400271,-0.109687050755853,0.0187987798535101
1.24942760969054,-0.106568344079887,2299.42197828986,0.258762565813868,-0.0951091154098215,0.0909520912172465
1.92769346281422,-0.0787647134935689,2299.43197828986,0.0100000000002183,-0.0941298349172015,0.104889828105816
-0.240576245237858,-0.0699220515789159,2299.68300169251,0.251023402645387,-0.00653114194820481,0.575580415188703
-0.585954036631013,0.166736982436193,2299.92789050563,0.244888813122998,0.116985334064243,0.425843931371175
-0.152428575570319,0.109924248375842,2299.93789050563,0.0100000000002183,0.121191754420294,0.415428004083806
0.539712271924161,0.192900101879835,2300.14770193775,0.209811432122478,0.19403601139723,0.275336258647843
-0.244232644779995,0.359448663473386,2300.67954347972,0.531841541968788,0.320336351434639,0.17002642698746
-0.026038834749255,0.395137563557464,2300.80869389876,0.129150419040343,0.332867513880282,0.0246217891236036
-0.752156242732357,0.130150730488315,2301.4240254597,0.61533156094174,0.208336947958018,-0.366723723771034
-0.968014920923454,0.250591324756868,2301.53449122975,0.110465770043447,0.161879891588148,-0.471289086420328
-0.514646929538406,0.0139689086634211,2301.768568045,0.23407681525623,0.0256555337003836,-0.677118329718693
0.314644306178243,-0.138814754026376,2302.01528603777,0.246717992763024,-0.144678335822217,-0.688866257900049
0.215021891690752,-0.317853994026752,2302.38425052326,0.368964485492597,-0.324801126298551,-0.268160006763049
-0.823300206663727,-0.363594664330496,2302.50513576458,0.120885241321048,-0.348592380242607,-0.125134816513395
0.828322984432151,-0.391890997766389,2302.74517298425,0.240037219664373,-0.373522009593314,-0.0795275919512762
-1.25485242668682,-0.316011866122366,2303.00805700608,0.26288402183809,-0.332846517294911,0.37192644824334
-0.00281468466999864,-0.201736988320633,2303.49150609375,0.483449087663757,-0.234183411455964,0.0253037882916374
-1.6367741529933,-0.26873044196243,2303.50150609375,0.0100000000002183,-0.233904578912653,0.0304552833355097
-0.0669350965458383,-0.381489589912355,2303.96274015438,0.461234060628158,-0.326106997625112,-0.391471671689865
2.20213604578835,-0.433865164608694,2304.21935554905,0.256615394675009,-0.393056384248316,-0.12461026799561
-0.926212673272515,-0.13372650483576,2304.70032829227,0.480972743219354,-0.111058751018332,1.16932810306922
-0.106773716092992,0.170008354624991,2304.94036537369,0.240037081423907,0.12909454792092,0.819002871224969
0.853812095271282,0.22403711303143,2305.14578738097,0.205422007276411,0.278659475613786,0.62685745283604
-0.200463900430051,0.260577776099808,2305.15578738097,0.0100000000002183,0.284921289167837,0.625475116229625
-0.585766301279614,0.394444293552002,2305.93698104934,0.78119366836745,0.353907496994203,-0.412508289877872
1.36806040066953,0.318679099182223,2306.0893350304,0.152353981057786,0.27722866870182,-0.585029831300709
0.150793834333551,0.0555063622047377,2306.75920205967,0.669867029269881,0.136880593798296,0.162704186567565
2.41875085976059,0.101317352133901,2307.07073838275,0.311536323088603,0.175926069359984,0.0851603511342859
1.92767472021075,0.294267770599864,2307.34439183706,0.27365345430735,0.268861227826731,0.57137899448956
-0.989393025048883,0.5484343239377,2307.80174974913,0.457357912065163,0.589389623676144,0.705443636895762
0.595621271521357,0.574256078645559,2308.06564501261,0.263895263480663,0.646866736799952,-0.268402119062068
1.53691550343989,0.470415964132733,2308.29902889097,0.233383878362474,0.539956538573336,-0.610225133289829
0.365411408783009,0.462184058088667,2308.45187885222,0.152849961246829,0.448528757015229,-0.573339970089009
-0.0981137717818487,0.0469508190929082,2309.03340184724,0.581522995027626,0.0839012803134424,-0.567957614362193
-0.569902170400639,-0.0986573755943432,2309.26291506615,0.229513218901957,-0.0438060779637815,-0.535641837741981
-1.26334127582465,-0.0701054753916303,2309.27291506615,0.0100000000002183,-0.049172878652356,-0.537705755329169
-1.08853489315035,-0.270454988578052,2309.68208048193,0.409165415786447,-0.324279928345291,-0.751259763552706
0.478715936829747,-0.437419635640464,2309.96817921175,0.286098729818605,-0.523631800440565,-0.600455722771777
-0.50664252654308,-0.548685676066103,2310.07210959868,0.103930386930642,-0.571911777313931,-0.325531064610805
-0.624051056671572,-0.569002268489387,2310.46614657481,0.394036976132611,-0.563648645678151,0.34085289425803
-0.0912929200712417,-0.485214137649941,2310.72673812401,0.260591549194487,-0.442268167255803,0.55500353629866
-0.668800576783364,-0.5301623470052,2310.73673812401,0.0100000000002183,-0.436671294172138,0.56430225647102
0.021489822890675,-0.414036152210017,2310.98014891129,0.243410787277753,-0.295629396666139,0.571339517566202
1.68185618556101,-0.117784038380761,2311.21423064792,0.234081736637108,-0.153589180767829,0.625780369980581
-0.113475261651761,0.0431303890021881,2311.45163292717,0.237402279240996,0.0374575351025214,0.961232364529656
0.992289410828996,0.148869671187825,2311.56661041604,0.114977488875411,0.143151649261861,0.873832740129939
-2.11876557097101,0.644782325724215,2312.01022486441,0.443614448369772,0.5183202351108,0.716987221297415
-1.49286241140482,0.495080420784488,2312.36046641446,0.350241550049759,0.510688880005386,-0.71476673972252
0.496541671789732,0.285493734962651,2312.54967288733,0.189206472872229,0.331388816260174,-1.14679445812441
0.657619923056004,-0.0489823097216917,2313.0133409104,0.463668023070568,-0.130550882405886,-0.778148218627477
-0.936739494262895,-0.289824031959457,2313.21372844724,0.200387536837297,-0.258621746776282,-0.493712972966586
1.01249776629828,-0.395340992422934,2313.38638314809,0.172654700848852,-0.343788930066189,-0.484676583196416
-0.75304914504155,-0.316504623620254,2313.74885456304,0.362471414949141,-0.377956957643338,0.281141772993662
-0.198872860797491,-0.346386711596412,2313.75885456304,0.0100000000002183,-0.375139149497301,0.282408080615739
0.581662086995367,-0.322295592511148,2313.89111964567,0.132265082629146,-0.332477284393843,0.358225438861827
-0.0578308761962883,-0.331180652248376,2313.93088052643,0.0397608807579672,-0.31726513951538,0.406427376393354
-1.16978073364518,-0.16701730970443,2314.19615546348,0.265274937057256,-0.195757456717042,0.491554588287003
1.66699754904122,-0.0343535911053074,2314.58905284012,0.392897376639667,-0.0830145724247789,0.079184516422429
2.44514908620842,-0.0964349345935143,2314.79995928946,0.210906449336107,-0.0282747763101102,0.429773252175303
0.442402126640985,-0.0193658189284689,2314.80995928946,0.0100000000002183,-0.0238630318777442,0.452542681653328
-2.07516021363265,0.0761582009901371,2315.13590942532,0.325950135865241,0.131692943758677,0.48360156291973
0.945601281880802,0.115626207357794,2315.46631855473,0.330409129401232,0.153835873336267,-0.329870720651535
0.748072397111458,0.147226735573278,2315.59734057438,0.131022019653756,0.117465209683959,-0.224672136088415
-0.245799020297651,0.0721131527011775,2315.61526313249,0.0179225581132414,0.11353779251554,-0.213586336825156
-1.4938551305381,0.0738468157914808,2316.14435780284,0.529094670348513,-0.035058795952231,-0.316510574805641
-0.813567030634737,-0.107070957744173,2316.3160699514,0.171712148554434,-0.10691520830227,-0.513334176941415
-0.647262044270818,-0.187054201004694,2316.62800533806,0.311935386662753,-0.27652051741867,-0.550289162367795
-0.469325877644325,-0.366761066604773,2316.87025753062,0.242252192565047,-0.39757826312216,-0.433206338024478
-0.811564421598793,-0.474746754755453,2317.19391756093,0.323660030309384,-0.486135989340099,-0.0990558362625322
-0.339515277820682,-0.514667915876666,2317.571481456,0.377563895071489,-0.469761639690987,0.171328278332151
-0.897271372591016,-0.429645859652148,2317.77420070578,0.202719249778056,-0.416046232615334,0.346591631821017
-2.41200337132476,-0.419123241462596,2317.85474530114,0.0805445953560593,-0.387876445520777,0.351182809853657
-1.50795877271592,-0.373517206839011,2318.23223222039,0.377486919253442,-0.364237712249835,-0.213846562090982
-1.50188005213918,-0.628029059934551,2318.90651174466,0.674279524266694,-0.540877522121198,-0.205139332144064
1.2648920687224,-0.60720484429451,2319.1387648132,0.232253068537375,-0.573906014730562,-0.0732617474356037
0.213311995370606,-0.546250197173587,2319.34257146491,0.203806651714331,-0.52157041626348,0.564117540808065
0.456651410231043,-0.184643014612557,2319.76738235564,0.424810890734534,-0.182771986827097,0.920640504361173
1.32416770422449,0.213346021438338,2320.1510749112,0.383692555556991,0.178992510909091,0.916416629740496
0.826053890373285,0.249313054281321,2320.1610749112,0.0100000000002183,0.188180081687735,0.921044828059209
0.169979316741647,0.438460582090395,2320.50051070071,0.33943578950857,0.480924741421719,0.745810793962255
-0.0274410178081388,0.602460112819367,2320.69033102774,0.189820327027974,0.588111122639829,0.367921362737098
-0.720348658388715,0.644553759307684,2320.9382326411,0.247901613363865,0.604468372235158,-0.228536612761314
0.443604716221078,0.558945357369091,2321.10213483811,0.163902197011339,0.530625513016751,-0.65272793578265
-0.124832380073106,0.2572569720209,2321.4560077101,0.35387287198273,0.265108922176724,-0.774112780277415
-0.87283360409135,0.351131549627427,2321.4660077101,0.0100000000002183,0.25735006448507,-0.777660858858532
-1.59973089423831,-0.0723780198993346,2321.82731780746,0.361310097364367,-0.0739835348575609,-1.00511063992457
1.20931077307437,-0.373403584657603,2322.14701193242,0.319694124959824,-0.427488130149643,-1.14531928435013
0.596476799226249,-0.643191911158572,2322.56467170397,0.417659771550461,-0.606184698806632,0.319596057778413
0.475376057463308,-0.415276863892388,2322.80699847904,0.242326775066431,-0.45838627946779,0.851129550726818
-0.0973648186522116,0.178218933510081,2323.35042322049,0.543424741448689,0.108863808227881,1.08418690638317
-0.229869697685646,0.29602095465968,2323.55364278908,0.203219568598342,0.30854402890045,0.866368017297382
0.879716037931969,0.396508916569795,2323.58013809846,0.0264953093765143,0.330990914728023,0.827767110535602
0.494314970299232,0.690368211160702,2324.0238188456,0.443680747142935,0.615869842651459,0.35459913321488
-1.13235827562228,0.58209479447848,2324.24107226022,0.217253414612969,0.642359459868669,-0.109980298902124
0.504984730488764,0.657891326615531,2324.25107226022,0.0100000000002183,0.641075755481479,-0.146707093800698
1.97660059040623,0.408127799926961,2324.8201747756,0.569102515378745,0.33598229527537,-0.720796774450261
0.40023275371126,0.206604910264089,2325.02333633787,0.203161562277273,0.221964154415251,-0.395010761568351
-0.351483483831567,0.242232329770341,2325.06349442597,0.0401580880993606,0.206192144911632,-0.390217030815689
-0.687281376652675,-0.00126151222880391,2325.60589687189,0.542402445914377,-0.0615008546391034,-0.537807309710602
0.965469465081472,-0.09052733406274,2325.67509697331,0.0692001014208472,-0.0993520501167078,-0.555128333193676
1.72042013220468,-0.181018429969063,2325.85655809091,0.18146111760143,-0.175916082608851,-0.287461241453348
-0.675948330108403,0.058152221179349,2326.46072615512,0.60416806421108,0.0187560662751433,0.829940179181613
0.817472079954367,0.159074489478073,2326.70931959197,0.248593436845113,0.187700919210857,0.520354399945361
-0.486663260424215,0.346676249976523,2327.03801258392,0.328692991951357,0.357951698117186,0.486990739122051
-0.678697508408519,0.413160163293596,2327.26111653303,0.223103949109372,0.423496967346066,0.0972401690548214
0.316122903093586,0.426708837293879,2327.27111653303,0.0100000000002183,0.424371743873886,0.0777276357889236
-1.00635344748715,0.437740646022826,2327.37099935643,0.0998828234000939,0.427414981282973,-0.0162479638848465
-0.00213746886397419,0.11059182715752,2328.01765619583,0.646656839404386,0.0494716660848126,-0.966267641405975
0.216149992232061,-0.285764694161764,2328.27994135641,0.262285160580632,-0.185859383396418,-0.809727698511218
-2.74024729611719,-0.415255303520943,2328.63434677015,0.354405413737368,-0.39733945938313,-0.354750966854479
-0.519797215843536,-0.706311256557801,2329.09691118398,0.462564413828659,-0.665471018385032,-0.661467418276944
0.827402533697648,-0.667062014797402,2329.12853738161,0.0316261976322494,-0.685060314601842,-0.576641733341848
-0.0627954611428698,-0.734908642077007,2329.40107492455,0.272537542940427,-0.688003988325858,0.530570855064995
0.134739766990661,-0.487960302764659,2329.68199995112,0.280925026567729,-0.458088872646097,1.01779374138647
1.68140329230075,-0.0733463566474243,2330.03986405804,0.357864106923898,-0.0638218023071689,1.10864442635607
0.485418097627464,0.489322187089793,2330.45570164738,0.41583758933939,0.467859686968961,1.33627252868321
1.27750451484056,0.728537044433963,2330.66433258212,0.208630934739631,0.700964065173576,0.847762755446689
0.768834200619092,0.794475020077876,2330.8714054687,0.207072886579681,0.819016274800326,0.258332354587325
0.0586793908025147,0.861958338442004,2330.88231459659,0.010909127893683,0.821611339191869,0.217400287239478
-1.11197316932341,0.813566930925317,2331.01686299216,0.134548395565162,0.810997742397146,-0.365721873813538
-1.25237608953527,0.0712373099891964,2331.62815968075,0.611296688590301,-0.0104458613667102,-1.77520336885355
1.47866751141254,-0.661798432935117,2332.02560161418,0.397441933429036,-0.691831538560064,-1.46845924063522
-0.419436676433672,-0.733319679039195,2332.44876903621,0.423167422036386,-0.766790680625404,1.07933751100521
-0.4664202106092,-0.773744916075049,2332.45876903622,0.0100000000002183,-0.755858347716283,1.10684615933928
0.48914529224829,-0.440716321916918,2332.59300529944,0.134236263221283,-0.588470286175828,1.3512301909081
0.104153562426682,-0.56946052097143,2332.62165961329,0.0286543138522575,-0.548968187953779,1.4044735475001
-0.431136398630906,0.230161513966772,2333.09386996985,0.472210356556843,0.144834515883428,1.37247336218629
1.66490397732458,0.461880608354125,2333.30444845759,0.210578487745352,0.398093393730406,1.01089012342751
-1.88925079179793,0.633392554352288,2333.59701518403,0.292566726435325,0.674359339711897,0.795566130295323
-0.561002984287878,0.720180784670964,2333.89317039457,0.29615521054393,0.678521245393408,-0.730631546654414
-0.946029642186284,0.707252497704261,2333.95260587555,0.0594354809768447,0.629882317496197,-0.901211826794744
0.466367265438763,0.060594908124525,2334.35085363805,0.398247762502251,0.116154829596814,-1.50632074883513
2.01996452054793,-0.25040718305323,2334.64636204591,0.295508407856687,-0.275908208360887,-1.11365934160303
1.88640465068653,-0.467094151379535,2335.01085055955,0.364488513645938,-0.456065793498364,0.134050327422124
-0.266300609994323,-0.0535074339868983,2335.53555335745,0.524702797898954,-0.0280169310719686,1.32053066777939
-0.475823135965062,0.167991544660934,2335.76436148574,0.228808128294077,0.247103301752317,1.06553162531829
1.24537204655852,0.532087213940196,2336.34625801624,0.581896530492486,0.529200450699634,-0.167569090870301
-1.58819157960578,0.548114565100502,2336.35625801624,0.0100000000002183,0.527501461358567,-0.172214143558215
-0.226569583753594,0.203991127736481,2336.73672551814,0.380467501900057,0.259831118251554,-1.12517050362418
-0.137043287767097,0.227076195993755,2336.74672551814,0.0100000000002183,0.248565882692126,-1.12774732708662
-0.218065754584724,0.178117509036572,2336.82271575223,0.0759902340896588,0.162675828136146,-1.12991292204814
-1.4857483216911,0.113713051738818,2336.83271575223,0.0100000000002183,0.151377463526314,-1.12974791755417
-0.936765215530829,-0.340093558216256,2337.19612958351,0.363413831284561,-0.316356950974424,-1.37259773414705
0.954492548677064,-0.46624519148281,2337.27193869945,0.0758091159332253,-0.418509859649228,-1.31749296452108
-0.474427116570003,-0.655286178424015,2337.52026624802,0.24832754857789,-0.646824474113553,-0.477382243852723
-0.575110730088938,-0.720901488728089,2337.8045291163,0.28426286828153,-0.680082810087888,0.240006697673328
-0.856773113306699,-0.6472991560834,2337.81452911631,0.0100000000002183,-0.677571312712586,0.26221911587314
-1.00385145746095,-0.516899405476467,2337.99646142271,0.181932306406907,-0.601872640637551,0.546696861493434
0.247863910539957,-0.152781760402596,2338.70405491318,0.707593490469662,-0.1804876932122,0.428429141170629
-0.237590813027065,-0.173361071517783,2338.73436184298,0.0303069297956426,-0.167314947992282,0.44067812174322
0.0717872200675452,0.0629662208444388,2339.18460290416,0.450241061187171,0.0081677290010987,0.315617705615248
0.761955724302126,0.00901882975478755,2339.35398260594,0.169379701776961,0.0597032122702655,0.290334806657351
2.27068648604365,0.182988243091194,2339.83920954147,0.485226935526498,0.241249562106468,0.417864422953252
-1.72593919216594,0.526214700834942,2340.25778160142,0.418572059955295,0.517340748361676,0.806918376751035
-1.07423871409826,0.345133831937923,2340.7434349388,0.485653337373606,0.451502726767336,-0.968361482490625
2.82726704747544,-0.0126879413971875,2341.15475875739,0.411323818595065,-0.0545426777172697,-1.37910751178201
2.48947379347733,-0.0651560405288048,2341.16475875739,0.0100000000002183,-0.0681520791536077,-1.34276593498586
-0.692693159370526,-0.273328512539054,2341.37050453162,0.205745774225306,-0.273179040512562,-0.644646824964299
0.524952947135923,-0.437627104703137,2341.64951040796,0.279005876338942,-0.435127517797725,-0.490137935582098
-0.952164380708174,-0.370730826310135,2341.9957521497,0.346241741742233,-0.478194719690948,0.233372341994011
1.35231263998941,-0.500703737106311,2342.2088703104,0.213118160701924,-0.421019061951012,0.291860127415589
0.437764437266001,-0.332843191908353,2342.37246671765,0.163596407251134,-0.342966287567502,0.648475272647667
0.629807655140977,-0.217940729347465,2342.56997723596,0.19751051830599,-0.198960489319775,0.792522130228937
0.227902930020196,-0.0878733447091156,2342.66346009842,0.0934828624654074,-0.122257178886773,0.845123527476108
0.570270568766891,0.0752661818797882,2342.90567152343,0.242211425006644,0.0800321156894935,0.809308588774837
0.285150424478883,0.0552277774897885,2342.91567152343,0.0100000000002183,0.0881248161559797,0.809232869237648
0.215350950719104,0.420532522434027,2343.37383758496,0.458166061530846,0.400960835825714,0.495374051967437
1.67240686270105,0.479623962888415,2343.5449882926,0.171150707642482,0.467595899633733,0.277176058832434
-1.73875937086461,0.544089648811522,2343.5549882926,0.0100000000002183,0.470371788949265,0.277973693039223
-0.948628328141972,0.0169159758612408,2344.22861126752,0.673622974921273,0.0265149514657914,-1.32010303445665
1.68035617151232,-0.404723293901576,2344.63006108347,0.401449815947672,-0.497327621738541,-1.18576989277018
-0.0969485536203454,-0.479117753516469,2345.22592414624,0.595863062768785,-0.45698294802941,1.16628981932343
0.182343070875802,0.117530393875147,2345.70666066,0.480736513756256,0.103674048024582,1.04954729743896
-1.02503502484338,0.0991629994825592,2345.80152057685,0.0948599168541477,0.200441197997982,0.987609531976384
2.57271509769605,0.413650359897631,2346.05570440232,0.254183825467408,0.38399502251811,0.441977028179026
1.28501333516191,0.601941118422388,2346.30819057656,0.252486174237674,0.529132678818797,0.671467359516003
0.01773857636395,0.637768043087968,2346.6003972792,0.29220670263976,0.674363578672168,0.278293115819924
0.148872666256516,0.569530239420788,2346.99852628354,0.398129004340262,0.563345756839834,-0.739358636069219
-1.99579221332767,0.30911998009818,2347.44795916887,0.449432885333863,0.155021848791634,-0.943093133038559
0.913415977595197,-0.268054559230412,2347.77429500711,0.326335838236446,-0.233415473730885,-1.38024371412944
0.409881856100596,-0.624830535510036,2348.31993933539,0.545644328278286,-0.588931611047231,0.176097662584822
-0.543156097542906,-0.476204766738911,2348.70921184028,0.389272504894052,-0.365055063687152,0.867958183053346
0.469826635617832,-0.116254788692064,2348.93429100318,0.22507916289851,-0.17538981192807,0.79652175368653
0.84616514099559,-0.230706615368785,2349.01182346348,0.0775324602977889,-0.112447834725688,0.825065490643102
-2.22477679627675,0.0658951200009749,2349.14428130927,0.13245784579567,0.00187070842947703,0.895046991794275
0.0882906806589495,0.0432438149374702,2349.15428130927,0.0100000000002183,0.0106872529184692,0.868270270497555
0.285397913556998,0.269139739830163,2349.45064812574,0.296366816472982,0.245294079656034,0.692632870389417
1.01384321443605,0.478420106885186,2349.74005290003,0.289404774283412,0.412596495484359,0.439822596956092
0.182589334940843,0.416438970553627,2349.95822022598,0.218167325954255,0.496390193946065,0.314956726909967
-1.00365757598121,0.406757264691464,2350.44712691024,0.488906684255653,0.463550031872573,-0.40300411615014
-0.452227996229428,-0.0832032610353003,2351.01168641426,0.564559504019599,-0.0133644726469954,-1.11253665458275
0.262217981945364,-0.120373152759867,2351.11605931883,0.104372904569118,-0.12836227805604,-1.08709251377055
-0.4685932512497,-0.419076064965331,2351.40348874619,0.287429427364714,-0.388491075074836,-0.69361362362279
0.501480217187834,-0.614100258552258,2351.60924615087,0.205757404683482,-0.507582242878624,-0.447515833737631
1.06528465961434,-0.501454630902501,2351.88352671912,0.274280568246468,-0.538573447247907,0.215081677982815
1.95979616829491,-0.387993987278124,2352.19041329126,0.306886572135681,-0.357611421788597,0.898324235320348
1.13372225305671,0.163599672115015,2352.58082970491,0.390416413654293,0.137213166498652,1.53758605737377
0.285115150925495,0.470336066835796,2352.83292468108,0.252094976167427,0.515710084106063,1.40840921003062
-1.41573962606543,0.836570617643508,2353.21894939599,0.386024714916402,0.828691055279386,0.0641680518574578
2.18908166382302,0.776522698439823,2353.45680901829,0.237859622297037,0.689121181495374,-1.1516504242061
0.441092744448363,0.404008888649162,2353.71085609578,0.254047077486575,0.412194066788054,-0.955369870389064
2.66283159237271,0.346220074540313,2353.74397597886,0.0331198830840549,0.380438345120209,-0.961421449870978
3.26392072108482,0.156252969760696,2354.16673191186,0.422755932992914,0.179802434092579,0.0203037949921548
-1.23746718095078,0.306403209580852,2354.47263218921,0.305900277357068,0.310654106362784,0.796194344710278
1.405819915618,0.433475194453561,2354.65516480066,0.182532611446277,0.414546415460802,0.336429048898513
1.39702203715502,0.512861561893346,2354.95669642949,0.301531628827433,0.511061915615699,0.279606562316364
-0.811849637856553,0.475932805323054,2354.98972109178,0.0330246622947925,0.520051783235248,0.264560213354463
0.040211615189528,0.430637474187456,2355.35132017226,0.361599080480119,0.448952856602016,-0.605842990339594
0.365228774494255,0.285293086086604,2355.69377426667,0.342454094410186,0.204226560778663,-0.767179470416911
-0.980064352624177,0.117396827726532,2355.90570736041,0.211933093736661,0.0508904349305191,-0.669389428733889
0.772744436753476,-0.0696356185731325,2356.01087092385,0.105163563440783,-0.0233036365592654,-0.738412235248861
-1.09594798804938,-0.156637306749642,2356.21949309695,0.208622173096501,-0.150319472545462,-0.47441295862993
-0.865747638084057,-0.115942960335306,2356.22949309695,0.0100000000002183,-0.155090436588251,-0.479751815849061
0.146269658591903,-0.139488186813067,2356.23949309695,0.0100000000002183,-0.159902623972926,-0.482661110947183
1.06098210628055,-0.179524970958893,2356.32662168639,0.0871285894445464,-0.199109586518532,-0.416360668422426
0.359695160889029,-0.331596098462,2356.67038400553,0.343762319144389,-0.242186272631718,0.156100883498477
-1.55900198088891,-0.0539682635499078,2357.08575862866,0.415374623123625,-0.117087170014108,0.415131889347963
-0.658524437407641,-0.124388721798577,2357.56335890326,0.477600274598444,-0.0881320003000149,-0.271052842392851
0.624560367303562,-0.232018373139477,2357.91248988177,0.349130978517223,-0.198081213009945,-0.34184280371507
0.397993681431002,-0.191301555009566,2358.02013751453,0.107647632760745,-0.227709429972214,-0.20839355184961
-1.41838566790908,-0.207088216722461,2358.07649765634,0.0563601418052713,-0.237838450686562,-0.151073645811294
1.52475636387844,-0.275162697119888,2358.32510998171,0.248612325374324,-0.297672318637299,-0.319116430429898
-0.967718148544747,-0.218332283396763,2358.33510998171,0.0100000000002183,-0.300742886614691,-0.295002329052729
-0.442138848256735,-0.434963791991591,2358.59832071217,0.263210730457104,-0.378038271119963,-0.279947566147553
-0.0212382296300782,-0.482011174028529,2358.77204726815,0.173726555979101,-0.415156088850102,-0.144613150071516
3.29815144251063,-0.341741921532482,2359.18791874174,0.415871473584957,-0.37425415307058,0.312300644775444
0.135024235845345,-0.133375860817856,2359.44693551318,0.25901677144202,-0.165720234579657,1.24842383782071
0.318414733268828,0.0975883150328497,2359.67376431346,0.226828800280146,0.109037437658958,1.15444575169696
-0.4872670984747,0.354429549153184,2359.87780719259,0.204042879134704,0.331074821259028,1.00351231650564
0.73682381722566,0.502969535644601,2360.41370504937,0.535897856774227,0.547756867036728,-0.243827683400108
-0.465667931854764,0.394967871177506,2360.8533756228,0.439670573432522,0.371972544560148,-0.478064198808284
0.875609621023708,0.0233461494685901,2361.35381606914,0.500440446342509,0.0303430631249855,-0.794967768914864
-0.136163633911304,-0.0656462657809288,2361.61817867046,0.264362601317316,-0.134980814815957,-0.448333803164802
-0.948172537585327,-0.240971595199992,2361.83393831802,0.215759647556297,-0.221745272772545,-0.349926683025739
-0.973161207246585,-0.260427016373798,2361.84393831802,0.0100000000002183,-0.225258001887027,-0.352629700285877
1.27702258183714,-0.183416255471713,2361.85393831802,0.0100000000002183,-0.228798585824655,-0.355463360779651
-0.127806681949435,-0.216275833829583,2362.21529943847,0.36136112045051,-0.232051055958061,0.317507968642928
1.36092048591809,-0.194832746856196,2362.43362139906,0.218321960598132,-0.158704029490032,0.346991867564593
1.82965473644104,-0.0650743523434902,2362.5425787749,0.108957375835416,-0.112199387078343,0.503291154163532
0.124121980608403,0.160584468731917,2362.93185498757,0.389276212672939,0.199411894830197,1.03769141988466
0.0325819176687466,0.41611234197757,2363.1542409279,0.222385940327513,0.405072369232823,0.790278261754708
0.593206621151279,0.554538601598615,2363.46507065184,0.310829723938696,0.5654565358994,0.209290793470057
-0.20838504752226,0.52920382503507,2363.61044821159,0.145377559753342,0.579403528575702,-0.0170180118497402
-0.52726093735053,0.436211127909464,2364.05650718145,0.446058969859678,0.379008051628435,-0.765835101465903
0.477314143621898,0.426621905640386,2364.06650718145,0.0100000000002183,0.371291763247076,-0.777382740788534
-2.31146973336868,0.120311970413548,2364.34911212045,0.282604938998702,0.156476422533561,-0.71321945214644
-1.35310904730031,0.0385828601812236,2364.45111474677,0.102002626317699,0.0723359685126112,-0.931501718878262
0.710523903460266,-0.391864354731787,2364.88824414889,0.43712940212481,-0.397798685795905,-1.12433210133052
0.38300581764662,-0.594387160785783,2365.21151875533,0.323274606432278,-0.617137347035048,-0.185072751780394
1.82794790640325,-0.397644880952569,2365.76670387291,0.555185117581914,-0.347675610033539,0.945216132219527
0.582157568871267,0.131507711322088,2366.17183182386,0.40512795095492,0.174059843124335,1.52728056122671
0.155566308777452,0.414032546839434,2366.34801431498,0.17618249112229,0.430886771690504,1.3646092054974
1.49961279639764,0.717684446613822,2366.63032905899,0.282314744003997,0.721751174602885,0.613886561137563
-0.423892840504781,0.750220863364752,2367.01671602267,0.386386963678888,0.773213572140483,-0.351543529782511
0.346808232790384,0.413267267966825,2367.40647055088,0.389754528214326,0.40407296548284,-1.32339264964466
0.65275049983215,0.388184978865166,2367.45543719944,0.0489666485609632,0.339226693944086,-1.32299984696448
-1.15205343011548,-0.0955443488604661,2367.90545378111,0.450016581666659,-0.165344769111971,-0.850767202405646
1.33325714054692,-0.695760689579849,2368.53501551619,0.62956173508428,-0.652364221750963,-0.46099170366745
-0.0507050669279717,-0.534529753056501,2368.9447348177,0.409719301502264,-0.504121921098643,1.05207517748012
-0.431720561698292,0.0234833085127759,2369.35879520627,0.414060388575308,-0.0372898221381755,1.09544118680849
-0.037409386117567,-0.0110258276930245,2369.36879520627,0.0100000000002183,-0.026380691918839,1.08637465485511
1.13506071244038,0.205400764276844,2369.62644139201,0.257646185742942,0.230774257721596,0.889555914378701
0.906697835335961,0.239859316301599,2369.64904041274,0.0225990207291034,0.250915103375672,0.89266143547842
0.555823677838316,0.661444928881717,2370.0594902689,0.410449856155083,0.572460861733823,0.580071041805036
0.0370154114851771,0.573510377386762,2370.20288350187,0.143393232974631,0.635612119592882,0.292806329349399
-1.19869838568948,0.559916374587484,2370.42290397769,0.220020475813271,0.635794844877779,-0.280548977586207
0.465053592908976,0.596456640970287,2370.54783967231,0.12493569461958,0.574084050305415,-0.693314892435143
-0.944102525896891,0.222507499875968,2370.97976759142,0.431927919108603,0.219240020548059,-0.828910182022849
1.4982059668283,0.201876796643026,2371.0887835048,0.10901591338552,0.123388509143956,-0.924440306455759
0.136627587829621,-0.109823594019237,2371.52467140942,0.435887904623542,-0.108989197270572,-0.1360400238025
0.619806342734436,-0.111609431802935,2371.92793588139,0.403264471968214,-0.129074773324351,0.0336756403261703
0.749641256463079,-0.111599514106692,2372.15154976605,0.223613884654696,-0.100864885925944,0.212986249480407
-0.540328093499596,0.0566937192000486,2372.53667319964,0.38512343359298,0.0348864507950375,0.465976934604678
0.715287803459272,-0.00138411499181854,2372.54667319964,0.0100000000002183,0.0395040884436179,0.457530993447726
0.0637051119529699,0.374499813488456,2373.24126347946,0.694590279819295,0.385549125150099,0.426678767620453
-0.922279497313879,0.317503021603081,2373.53739314485,0.296129665390708,0.455246310831818,0.0373978843203481
-1.02822892392883,0.463350391636324,2373.63618593452,0.0987927896735528,0.447803766573763,-0.185605806853711
0.0411790498061524,0.200569896905379,2374.04262109976,0.406435165233233,0.214791820683799,-0.876089664829943
-1.66222775624485,-0.101677947771525,2374.41337543143,0.370754331668195,-0.0937228437372488,-0.751461645522037
-0.0993625670486089,-0.427641249678455,2374.75187059653,0.338495165102358,-0.39469333081752,-0.970395113250693
-0.0382241165873287,-0.590199968638356,2375.22727406715,0.475403470623405,-0.631759479608336,0.0537371876520206
0.759970247363887,-0.654527889085768,2375.38502230948,0.157748242326761,-0.594220584818937,0.40988316147918
-0.150842264333996,-0.0614468771013663,2375.92179798851,0.536775679030143,-0.102321705271853,1.19721836924845
-0.147313587832209,0.223018867580402,2376.20849409507,0.286696106566978,0.210771672413994,0.960767001413
-0.166205796242331,0.438086366649021,2376.45402034281,0.245526247734688,0.408429408778885,0.627470436520998
0.854277437208295,0.545952961533684,2376.7531744995,0.299154156688019,0.515830960889964,0.0757967624009196
1.64726410992291,0.451556823755738,2376.77674562385,0.0235711243531114,0.517367175445432,0.0545580024549201
0.728370226404612,0.458397241902028,2376.98716211092,0.210416487067505,0.526113220674842,0.0271805785105812
1.01552327777957,0.508462147690968,2377.17717624177,0.190014130853797,0.512790872897142,-0.161814637270189
0.837833265555468,0.483748927349867,2377.18717624177,0.0100000000002183,0.511142774368948,-0.167791678841671
-0.545881239685917,0.379308960040518,2377.49472996896,0.30755372718977,0.430789987271779,-0.328303952842402
0.548816635269828,0.231906819501392,2377.91538077698,0.420650808013306,0.180291825944803,-0.783780542209284
0.944863393793875,0.0588766797217168,2378.02260451765,0.107223740676545,0.0997335431223768,-0.716126037557522
0.840731685281249,0.0187514155965451,2378.17420999512,0.151605477470639,0.00427402892637469,-0.540452157684102
1.25708544554234,-0.222107899809885,2378.6411466309,0.46693663577571,-0.123476783631816,-0.00686075999888713
0.912126613980609,-0.0661849262130505,2378.94184019304,0.300693562138349,-0.0612676118687243,0.403558081370231
1.01633702085679,0.106713086863004,2379.15234526174,0.210505068698694,0.0401663407347136,0.550425960483288
-0.426672324584395,0.132390820752198,2379.33958491061,0.187239648872037,0.153167705262783,0.647409817422976
-0.799724804202732,0.305100227056562,2379.44538597654,0.105801065929427,0.215459814619247,0.528417735234652
0.746546293394353,0.280106457314697,2379.94470574935,0.499319772812669,0.28291010691661,-0.242892641572499
0.00802771064262785,0.253370865159738,2380.06456737735,0.119861628003036,0.255337650144522,-0.215750764506783
0.696281691424658,0.182032435571934,2380.54719553724,0.482628159885735,0.112526737428982,-0.341502183088928
1.09805787950901,0.0760215411567455,2380.94865689614,0.401461358905635,0.0293016788897006,-0.0706843604854962
0.251126600151362,0.0767146556461752,2381.14608848175,0.197431585601407,0.0356648199263324,0.131388383862276
0.395372477954562,0.0813885077820142,2381.43215246002,0.286063978276616,0.0766380634267399,0.150600560990244
-1.14889308279531,0.182345654229326,2381.72182064537,0.289668185345363,0.125511505326778,0.181006710896998
1.10906152480495,0.145941596852259,2381.94322573645,0.221405091081579,0.129743634225252,-0.137237528468072
-0.822040361133115,0.207452481054409,2382.44019603278,0.496970296334439,0.165999171909929,0.25948659904242
-0.356854375025257,0.144502156104315,2382.94425542564,0.50405939285929,0.139137470111116,-0.335040466910612
1.57739737066455,0.125293236384436,2383.16879861133,0.224543185689527,0.0536819948881575,-0.417675220833946
0.400232759799802,-0.0151446155152411,2383.48676465516,0.31796604382771,0.00433983964122672,0.0988079075374251
-1.57337587545625,0.0716281314157621,2383.92429372559,0.437529070425626,0.0745312737779802,0.207604137395986
1.55341439547456,-0.0727739150412857,2384.42279330567,0.498499580081443,-0.0308910842013937,-0.579367718369379
0.182330712970219,-0.0873948022836826,2384.54860668619,0.125813380519048,-0.0886736117446378,-0.339185693019181
-0.144513002836102,-0.0315356440892951,2384.55999118515,0.0113844989591598,-0.0925003075223803,-0.333077247356168
0.753114039221893,-0.11123279318169,2384.65439352203,0.0944023368870148,-0.122918988822083,-0.31052120707829
0.0377277464112427,-0.064728163019454,2385.39893424933,0.744540727299409,-0.0543759788865867,0.427787977551406
1.32830846957418,0.147290240634177,2385.65898991083,0.260055661495699,0.0523053871416298,0.384303860723679
0.378978466468944,0.0742430735919046,2385.77950669378,0.12051678294938,0.105711548762622,0.498589089293906
0.682413861089361,0.18000668979271,2385.99822523869,0.218718544917465,0.210850764575258,0.454458053814654
-1.42085854335894,0.381775184190416,2386.39594281153,0.39771757283188,0.377380069498924,0.349316932519298
0.121142149286038,0.362549757902331,2386.84048114758,0.444538336058486,0.28831723967135,-0.684554880556945
-0.992762414942862,0.206617766126569,2386.91075766004,0.0702765124510734,0.239764979850493,-0.695412123698489
-0.401353928608264,-0.146964197054629,2387.32196567435,0.411208014311796,-0.119229425228185,-0.987072484050407
-0.126651351983709,-0.345631302027605,2387.51898328871,0.197017614358174,-0.304404913280685,-0.877992652013619
-1.2874793617149,-0.514042283062744,2388.17409696373,0.655113675020402,-0.549795273160662,0.212237862809126
-0.536531470785884,-0.414489402714878,2388.50131260456,0.327215640838858,-0.461692307049424,0.295521035029983
1.5595357878215,-0.293017579248123,2388.76046755184,0.259154947270872,-0.366206265549775,0.419632361150786
0.760097152083053,-0.140113496015393,2389.04832410947,0.287856557633404,-0.161292824534046,0.960058412477363
1.06451447821419,0.242981584291552,2389.4492413087,0.400917199226114,0.24851769742607,1.02286248760238
0.585766779236228,0.483485916342407,2389.78516781392,0.335926505222687,0.568445338888763,0.804367157462449
-0.481334598806881,0.795706476186059,2390.20369688424,0.418529070325349,0.700257386412648,-0.21701225617689
0.500087535381345,0.660499462759222,2390.42587384859,0.222176964350183,0.575267955387623,-0.857657261044177
1.98581791322788,0.194340691729734,2390.91295200277,0.487078154180836,0.118309604504051,-0.869749479361841
-1.91985250584269,0.0546135265747122,2391.52775670434,0.614804701566754,-0.00524165685228405,0.425793295599754
-0.22855846392433,-0.00524716471425154,2391.88249191867,0.35473521432732,0.0164206183101475,-0.285042887145056
-1.01980152843082,0.0295514155666726,2392.10938310481,0.226891186144258,-0.0501005383806208,-0.296080962513121
0.253265585292648,-0.124517896236608,2392.20061667543,0.0912335706143494,-0.0801931854321733,-0.362153068170502
-0.292276659693518,-0.104581262854915,2392.4531416419,0.252524966470901,-0.151570750920812,-0.199930096753156
1.55053576925544,-0.217951879914838,2392.95467783945,0.501536197554287,-0.228304399264493,-0.0939725509934449
-0.468786054314607,-0.13299334428602,2393.26692292012,0.312245080671801,-0.160646167128744,0.50240654668011
0.711184500681931,0.0050150088534407,2393.75482329622,0.487900376094785,0.0250753972066798,0.238151264282434
-0.065553225275895,0.0446822345950193,2393.85489851556,0.100075219343125,0.0514937548309113,0.288500663191429
-0.396582066337585,0.132778220005458,2393.86489851556,0.0100000000002183,0.0543630105705926,0.285341418782329
0.573063974721137,0.00473456864293902,2394.44529255263,0.580394037072892,0.108616240745777,-0.0910711800324369
-0.461776197653865,0.0822074512466142,2394.93920349262,0.493910939984744,0.109817774065478,0.088211248474399
0.856449722831946,0.0631112234310446,2395.14796381663,0.208760324005652,0.112657195902572,-0.0586576032547079
0.534371706229958,0.148748246177348,2395.5849572442,0.436993427578727,0.144784302401495,0.19121980731925
0.23270596561062,0.224722740971324,2396.02209162492,0.437134380711996,0.23386734362632,0.19939425217208
0.474427537624071,0.233138482032695,2396.74845774561,0.726366120696639,0.264477012623594,-0.107032162635337
1.45101262327107,0.103329538434,2397.40786180551,0.659404059898407,0.190310607982873,-0.0955385118355946
-0.618107452574225,0.20693171410024,2397.74480537325,0.336943567735943,0.216411754089259,0.237222880286136
-1.37335737683391,0.208614406311403,2398.04435520241,0.299549829164334,0.23362167804722,-0.115843879314264
-0.449208246213405,0.0780776472005786,2398.3830342987,0.338679096288615,0.0985675219540357,-0.647542937345539
-0.875907016079382,-0.0154962453600437,2398.3930342987,0.0100000000002183,0.0920760944639813,-0.650728635967474
0.413365744545925,-0.237830720433796,2398.97926712333,0.586232824627587,-0.356401671247565,-0.766559758978894
2.4316440142993,-0.452402063597948,2399.10538547829,0.12611835495818,-0.438589919460991,-0.531672825147381
-0.888603743246752,-0.255316516756792,2399.55499763481,0.449612156523926,-0.295736110512256,1.05726189395679
0.288398366106217,-0.0252521473965749,2400.03970245711,0.484704822304138,0.0969503102673936,0.514236469899735
-0.267998878074662,0.302239828470506,2400.46123756915,0.421535112036054,0.286287923108319,0.354935179847729
-0.137392502536098,0.337323717145261,2400.62227965781,0.161042088659997,0.32841292450936,0.166850662827898
0.994374028997494,0.319160901246055,2400.78189319567,0.159613537864516,0.341655939642606,1.02493329132579e-05
1.10515967286907,0.244488927814716,2400.79189319567,0.0100000000002183,0.341661615157751,0.00112392350131678
1.2733264232786,0.361499172865401,2401.2302792524,0.438386056727722,0.360783295966686,0.0778255247341533
-0.381683626735636,0.490848807553387,2401.53602328,0.305744027601577,0.395139379226827,0.138076079349437
0.990861649203649,0.396460911148128,2401.79812806798,0.262104787979752,0.379880387068835,-0.243206729433931
-1.26530812965722,0.239716504830754,2402.16043267831,0.362304610324827,0.303503125106392,-0.163500517240272
-1.31497125884773,0.15532358496188,2402.32776286756,0.167330189247878,0.250465505538572,-0.461555612493245
1.22403996459473,0.193956303567952,2402.3787988977,0.0510360301418586,0.224792175397252,-0.543564273030276
0.415217326977266,0.180895359596045,2402.73668414702,0.357885249323772,0.0983422567612914,-0.156781586124218
0.722713146628035,0.0265793534755758,2403.0237086758,0.2870245287736,0.0659100283216274,-0.0680755175449123
0.264956021931998,0.0497193482945422,2403.0337086758,0.0100000000002183,0.0652604187896766,-0.0618491989745166
-0.782732960820923,0.0573847391719029,2403.05721843024,0.023509754441875,0.0638517811497391,-0.0579834456298337
-0.848193750256846,0.0114579936070515,2403.4545958253,0.397377395065632,-0.0216274853470405,-0.35097602255957
-0.604506824025429,-0.151810960114345,2403.70950833092,0.254912505620268,-0.128587112643309,-0.476023968055043
1.68389207121445,-0.230038490202755,2404.06906571493,0.359557384005257,-0.297063547455898,-0.434838107266897
1.23697740860262,-0.310184108031805,2404.39894776121,0.329882046284183,-0.300807979403581,0.389892318745516
-0.0846133089633587,0.306244201238414,2405.12014225244,0.721194491229198,0.295430797655168,1.055261214961
1.47409411240664,0.497584477545742,2405.51059640281,0.390454150371625,0.576433490296901,0.314098107842384
-0.610017391142409,0.620409251842553,2405.85129373937,0.340697336555422,0.628948326706829,-0.0189529714169925
-1.26665798396709,0.600697805114301,2406.01302112667,0.161727387302108,0.587143956532218,-0.483113742883094
-0.933382205256619,0.398915129804893,2406.24750183939,0.234480712713776,0.397790194029873,-1.07735980837933
0.733117505716708,-0.331422612330232,2406.8531805867,0.605678747317597,-0.379950680660564,-1.28402413535542
-0.577581976305163,-0.605447420050276,2407.19996991947,0.346789332766548,-0.651535363822453,-0.212997695438787
0.07890287720882,-0.548586028392561,2407.20996991947,0.0100000000002183,-0.653554514556716,-0.190817830521272
0.448760839993051,-0.514024520048254,2407.61691066587,0.406940746401233,-0.516035521838387,0.761660956361689
0.0804471692303709,-0.267740938832646,2407.88208530335,0.265174637483142,-0.267279236615274,1.05938499946717
1.59039343998028,0.0178051274172487,2408.16131439881,0.279229095452138,0.0255737112638957,1.00824204221738
0.0504396126801118,0.25997083594439,2408.34223244693,0.180918048122294,0.222287537538392,1.15082523297997
1.61941921654086,0.388263494733749,2408.51239324966,0.17016080273379,0.400943198697762,0.934383625243245
1.32116561693035,0.554582459639336,2408.70746726476,0.195074015094633,0.578132049497825,0.850963579503918
0.651252468344806,0.768429149134379,2409.09444415908,0.386976894322743,0.769166080044578,0.0478231377319083
1.73683144764416,0.657760846011819,2409.44137076875,0.34692660967039,0.619098932190345,-0.802865171647005
2.22417157966589,0.468686702876259,2409.62703779544,0.185667026687952,0.471196428282545,-0.761209205191141
-1.41122914798189,0.330551968294364,2409.86225943588,0.235221640443342,0.329423247779589,-0.426487560777577
0.647023471455489,0.370468498111533,2409.87225943588,0.0100000000002183,0.3250570620442,-0.446705617753109
-0.877452003656911,0.295766915846222,2409.94267259727,0.0704131613902064,0.29381144199699,-0.439574882084844
-1.55887765868998,0.257743840964147,2410.1099616266,0.167289029323456,0.202776321597628,-0.638532113778353
2.09741750708904,-0.201934967783506,2410.4841875244,0.374225897803171,-0.132362237530553,-1.09388509955985
0.291958174162382,-0.224529428742576,2410.92639399298,0.442206468583208,-0.322724441025334,0.226214325933944
0.295688249412368,-0.157946183188233,2411.18110465128,0.254710658295608,-0.236811576949727,0.432265071340872
1.94499750622235,-0.15093170899908,2411.31561886473,0.134514213457351,-0.173680839400453,0.501937753249006
0.800826726993852,0.162521012624827,2411.63777732226,0.32215845752944,0.0819221311202832,1.04146432471215
0.727782621090771,0.600889467767948,2412.16576772623,0.527990403968943,0.579409075148467,0.683490465418933
-0.0858285651396679,0.761147887036542,2412.41650572675,0.250738000521324,0.687225922502287,0.150747817604771
1.3503582099459,0.565837370521469,2412.70153971064,0.285033983883295,0.61002699052655,-0.641480449249165
0.164931891518859,0.467790485397056,2412.98991009388,0.288370383237634,0.415354717403839,-0.652149948185663
-0.196340171094123,0.0233748090248358,2413.49732746657,0.507417372699365,0.0541927023657687,-0.680022499734026
-0.902081776636437,-0.185174344672599,2413.96755286994,0.470225403367294,-0.239756686432754,-0.525196228549089
0.382551742394264,-0.209762222233344,2414.00054710213,0.0329942321905037,-0.257125586075408,-0.527348706603283
1.45117026394776,-0.387116214788208,2414.14542823442,0.144881132285718,-0.320017912981729,-0.338165018467433
-1.15419786318005,-0.270708475643048,2414.62366326805,0.478235033634064,-0.221938847393258,0.680433947401398
0.584184320463096,0.0583988784577547,2415.10150557375,0.477842305700051,-0.0247157940274513,0.13223226383114
-0.0649465771832402,0.0590540251540477,2415.36605978922,0.264554215468706,0.0282763091317073,0.2608282946038
-1.13694692373861,0.0154550790308646,2415.5353008374,0.169241048177355,0.0685098115493911,0.212986712710442
1.13840829204584,0.0472837252321154,2415.65835114956,0.123050312162832,0.0843575643162173,0.0456325705565564
0.0634060156911195,0.264863888552848,2416.19624473427,0.537893584708399,0.225218616327534,0.430732554406107
0.101950062005934,0.339716068471805,2416.52899093622,0.332746201953796,0.32746400591101,0.17285851482169
0.651890403562183,0.330098628813107,2416.84598133535,0.31699039912246,0.341373486803928,-0.0810504346096157
-0.159068007845889,0.274389396981533,2416.93330204826,0.0873207129166076,0.333619873574711,-0.0960120402077366
-1.18779934655682,0.18832414167752,2417.44674668965,0.513444641387196,0.182247976092444,-0.438203599365066
-0.899346394614266,0.156179635203003,2417.51930304503,0.0725563553828579,0.146978785610374,-0.53238008069474
0.978585343955522,-0.306171820585161,2418.13486490687,0.615561861835886,-0.292698803093976,-0.781812314528252
0.0706020093437562,-0.373145306273999,2418.14486490687,0.0100000000002183,-0.300412749423111,-0.760962096365057
0.912239901321284,-0.481055724578749,2418.66418204436,0.519317137488997,-0.496806948290583,0.0494053954469076
0.339388408876557,-0.368256530290773,2418.91381382545,0.249631781089647,-0.412627536236633,0.595242722204445
2.03182831551032,-0.00519902298414281,2419.5297939491,0.615980123654936,0.073384534699277,0.836411483383451
-1.44577600460089,0.766991012653397,2420.18070702308,0.650913073976881,0.759525298289831,0.885474142971266
0.378058267770388,0.694302107067938,2420.59864415112,0.417937128041558,0.637188719851667,-1.29868101676381
-1.37274527992343,-0.293897640113285,2421.32402810321,0.725383952086759,-0.284248448317945,-0.922072593626108
1.53055939086057,-0.730423129167926,2421.79107355,0.467045446792781,-0.674253885151224,-0.58515948471271
0.44291510212305,-0.681163635721682,2422.06093063701,0.269857087010223,-0.660764204772254,0.651197694050943
-0.854904665278576,-0.0574641853126783,2422.61181157659,0.550880939580111,-0.0544509958184086,1.27261629457089
0.732870969082438,0.0396254384004476,2422.75387698722,0.142065410630948,0.111569277321424,1.05918869818066
0.076375385262507,0.307696766364991,2422.98149149804,0.227614510820786,0.347021427035169,0.98560695398862
-1.29083776844675,0.660509366571739,2423.46293989604,0.481448397996246,0.612764607858724,0.0303298225782018
0.644587096143325,0.330368817145268,2423.94601052427,0.483070628230053,0.273571671971569,-1.22955277968235
0.10445559571157,0.19922529953733,2424.01308325252,0.0670727282504231,0.192640595245811,-1.18152193759112
-1.39323025294155,-0.344830931464163,2424.38370689212,0.3706236396024,-0.20712821600283,-0.930978620941113
-2.02427734848189,-0.215550132277677,2424.39370689212,0.0100000000002183,-0.21646115451724,-0.935547829320868
-0.90152426530295,-0.682381039811393,2424.80728546214,0.413578570018217,-0.647142517432811,-0.996402122502918
0.867253675273431,-0.655311923496818,2424.81728546214,0.0100000000002183,-0.656993009554412,-0.97349488396248
-0.977708792971372,-0.734393518048084,2425.03168486819,0.214399406051598,-0.764152554791896,-0.00584698084379926
1.11302769196151,-0.536378311183983,2425.54088524942,0.509200381226492,-0.495391742317459,0.824533216106054
-0.544521954798577,-0.080206734348174,2425.85244789542,0.311562646003495,-0.15444716959097,1.28536048430218
1.06802096250009,0.210527134379908,2426.15994116339,0.307493267970131,0.19012584995007,0.92791698894303
-0.264942622169405,0.652012667340932,2426.68780474772,0.527863584331499,0.62954826408328,0.56360287159912
1.63658987883353,0.768464492570032,2426.78505703275,0.0972522850229325,0.669547840429417,0.256075748879489
1.41278608555152,0.669151938485253,2427.02352281031,0.238465777568308,0.690838647161363,-0.0784507461518894
-2.07011980794522,0.461885797414812,2427.58679635472,0.563273544406456,0.47841301392282,-0.501583104183039
0.260332406884928,0.148973008175694,2427.88445063574,0.297654281015184,0.203265175190388,-1.27405710534265
0.583228055863865,0.157776954704868,2427.89445063574,0.0100000000002183,0.190547618160989,-1.26934553925492
-0.896249159493526,-0.225943598869631,2428.14035069271,0.245900056977462,-0.0917279813075051,-1.00768069095
0.0713381707973921,-0.662039770935533,2428.74176533859,0.601414645875138,-0.629766051991784,-0.564228093793673
1.25163925110894,-0.670140315744896,2428.93763842608,0.195873087488053,-0.682883323604033,0.0270659182949382
-0.389994654834308,-0.134105999132652,2429.52023131008,0.58259288400086,-0.138433099221352,1.47853964489114
1.83930690608484,0.577767631690358,2430.08166102714,0.561429717065494,0.487932313653323,0.620982063140618
-0.147791548234268,0.508409489838496,2430.09166102714,0.0100000000002183,0.494139991225365,0.620514230521519
0.925838385183018,0.43903359374454,2430.71270979326,0.621048766118747,0.459785293673099,-0.638024367684382
-2.20442986545904,0.237697259935083,2430.95343794914,0.240728155876695,0.308457316576994,-0.594391775948375
0.0352162764159569,0.00900314370135405,2431.28692169897,0.333483749830521,-0.0167142813413518,-1.29171849621604
0.438864365441503,-0.310300705981898,2431.46933465873,0.182412959762132,-0.238186417012609,-1.123641231923
-0.964607031923591,-0.388983209912226,2431.64309804162,0.173763382891593,-0.407877849052271,-0.816166452138747
-0.00279423039903553,-0.754518972151251,2432.06699877931,0.423900737691383,-0.65591631775236,-0.258466456547207
1.23557237054744,-0.589302010565126,2432.33596017499,0.268961395674978,-0.625048917675136,0.459916899357235
-0.181614017834082,-0.656017614130047,2432.34596017499,0.0100000000002183,-0.620276803546031,0.494418610583389
-0.0354587606677243,-0.310251297839948,2432.66146707858,0.315506903590176,-0.391163444410455,0.875223457040932
1.01366738780421,-0.127071889083638,2432.88555975041,0.22409267183275,-0.186480965941044,0.925446156697664
-0.662133970850701,0.318686995615397,2433.40773887388,0.522179123471687,0.366541967483767,1.07189317754447
0.0641294780515395,0.361768792135345,2434.25930511592,0.851566242030913,0.345161486615604,-0.940627681095047
0.315388542392276,-0.0647279352193297,2434.67760475118,0.418299635265612,-0.0448968219021176,-0.860432340996718
0.468071016500185,-0.337958321762343,2435.07414655745,0.396541806265759,-0.307419288223284,-0.433090208075216
0.140191766763359,-0.377586185348179,2435.37591458692,0.301768029471987,-0.370387048628436,0.0164332609148725
0.323540213573026,-0.285227083169576,2435.84282084893,0.466906262010525,-0.257409944791017,0.419603488095259
-0.471032952261565,-0.138269729112262,2436.06684104512,0.224020196188576,-0.148479705905666,0.539909584978613
-0.145459059003555,0.00350198471011332,2436.4144104386,0.347569393484719,0.0075015519900277,0.344448544691424
-0.559878168600639,0.0587863876525741,2436.4244104386,0.0100000000002183,0.0109293289787853,0.341086532811057
1.80042288391033,0.0368411098781877,2436.79784540759,0.373434968985293,0.0844634696723893,0.0523991739680238
0.866705541074263,0.1679637562201,2437.03015231985,0.232306912265358,0.137622970677682,0.394131800425903
-0.227538977014961,0.238959919489862,2437.09298144846,0.0628291286034255,0.163092778826529,0.415890541962859
-0.624229315322092,0.209228447861604,2437.25977300108,0.166791552622271,0.22114186660612,0.277957660398358
0.0260710869610155,0.197358179417071,2437.62783431719,0.368061316107742,0.23952252655637,-0.1674875319027
2.29534594181437,0.275618280896258,2437.63783431719,0.0100000000002183,0.237825876788776,-0.171831397776287
-0.185317784827517,0.273027345241433,2437.64783431719,0.0100000000002183,0.236199384611633,-0.153472491469461
0.583791802767563,-0.0225289416615165,2438.26130345769,0.613469140505913,0.0538030563253982,-0.384252741390757
-0.387177959240144,0.0429941659101,2438.45679860243,0.195495144737379,-0.00810826780140845,-0.247310971969298
0.352958400725206,-0.00531170092687901,2438.65301131085,0.196212708419807,-0.0606058656775229,-0.283714353215204
-0.379518732002039,0.00685183172548058,2438.66301131085,0.0100000000002183,-0.0634120949282034,-0.277536438836941
-1.06135503754956,-0.187240983040497,2439.03926868728,0.376257376432022,-0.170214191893534,-0.2753524778579
0.0861326224103418,-0.465267867538516,2439.70928088005,0.670012192771992,-0.421766544486688,-0.373558034973406
-0.269740085976792,-0.520278273687821,2439.71928088005,0.0100000000002183,-0.425427360929993,-0.358593644692847
0.589326497076025,-0.463328135075634,2440.16464950426,0.445368624201365,-0.464055187897059,0.179438140100327
1.54626788075016,-0.245410756179673,2440.57231136648,0.407661862221175,-0.258998085598911,0.748830326284726
0.0677415331434629,-0.230337971311689,2440.64394014364,0.0716287771642783,-0.200995498795316,0.86808022499718
-1.42314207229259,0.106834146666812,2440.93546414333,0.29152399969189,0.0471713226975004,0.810107909889176
-1.91420977472288,0.188281292709388,2441.34162640503,0.406162261697318,0.213695364459602,0.0106267743737698
0.366707156428904,-0.383064709129648,2442.07103245635,0.729406051322712,-0.292422645552406,-1.18439921200464
0.449919583508609,-0.365743857592365,2442.22471825071,0.153685794356988,-0.452787999119528,-0.889324438315454
0.704736397996895,-0.52850600724432,2442.38957080128,0.164852550565683,-0.566261212465346,-0.474409456804256
0.591186232619086,-0.436973820110776,2442.96792024296,0.57834944168053,-0.376406446415183,0.944128496660487
-0.957452866579091,-0.118987068303067,2443.15105623225,0.183135989289894,-0.188592946439865,1.08614051128655
-0.228312382189644,-0.222856658808363,2443.16307750766,0.0120212754154636,-0.175615648435597,1.07288417374601
-0.576623207215515,0.255854747774552,2443.6095558393,0.446478331634353,0.236889614777282,0.721684897591083
-0.137706034653408,0.380199145429998,2443.89397724935,0.284421410053255,0.37795524321462,0.257844869487219
-1.90826392758698,0.331921484180851,2444.20949498139,0.315517732042736,0.394918850191072,-0.143490428959654
1.40752606656761,-0.258140424490214,2444.96695214288,0.757457161485945,-0.33118654869573,-1.45130496667403
-0.797770643211362,-0.56193323042701,2445.11744441517,0.150492272294741,-0.513600972182626,-0.957365508304013
-1.01428400375741,-0.744919723149176,2445.4990509222,0.381606507029574,-0.734513147568953,-0.110856454065136
-1.35548673141388,-0.782878913332042,2445.5090509222,0.0100000000002183,-0.73549718562276,-0.085956122834071
-0.197726700989651,-0.645920613145849,2446.01295751272,0.503906590519819,-0.558212018865278,0.623718753973841
-0.222609168885362,-0.0116736902480915,2446.59489773102,0.581940218299678,-0.0852574426892486,0.816389082156154
0.854818486642805,0.126094855572174,2446.90391995157,0.309022220543284,0.138801772713371,0.615248853033302
-1.69628136087354,0.29947262538794,2447.12098088892,0.2170609373552,0.275621036315231,0.631877696695571
1.22956819990049,0.228814645882337,2447.56526934554,0.444288456617869,0.295875034493302,-0.502956476764903
-1.03279292477937,0.13145256197807,2447.82435888792,0.25908954237957,0.193888758265483,-0.276485542222782
0.0363323381631443,-0.125807200279719,2448.2801201428,0.455761254881963,-0.0449502106393785,-0.715452469390181
-1.04570948871891,-0.0447255650833326,2448.35018840479,0.0700682619853978,-0.0938237651661663,-0.678601461122047
-0.921641151594707,-0.21130160442072,2448.3981742409,0.0479858361095467,-0.126947799092304,-0.701305965121924
0.978563669657813,-0.121737433704742,2448.4081742409,0.0100000000002183,-0.133975982529238,-0.704294592496571
-1.65267507435557,-0.241141107020918,2448.72465820243,0.316483961532413,-0.273099599571545,-0.169266557609085
-1.17652495824127,-0.340009675025802,2449.01363738675,0.288979184320397,-0.355695253633288,-0.383337976342917
2.33342924806948,-0.500016582012619,2449.34797605733,0.334338670581928,-0.476788383794971,-0.311565962165115
0.0550912232432115,-0.21737113956231,2449.74964609292,0.401670035588268,-0.304733682906272,1.06667480700044
-2.07048977974632,0.210740369934619,2450.17262600688,0.422979913963445,0.13517800841113,0.947640421417182
1.1774543979218,0.347182097131654,2450.37276020936,0.200134202480967,0.26748481818627,0.37239746305182
-0.392427883381334,0.398773261458221,2450.72298987467,0.350229665303686,0.409597791627365,0.406933482970102
-0.660029435662595,0.501411871311348,2451.03713409079,0.314144216123168,0.448783439458936,-0.152667181752764
-0.562881732091431,0.352531523350896,2451.29296562873,0.255831537941503,0.352548672524562,-0.572166661238321
-0.702395679430124,-0.0477806824758659,2451.75905997272,0.466094343984423,-0.000785246757102514,-0.860930605837321
1.25936266774908,-0.411781388901031,2452.1799854452,0.420925472485123,-0.362791379635426,-0.794732997893907
0.884540188869673,-0.388876075564153,2452.50354985529,0.323564410087783,-0.475982593501671,0.100324650711852
-0.15475983612098,-0.48564525142855,2452.51354985529,0.0100000000002183,-0.474863313155063,0.123495178110066
1.04565106122886,-0.492856401574229,2452.64802660966,0.134476754369189,-0.447386229089535,0.280186491955361
0.0544849539171194,-0.340604823752248,2452.83492024834,0.186893638686797,-0.358877025536395,0.648795250319318
-0.96031826193413,-0.000682157932040579,2453.36206613388,0.527145885532263,0.0194449392200878,0.699007727071645
1.08642346441636,0.177483408253424,2453.72112985743,0.359063723552481,0.179640309855914,0.187585218533533
-0.836787487663199,0.306513361020575,2454.14228101407,0.421151156640917,0.301002512907839,0.358129115893753
-0.492124925058009,0.282940430217214,2454.38715108716,0.244870073093807,0.336120907640297,-0.0676794351118698
-0.219836057417591,0.112890949322316,2455.02952443685,0.642373349690843,0.0808146181958664,-0.618312724472431
0.873845235312781,-0.21110244773922,2455.59200011518,0.562475678327701,-0.242995460279388,-0.472772451166777
-1.17980951527339,-0.237374340508823,2455.82354138835,0.231541273170478,-0.307138113553045,-0.0809942378161388
-2.11741023922141,-0.318177956298048,2456.27046174078,0.446920352422239,-0.372690781426962,-0.189868814435171
0.281242480755747,-0.471122191989379,2456.54779470384,0.277332963067693,-0.458975986636756,-0.408948906359543
-0.364400793801596,-0.499739151419862,2456.59649906372,0.0487043598732271,-0.476634810305431,-0.315822243316417
0.778149316882508,-0.477976152111792,2456.73424730315,0.137748239432767,-0.507552186734494,-0.131174309022679
1.11972141442538,-0.465489300782353,2456.89460559604,0.160358292892852,-0.497004167345403,0.255891916875016
-1.11804689990425,-0.216049548644993,2457.29086809473,0.396262498686156,-0.228076824290564,1.00114081103971
-0.177251324105578,0.00837585729240671,2457.52651283994,0.235644745214813,-0.0265161072362327,0.697657187971615
0.986981507564937,0.0441345688004927,2457.53651283994,0.0100000000002183,-0.0195633899992715,0.692896905860386
-1.27887349624843,0.172814901290029,2457.86691857175,0.330405731804603,0.235699610547733,0.817476633661322
-1.17328218743956,0.430095084742401,2458.19914963938,0.332231067636258,0.37925186588129,0.0400129812428333
0.758456450250631,0.221223014598102,2458.53682553183,0.337675892446441,0.276195955666625,-0.610079860557493
1.33617272785051,0.138674103513414,2458.82438842175,0.287562889924629,0.123006188664791,-0.440272487393829
0.249729684156142,0.0550209690655881,2459.43897707251,0.614588650750648,0.0929604171666423,0.309709166407397
0.718424891226506,0.169353276835124,2459.55463361711,0.115656544608555,0.127989820688291,0.294704117172935
0.177679359306286,0.105585518121482,2459.70931287395,0.154679256831969,0.176701963143952,0.331715361319925
0.437759138796473,0.308078726715217,2459.84643501868,0.137122144732075,0.21845630042758,0.27546124374434
0.13168040084757,0.288800062542899,2460.23541180982,0.388976791138703,0.305388514130782,0.158039465254541
-2.34605595997711,0.342344993798672,2460.40421359024,0.1688017804222,0.322014462423534,0.0389895113076828
0.902491680531077,-0.0370545222642256,2460.92703487402,0.522821283784197,-0.0329173412912998,-1.25834874348891
0.772463266481078,-0.380211754516245,2461.42951726738,0.502482393352693,-0.428647150730186,-0.255172852267257
1.09817506205133,-0.351197463682753,2461.72709449546,0.297577228081991,-0.411932557781283,0.348353852457401
0.873039987736289,-0.0577306168701919,2462.28616445269,0.559069957228076,0.0239786891533797,1.06071909716581
0.398273545561366,0.591707303271936,2462.82393979559,0.537775342904297,0.566318039934034,0.790035569759643
-1.29341483658487,0.688440307777179,2463.17922168373,0.355281888138052,0.693811356272859,-0.108444230468528
-2.06474589395013,0.3766191114185,2463.54619139668,0.366969712952141,0.411563737314973,-1.27052649340406
-1.14007848707073,-0.618406410040777,2464.16995381231,0.623762415632882,-0.663180921288148,-1.79646239385646
1.04957570316677,-0.625982956855603,2464.97915840237,0.809204590054833,-0.562724923301991,1.55335531449173
0.396427814959942,0.226394990413383,2465.36363570049,0.384477298123784,0.122840504193271,1.86519929082627
-0.512928712814205,0.35343745648407,2465.48691453116,0.123278830672461,0.34546738434303,1.73479960763602
0.730152521353107,0.393752457699947,2465.49691453116,0.0100000000002183,0.36270059493241,1.71183042295027
-1.76531534785865,0.701213696864666,2465.74118898443,0.244274453266826,0.729531250703408,1.20151116610185
-0.199015598016947,0.827053158061338,2465.94723109205,0.206042107616668,0.845044790072833,-0.103996332045558
-0.280659104837156,0.589443558447789,2466.29756192712,0.350330835071873,0.565448875790339,-1.29010390803446
-0.286743253346283,0.314197573308685,2466.50782042897,0.210258501845146,0.270196554700829,-1.46650340128336
-1.89667516621438,0.0432368825096794,2466.64353539734,0.135714968373122,0.0710923258237085,-1.45674791140303
-0.012726146458467,-0.3670981777178,2466.94379244253,0.30025704519494,-0.408146432465127,-1.66780125269454
-0.105257146728313,-0.732407924891353,2467.21755573505,0.273763292518652,-0.76439375940655,-0.83163808473028
0.230491343803128,-0.807519128758706,2467.32178307687,0.104227341815204,-0.82782819816721,-0.376788370802627
-0.275177193098339,-0.47820565565936,2467.80788667952,0.486103602649564,-0.512039012069675,1.34229009106337
0.747048517000835,-0.0985516421348092,2468.12540433056,0.317517651039907,-0.0818197922088212,1.29019240206437
0.0743579571016598,0.145568736182564,2468.34806036577,0.222656035218279,0.207098945896386,1.28234010321057
-0.721873585633131,0.446485725654521,2468.48727352594,0.139213160165127,0.374285664102075,1.10867691494892
-0.0624498495767012,0.504104440579665,2468.73269809961,0.245424573672608,0.569266396950671,0.449863478551143
1.69885535355176,0.503662152278025,2469.0163364344,0.283638334782609,0.599434173957616,-0.231231022585662
0.764978780662209,0.617331555819635,2469.2746778162,0.258341381804257,0.529967432725559,-0.284924655282272
1.26038678102773,0.564276103284593,2469.41645327711,0.141775460914687,0.481654043940611,-0.388665424529345
1.57079484692652,0.327400481275893,2469.83063221313,0.414178936012377,0.336406090566717,-0.271313858082316
0.702435074898511,0.31636675395582,2469.9982633172,0.167631104076008,0.303100699460581,-0.124821485859833
1.35831942985728,0.260092000599529,2470.16234911802,0.164085800816792,0.283170461293458,-0.116423881648845
0.598358713201605,0.301273198629977,2470.49452281152,0.332173693499954,0.2840091926564,0.114855738904457
-2.20463351507775,0.334127992604181,2470.84550390566,0.35098109413957,0.313807213673245,0.0509523790901123
-1.06210119548847,-0.240508396966465,2471.45336705493,0.607863149276,-0.122690151610669,-1.30714677935655
0.505337297715656,-0.607360250405533,2471.7416438802,0.288276825261164,-0.491611267799546,-1.19206917666158
-0.446213985578106,-0.689846553573361,2472.02192694573,0.280283065532331,-0.702073028753773,-0.256288761102446
0.741322630550882,-0.721400967064235,2472.3221916737,0.300264727973172,-0.656315803401639,0.519837967823193
0.83740921935515,-0.0540647727625768,2472.88936570444,0.567174030742081,-0.0431914024552554,1.34393972935585
-0.0821139259837823,0.245394494124912,2473.07966828625,0.190302581806463,0.213896251108424,1.34032825230006
-1.4029795914497,0.69551868073912,2473.57170611388,0.492037827631975,0.651890912264943,0.289170065025309
1.91771902575498,0.338159739631492,2474.06738304618,0.495676932301194,0.343881533906814,-1.29528337755767
1.1277369338344,0.285629714621427,2474.07738304618,0.0100000000002183,0.331013065499541,-1.27834564740718
-0.157879038209161,0.119166782167274,2474.25156705719,0.17418401100349,0.125346866778348,-1.06949149015099
1.48861706922329,-0.397746108966593,2474.75181567356,0.500248616369845,-0.353044155673136,-0.759608098704581
-0.342196794430307,-0.274171671479669,2475.47220092406,0.720385250508116,-0.195373557527143,1.00932916045333
-0.11963624399559,0.0124523647854673,2475.72001151371,0.24781058964254,0.0368608351806317,0.847853468089925
-1.81004215431812,0.386146269736529,2476.20174410689,0.481732593181732,0.348551694986683,0.396383886880489
-0.880474336165549,0.13521361406471,2476.75067078347,0.548926676578958,0.162909384273193,-0.951661233850353
-0.914650488627319,-0.344658373137494,2477.22785478217,0.477183998699729,-0.332965060760131,-1.03229822707871
-0.519795445031662,-0.613486066071572,2477.53505902813,0.307204245962566,-0.609201976778151,-0.696792982305935
-0.964657722828109,-0.746847602880347,2477.93209845541,0.397039427284199,-0.687711628940348,0.312705545601643
-0.713044603567476,-0.443672406840711,2478.19511131807,0.263012862659707,-0.553692549909055,0.652177188033707
-1.60316596671889,-0.556090621329929,2478.235974526,0.0408632079270319,-0.526330612169089,0.685707485408301
-0.843163409818405,-0.528480679892219,2478.28922644738,0.0532519213802516,-0.490148665071469,0.671364780474095
-0.780317264964247,-0.392312422677813,2478.38542317627,0.0961967288840242,-0.424323199088679,0.691621885353088
-2.18040826429384,-0.00861491637406139,2479.1500056428,0.764582466530101,-0.0210825204566047,0.248712666335984
0.754155053018968,-0.0747179235726241,2479.43446631581,0.284460673016383,-0.0383529230856596,-0.354119981896644
-0.705277966432636,0.00621037296466113,2479.94603722093,0.511570905119243,-0.0885101632054851,0.145377814322273
0.124440774857057,-0.116213734275791,2480.36095272223,0.41491550129922,-0.0782213917826628,-0.0890833658128589
0.337470677242031,-0.107298068246801,2480.63573790508,0.274785182849882,-0.0904053494132468,-0.000454768968521951
-1.390880441135,-0.0159746004974534,2480.91335432774,0.277616422655228,-0.0715616394828375,0.131304435382151
-0.3250505700587,-0.140293415818965,2481.34007473557,0.426720407833727,-0.126748246297358,-0.363766044598664
0.229036869434614,-0.239855983309539,2481.6640015962,0.323926860629399,-0.234084777583194,-0.286443967823209
1.26730966824678,-0.249552424611191,2481.90954318342,0.245541587220941,-0.276627788175145,-0.0595111202436891
-1.3309783195077,-0.28579543742878,2482.07437525818,0.164832074761762,-0.260624036841448,0.248092051186189
0.222967586304292,-0.206073235900946,2482.1984585345,0.124083276322835,-0.23641992133996,0.141666287240939
0.266330404760037,-0.0357459375693175,2482.76364632705,0.565187792547931,-0.0722960890091581,0.389493607296235
1.19583693415891,0.140882289120032,2483.14629655727,0.38265023021404,0.0844333008329545,0.408794052782584
0.453901854753357,0.361480045331593,2483.47574019083,0.32944363356728,0.255188799705448,0.599581609080823
-0.145400422347716,0.532796743299324,2484.11654209481,0.640801903980446,0.484467737440307,0.0389157376264616
0.718638403692634,0.453214217048495,2484.21423088218,0.0976887873616761,0.480279212587984,-0.122970606922959
-0.273121261569037,0.466542379344054,2484.63147411981,0.417243237630373,0.380487971879733,-0.314523485130083
0.426986264910634,0.0703881758949788,2485.0765796864,0.445105566589973,0.155852156457822,-0.629575441456292
-1.4080605390409,0.15967722606592,2485.13611120049,0.0595315140894854,0.119144676144226,-0.602953272305877
-0.442750439814005,-0.262117753035617,2485.58263466912,0.446523468632677,-0.253937470293713,-0.993036160216507
0.65632866641133,-0.596524446162876,2486.11464276136,0.532008092246087,-0.616103600249216,-0.231503174977955
1.28525221810777,-0.663839010523457,2486.27410885476,0.159466093394258,-0.613180605449785,0.26097286342673
0.271681781419446,-0.388246154529399,2486.59993784708,0.325828992316929,-0.369959278088136,1.12950352756887
-0.33431227318238,-0.137563000043261,2486.77686824385,0.17693039677124,-0.163166673522626,1.18826157112702
-0.0116707495606431,0.172350472585089,2486.93830642574,0.161438181889935,0.0195300348687274,1.0664144147874
0.447088369949824,0.236624837560307,2487.24973408408,0.311427658338289,0.313989356199878,0.793307023504627
-0.150643647972944,0.58179954669323,2487.63272823149,0.382994147419595,0.54107628956492,0.335566869041153
0.361062766967697,0.56445653524792,2487.92108391122,0.288355679723281,0.546491222001677,-0.284565389236742
-0.691742617002179,0.120636304961745,2488.66445778168,0.743373870457617,0.139888786973493,-0.581745984219519
-0.196179964324017,-0.0628031040287861,2488.90882722351,0.244369441837534,-0.0190127732313065,-0.702838835717153
-0.429426041548389,-0.295305896070879,2489.52425389023,0.615426666714029,-0.365208357331714,-0.34307070900799
1.23117423309658,-0.298503511688171,2489.53425389023,0.0100000000002183,-0.368603107131622,-0.335854210650615
0.951840039646818,-0.172390412554555,2490.08428209191,0.550028201683745,-0.22119407915542,0.769606337350592
-0.360227811821179,-0.0891508535567742,2490.21078633374,0.126504241826296,-0.116188485014255,0.883864035133827
-1.32215196793491,0.0758982475267511,2490.41535909524,0.204572761504096,0.0507735832343513,0.739226770228252
0.5495148439446,0.12967133760325,2490.80306923198,0.387710136741589,0.199596430815966,0.0293516420135209
-0.529263056774032,0.194672884268475,2491.25871381248,0.45564458050012,0.220683795477179,0.0578144730237746
-0.274291630358308,0.137920424273941,2491.64327918474,0.38456537225602,0.170764097433659,-0.297482408043904
0.780977672681841,-0.0739496953732319,2492.12201583648,0.478736651745294,-0.0103253431956065,-0.422971662481008
0.0497884788646221,-0.0294561496343545,2492.42530196369,0.303286127203592,-0.0911593640152003,-0.10965312080016
0.0706055675306894,-0.179746499131228,2492.6665133306,0.241211366908374,-0.109035650887171,-0.0384515612025332
0.473939443675003,-0.0873155804633374,2492.99117393024,0.324660599643266,-0.105652799710662,0.0563090630881136
1.07852191649101,0.00719739333802297,2493.12750599499,0.136332064747876,-0.0920227799742294,0.142003807068999
0.891782160621789,0.0903779906631077,2493.53865194646,0.411145951472463,0.0549685115474885,0.538742389593745
-0.0276030556775643,0.0624465284198209,2493.75921683539,0.220564888932586,0.183714349964224,0.616700869007111
1.76010924291371,0.292303749172391,2493.81877653036,0.0595596949688115,0.219101486344787,0.570898916114033
-1.00306931525757,0.422689321120519,2494.16909682437,0.350320294006451,0.461992584382049,0.756589223741483
-0.45411962486542,0.553853000051628,2494.38645089145,0.217354067079668,0.557052579595089,0.109148836798771
0.507937137941672,0.278196330134248,2495.04289469808,0.656443806631614,0.20963119247607,-0.922247521130376
0.32973120973313,0.0429626602016178,2495.25763823405,0.214743535970683,0.0262485633730391,-0.773708062113345
-0.768088613833252,-0.248859553297322,2495.68622788945,0.428589655396991,-0.23065908163477,-0.397491808588322
-0.652191144926601,-0.439816940120144,2496.24212854359,0.55590065414799,-0.424905123994321,-0.241187881204905
0.174618954258893,-0.364446416306261,2496.2521285436,0.0100000000002183,-0.427281776130653,-0.234129293138626
0.252608974741462,-0.489145350111586,2496.38427234208,0.132143798487959,-0.444765246284547,-0.0308462532788934
-1.57394342356386,-0.375540792892432,2496.74554057985,0.361268237768854,-0.361502583849901,0.453870245694984
-0.971625488100175,-0.17709932062206,2497.24427648426,0.498735904408022,-0.25505803580092,-0.0358450141049768
0.983868526468603,-0.268243961636249,2497.61071038079,0.366433896527269,-0.289400609691397,-0.1417802690847
-0.882346992667939,-0.323827152957025,2497.62071038079,0.0100000000002183,-0.29073075445569,-0.124255484633905
0.868348662446448,-0.291879291724423,2498.00888827682,0.388177896032175,-0.343001972114141,-0.132822668306707
0.60307462858963,-0.114703322512612,2498.60158330528,0.592695028460639,-0.144318496967817,0.698556838798098
0.73778406739298,-0.129290055224373,2498.61158330528,0.0100000000002183,-0.137305360027762,0.704083331956402
-0.0314815553222352,-0.221207732797973,2498.62158330528,0.0100000000002183,-0.130231153861243,0.710696011009506
1.35038395693574,-0.0655174903274574,2498.87074806232,0.249164757039125,0.0396919506594648,0.640234865827842
-1.24179782288,0.580876537247058,2499.55602187691,0.685273814589891,0.579634260349421,0.699583965737268
-0.0465623900264207,0.394780988807673,2500.03570859103,0.479686714119453,0.488205998724867,-0.958246859133408
0.402318866389321,-0.0879120733319502,2500.61547869374,0.579770102711336,-0.117320728583035,-0.965451847859034
0.878693642250976,-0.396352773596741,2501.09092277354,0.475444079796489,-0.421182147216518,-0.260730417727581
0.53870419230842,-0.317327428478406,2501.47349711209,0.382574338550057,-0.365868527558815,0.508769742291686
-1.42441015920318,-0.136410988507542,2501.80900998873,0.335512876644316,-0.14065575959113,0.787454441472424
-0.0880650930551653,0.0814974579654364,2502.07498268129,0.265972692554897,0.0127594065920766,0.361557716993689
-0.438443384756491,0.159994136613673,2502.32997904762,0.254996366335035,0.0939340466478294,0.269973043695625
-1.70702751913124,0.102643384456486,2502.33997904762,0.0100000000002183,0.0965954704875172,0.262307552480412
-0.90482475449051,0.0912671360284133,2502.34997904762,0.0100000000002183,0.0991168373367226,0.241979790711292
0.830040627435727,0.0544515245016264,2502.8361469283,0.486167880678295,0.0789042532474334,-0.299265718385942
-0.954392756012849,0.140848910304303,2503.32503375138,0.488886823080975,0.0304329506154887,0.0928346805057217
0.139665421407334,0.0315650516862574,2503.48675087272,0.161717121337915,0.0318587519784998,-0.0730440530294984
2.66819146846423,0.0166681382065651,2503.69061953961,0.203868666887956,0.0194094147017488,-0.0486471516372055
-0.659636388514304,0.12566557292827,2503.90338727354,0.212767733933561,0.0667664571898094,0.480973622057136
-1.67366883718198,0.201322056694041,2504.27758327991,0.374196006371676,0.171744679481783,0.0779901880928128
0.580568975638041,0.263350738396549,2504.37273504311,0.0951517632006471,0.16988066548269,-0.115562762048217
-2.10356899465121,0.106228938401581,2504.38273504311,0.0100000000002183,0.168738758558569,-0.112816555261166
0.598272754081174,-0.0222081621901923,2504.62755565484,0.244820611723298,0.0732121899371597,-0.647801732344596
1.01865325787387,0.00667716622028543,2504.79373645179,0.166180796952176,-0.0231061797630026,-0.507933735276176
-1.15969537454574,-0.169063126042827,2505.19757187975,0.403835427957347,-0.119581906737458,0.025743122175778
-1.18458262657545,-0.164984386687621,2505.44711769696,0.249545817212947,-0.140620817097031,-0.187937256575325
0.579812929966949,-0.31095884094298,2506.10544595895,0.658328261990846,-0.384962805949092,-0.456338272350168
-0.11793673083177,-0.470161941951949,2506.41249855112,0.307052592173477,-0.43516842082215,0.126225255322591
0.885078630140283,-0.210403973970041,2506.94142624469,0.528927693564128,-0.252498128459146,0.4843956847585
-0.0824669317330991,-0.0897811039103412,2507.24747592353,0.306049678845739,-0.0565059877985877,0.765027603804792
-1.73485273236687,0.0414829531702421,2507.48546683119,0.237990907657149,0.11274327511251,0.645982440274555
-1.39331302110762,0.0533673034858979,2507.49546683119,0.0100000000002183,0.119088766073057,0.623088049155887
-0.163898216385071,0.197918385928888,2507.88784875021,0.392381919015406,0.212945962180631,-0.135007005734569
-0.138980633402166,0.142861820041474,2508.10439666239,0.216547912188616,0.17151173756273,-0.241875749355318
-0.709357288129371,0.132800642118958,2508.43272331757,0.328326655172987,0.0759362436436952,-0.326237457248391
1.16520087566214,-0.106719685117675,2508.85001673165,0.417293414081087,-0.108006560226614,-0.522363739711326
1.59603122866767,-0.0259231249961336,2509.37935851024,0.529341778593334,-0.156555726262906,0.311586842567789
-0.285655457781599,-0.0356576618805105,2509.66898803784,0.289629527601846,0.000791027105293629,0.748152274622665
-1.14363691514147,0.0700670429989851,2509.67898803784,0.0100000000002183,0.00823926890482803,0.741473663280175
-1.00718924210523,0.00162496371695154,2509.71330460635,0.0343165685103486,0.0327789208289079,0.688560260086488
-0.0619343047663792,0.190361657138901,2509.8961617438,0.182857137448991,0.134419234951122,0.420670606952986
1.51848012643688,0.295267045043588,2510.20227449468,0.3061127508754,0.234399906794386,0.224624495319531
0.535255625692874,0.286329294667116,2510.41447832926,0.212203834581942,0.299820631223208,0.382065633887887
1.17998141975176,0.428177244134463,2510.86933576777,0.454857438507133,0.418258255664954,0.112647275818322
-1.3291840051282,0.441029677502193,2511.40778914308,0.538453375317204,0.457333799116284,0.0192587196789212
0.133969387100033,0.27994195075998,2511.78214491373,0.374355770641159,0.293338399240625,-0.823986670275054
-0.0652227609377371,0.0505956995338269,2512.03555606553,0.253411151800265,0.0856775072984992,-0.793044762567319
0.866135716058538,-0.000830537774734224,2512.12272395707,0.087167891541867,0.0173150288479211,-0.773577251047124
0.764232394516008,-0.0771856929234335,2512.55131507246,0.428591115393374,-0.193623337682881,-0.198395945813001
1.18963061226569,-0.104839308243224,2512.57250679816,0.0211917257033747,-0.19753895885775,-0.171158465238214
-0.514500804832471,-0.0681180194596017,2513.00846800685,0.435961208683239,-0.121245522011062,0.483290627057798
1.87877835577292,0.0397217409413655,2513.39777167279,0.389303665940588,0.0225354945181022,0.244039927034707
0.308256767108544,0.189428023874807,2513.61597090546,0.218199232667757,0.113942622028272,0.580739878383251
-0.143789457295604,0.260425966200004,2513.93566769096,0.319696785503311,0.282087918422886,0.451035145810815
1.55853714580422,0.275530519533791,2514.19952988106,0.263862190101918,0.362426372746768,0.151753962465902
-0.685415694596154,0.443780112833357,2514.41168881418,0.212158933114097,0.404794311315449,0.239768627719055
1.29408156433332,0.36675253210982,2514.75654131562,0.344852501447804,0.375942888616381,-0.381534814751137
-0.92618431305655,0.181013592038493,2515.21885325542,0.462311939797928,0.264338381543151,-0.0828272256510243
0.733020940887961,0.171249441025217,2515.49567880983,0.276825554411971,0.188117525840756,-0.449432966193781
0.310417291077357,0.027091500918692,2515.72605959111,0.230380781274107,0.100566575935273,-0.305612110176046
-0.834192068172752,0.105294315134434,2515.99715701696,0.271097425849348,0.0286804828648994,-0.219947771735939
-1.70457474014776,-0.0843747347039965,2516.22975750827,0.232600491315225,-0.0417533107632905,-0.377139207063759
0.377740002912144,-0.295604125320729,2516.64616339767,0.416405889400266,-0.301922897598528,-0.812533049161872
1.63478844594139,-0.5324297783117,2517.10158530025,0.455421902582202,-0.488043473921705,0.0284245054167238
0.783690422452643,-0.167357828208596,2517.59815802898,0.496572728725369,-0.147613768065567,1.18221226727166
1.02827892373197,0.00134339355569763,2517.714777266,0.116619237017403,-0.00706753042097869,1.22197678336979
0.708286006737258,0.53468754587291,2518.21480188734,0.500024621341709,0.591712667450969,0.999174739168784
0.586688578082555,0.786929423469002,2518.4494458674,0.234643980058536,0.758185385046844,0.373019653999106
0.23452913137936,0.518562033624636,2519.02251059382,0.57306472642631,0.501775495392445,-0.97052587216256
-1.21976728333417,-0.0244583574122151,2519.6040346634,0.581524069579245,-0.0772004425704456,-0.861588475581842
0.0796582945650226,-0.172010450145846,2519.6140346634,0.0100000000002183,-0.0858473774917225,-0.867769132418881
-2.42729620193809,-0.412492670063223,2519.85713086738,0.243096203974801,-0.272880763875867,-0.656171190969324
0.0316801642112374,-0.671451761135857,2520.33266612586,0.475535258483887,-0.68082544519387,-0.86983426546121
0.392787549673932,-0.757217848533823,2520.63970671392,0.307040588056225,-0.768763295702124,0.312870850515825
2.08515145429477,-0.45905988614023,2521.01067391488,0.370967200960877,-0.43934426489635,1.26929774734761
-1.55108731637491,-0.379303068298194,2521.02207953593,0.0114056210509261,-0.424689902747859,1.30021194678126
0.371548042863732,-0.0474194880303707,2521.3645579548,0.34247841887418,-0.0611917581566291,0.776892341931599
-1.2190227727596,0.285946010463735,2521.88314659265,0.518588637844459,0.319476212204291,0.619011262255408
-1.26549699184463,0.43505094518453,2522.3148617454,0.431715152753441,0.366686284319908,-0.3773564368249
1.33748283494943,0.0043873502301473,2522.74920259696,0.434340851561956,0.0471236163338043,-1.00562323104365
0.663459739743988,0.0762016856988063,2522.75920259696,0.0100000000002183,0.0371549191439723,-0.988099822947222
0.465289502074635,-0.212721218337939,2523.14889760442,0.389695007458158,-0.253678825419278,-0.478045565866363
-0.745216148548626,-0.304378260296079,2523.37141835617,0.222520751747652,-0.326923297439685,-0.176924724925847
0.00196229577737244,-0.349517476038551,2523.7841394543,0.412721098132806,-0.379796096157439,-0.0687532994137025
-0.236330199338799,-0.365206366394952,2523.86167412521,0.0775346709106088,-0.381936804573311,0.0131198661962405
1.1119583372552,-0.38778166781075,2524.22138025984,0.359706134628595,-0.330919397934658,0.251100682649182
0.594060811919634,-0.369415907718074,2524.34730714953,0.125926889684706,-0.285450593562105,0.465492161958853
-0.380171670581855,-0.119828941429771,2524.57330517247,0.225998022945078,-0.157354921173996,0.651242155459481
0.295505653176663,0.219181385773493,2525.2707671528,0.697461980329081,0.154211730616569,0.193244244735182
-0.447529773833609,0.239270026983131,2525.31706270025,0.0462955474531555,0.16301464580516,0.186911012538248
0.284885375786821,0.127929274176852,2525.61479103185,0.297728331599956,0.179913646591895,-0.0690692188329523
-0.804322064850174,0.1058194112966,2525.73478380409,0.11999277223731,0.171184817818748,-0.0759210818802253
0.604227950836186,-0.0622888673074563,2526.36346306916,0.628679265069877,-0.058380851473519,-0.575904723589576
-0.542659714968334,-0.158957230551534,2526.76101027313,0.397547203969225,-0.20239177217056,-0.141009221722061
0.393119388150088,-0.242270332019142,2526.77101027313,0.0100000000002183,-0.203803100381636,-0.141248978717258
-0.217279805670529,-0.148993548879811,2527.38834135451,0.617331081380144,-0.133011581571462,0.327211367243822
-1.46342723553256,-0.0891246492881766,2527.48098060626,0.0926392517494605,-0.103228998983161,0.314837045978191
-0.500899614352262,-0.0934673760738802,2527.55999064956,0.0790100433032421,-0.0827440295105425,0.203861763229481
2.57888948024201,-0.0242421671280409,2527.99237092593,0.432380276369713,-0.0365427998028014,0.0100602971748252
-0.658214341778165,0.376410810879106,2528.54576502962,0.553394103691517,0.319946996599851,1.14856522963578
0.808434194631755,0.472500171442296,2528.87555932093,0.329794291305916,0.569706007159302,0.317131660026337
-1.40391434091462,0.619203486964081,2528.90831563575,0.0327563148157424,0.579327434512481,0.270077189434704
-0.600820016325884,0.494047121970681,2529.02877449984,0.120458864090779,0.585437062208801,-0.165130454132072
-0.419366127238446,0.46248060620155,2529.23426087571,0.20548637587126,0.499421925158416,-0.644497201074621
-1.76658845393592,0.480425578573225,2529.30359207193,0.0693311962259031,0.450861395828084,-0.752698563090739
-0.800960615701058,-0.40653880032595,2529.90092101951,0.597328947576443,-0.32240616827413,-1.59263640135939
0.0106434573110833,-0.825610688519746,2530.40609029284,0.505169273334104,-0.867361289658126,-0.234678817383353
-1.19924881902162,-0.874445852022315,2530.47195372338,0.065863430538684,-0.871727578158276,0.100888590697874
0.804697063520686,-0.734167993188031,2530.67171505675,0.199761333363767,-0.782829537673024,0.741250181311594
-0.132103353907942,-0.751076578519053,2530.68171505675,0.0100000000002183,-0.775198835346263,0.78468969724187
0.310931695706638,-0.632537639490206,2530.91267851121,0.230963454458561,-0.526286620415851,1.2790241912316
-0.530758945094946,-0.00845519942260327,2531.32628300119,0.413604489987847,0.0518235080007056,1.3882012399676
1.7271073680137,0.4997237631395,2531.84174943437,0.51546643317306,0.535567448012757,0.375828126279493
1.24965756808104,0.615159983859086,2531.85174943437,0.0100000000002183,0.539310377108399,0.372703431323333
-0.950291710825743,0.658351809114109,2532.27944781727,0.427698382900871,0.607717830422979,-0.0716944916009802
-0.994325367392164,0.635051793279381,2532.28944781727,0.0100000000002183,0.606838668435137,-0.104101615406644
-1.25830084760035,0.603844742477041,2532.34265491775,0.0532071004831778,0.596734986693183,-0.274270950781006
1.44067072253585,0.137707574672352,2532.86062373089,0.517968813135212,0.119365406359015,-1.33686596734642
0.24781127028722,-0.19991257710868,2533.39533380932,0.534710078429725,-0.297337263959346,-0.185644365495924
-0.648200703889924,-0.385231830943611,2533.61529589132,0.219962082006987,-0.312546856162164,0.0450123966457956
-0.366078799617494,-0.298216039354118,2534.07237384794,0.457077956619742,-0.284412551023925,0.0698872419247089
0.456092741442867,-0.287768332812245,2534.42036671571,0.347992867770699,-0.245866920384773,0.142619836758531
0.142508224486099,-0.207770632919522,2534.5693495182,0.148982802482806,-0.214597542929142,0.273345854617104
-1.41893955475643,0.0702144839231828,2535.14388028732,0.574530769120429,-0.00815872215316379,0.394805282597271
-0.241447516447044,0.0582222872076481,2535.29748200808,0.153601720764982,0.0336872529025102,0.15104187319299
0.681648897031285,0.0569603965144081,2535.61144893958,0.313966931495543,0.0619006927759817,0.0288792354464913
0.580997288349076,0.084941587158474,2536.00920930236,0.397760362782719,0.111907363297506,0.20946884245676
-0.919042467663037,0.196260843587006,2536.42066951387,0.411460211505528,0.211722048990511,0.257526159113838
-1.11667042846859,0.169412401215345,2536.72430330357,0.30363378970651,0.221571148972126,-0.182814262474427
-0.812534418976541,0.0317923890692433,2537.01397471323,0.289671409656876,0.1106157815581,-0.560905507273319
-0.171879383441434,-0.0229529292934395,2537.17270340563,0.158728692395925,0.0130708048168631,-0.66147296732205
-0.161268401795334,-0.0478536811950222,2537.22230376434,0.0496003587109044,-0.0195499310742891,-0.653346502410339
-0.315591159762575,-0.215126572790491,2537.64121354982,0.418909785487813,-0.261012413754413,-0.466080155564524
-0.621956207167398,-0.407363449647041,2537.87216968994,0.230956140115723,-0.352308175941613,-0.315359369966248
-2.72212146353666,-0.36461465002243,2537.91096594388,0.0387962539439286,-0.364188249078309,-0.296830514344378
-0.866140225732946,-0.728514294350524,2538.39919200388,0.488226059997942,-0.644863972819805,-0.701635428281326
0.264214866480059,-0.706665537402155,2538.47713658712,0.0779445832349666,-0.692775514415536,-0.523411347038218
-0.446299290411508,-0.39705245660526,2539.04809512483,0.570958537713977,-0.455109238534565,1.08635130228516
-0.464968716841336,-0.17289841229074,2539.36517668758,0.317081562753174,-0.11482421127061,1.00277846362461
-0.571695612826064,-0.146757304399193,2539.38886518864,0.0236885010549486,-0.0912785644270609,0.98498278165192
0.845444396532299,0.298609841286658,2539.82795857703,0.439093388389665,0.238276379531867,0.481573879498172
-0.973558695702631,0.328177580774808,2540.06152109705,0.233562520020769,0.349292760754157,0.455221154353605
-0.864164143615515,0.426888835655437,2540.128390682,0.0668695849508367,0.37498084806811,0.312741441941481
-0.795204719152596,0.370757607548339,2540.138390682,0.0100000000002183,0.378006519799226,0.292388695942557
0.769448485178799,0.398964691185913,2540.69700682819,0.558616146192435,0.258143590079373,-0.633520372080548
1.08241066957444,0.0886527562577296,2541.13126918919,0.434262361000947,0.0447875082553754,-0.323957470620136
-0.339776010583927,0.0152210784136196,2541.20939129734,0.0781221081415424,0.023004877158289,-0.233745454011306
-0.384502325219447,0.0290046686719055,2541.33161874085,0.122227443514021,-0.00738949804701146,-0.262082112703595
1.72359934983424,-0.132003810400365,2541.71269630415,0.381077563301915,-0.118549695128346,-0.305266227013265
-0.130674213792011,-0.155601897172533,2541.72269630415,0.0100000000002183,-0.12149637796896,-0.284077254774142
1.81307797442562,-0.177026102640025,2542.32598618037,0.603289876215968,-0.230459607103103,-0.0607905084301628
1.11201221722864,0.459152935823993,2543.24860534931,0.922619168938127,0.466284409576343,1.19503632282138
0.482986395379584,0.908356870446055,2543.65447688663,0.405871537320763,0.803462198983741,0.29938267445861
0.848700973895759,0.596362185711916,2544.09942714376,0.444950257132859,0.597842801755556,-1.01309584600906
0.490389971964192,0.376803233791848,2544.20793964715,0.108512503396014,0.484144781260362,-1.0687965663601
1.48503724255003,-0.0942375909574441,2544.7648004832,0.556860836044962,-0.0720789821145813,-0.795110656326861
0.75456545335168,-0.131405950732442,2545.42157030588,0.656769822681326,-0.155904462708073,0.489353657637779
0.11184172664978,0.0392553311653968,2545.77634943452,0.354779128635528,0.0589819610320397,0.689558770728346
-0.0442627389064039,0.263256926125467,2546.27653368195,0.500184247438028,0.334625624051365,0.363871799312398
-0.58771685325824,0.309215551042328,2547.00620271913,0.729669037179519,0.308073816321447,-0.375572358873955
-0.0414523798387253,0.25882825789283,2547.20132170789,0.195118988759987,0.215047356700021,-0.565607316791057
-0.0637949548049723,0.0504625284044099,2547.47091646691,0.269594759020492,0.0587817588630925,-0.577220098455098
0.362431387007509,-0.14541781978028,2547.82638478478,0.355468317868599,-0.131939352880479,-0.475618202226419
-1.04739117821951,-0.213436900301439,2548.18381413446,0.357429349680388,-0.242278780457906,-0.135062800471613
-2.23491430520842,-0.297410024594473,2548.4706006099,0.286786475437566,-0.295812611540943,-0.228125757746893
2.80828648261919,-0.398665191413337,2548.75318046246,0.282579852562321,-0.409476615972091,-0.548133612729636
-0.488782766403591,-0.51502855222649,2548.93246110419,0.179280641727019,-0.439954497467828,0.201262882703854
1.43427172019542,-0.404541759319696,2548.94246110419,0.0100000000002183,-0.437906235973769,0.208367447190374
0.480607710938021,-0.327963339577533,2549.16674370281,0.224282598622267,-0.33046290703062,0.72275219404301
0.106594720541492,-0.200128529486705,2549.286521052,0.119777349190826,-0.237862789631862,0.816511264713701
1.23223211399894,-0.212487062496135,2549.34447727856,0.057956226555234,-0.190212722742549,0.826626999029159
0.344342089550923,0.0400277820099661,2549.55666225281,0.212184974252978,0.0088103685492191,1.03040303955192
-0.118718214810817,0.540932704602672,2550.2893070653,0.732644812486342,0.568178450723739,0.278762174319076
-1.90529504005494,0.440926398509299,2550.78790880807,0.498601742775463,0.442527003751697,-0.674381370039275
-0.26426172488815,0.349937650641375,2550.79790880807,0.0100000000002183,0.435639668240683,-0.702984757819585
-1.73127823865954,0.308935209746086,2550.99850888755,0.20060007947859,0.275650393165753,-0.86833564834627
0.286795511112246,0.133053532067521,2551.10728056495,0.108771677400455,0.170424049111091,-1.05945940806331
1.45585242586622,-0.170607658955504,2551.44983222419,0.342551659240598,-0.153434591114423,-0.80021206096763
1.02185118079092,-0.268562583206352,2551.55238511023,0.102552886034573,-0.223900851935159,-0.572911010124268
0.923228170937601,-0.343586337607303,2551.78848431282,0.236099202587866,-0.307680977922506,-0.135195726518353
-0.62477789740984,-0.369933034020638,2552.09464462183,0.306160309012739,-0.270940076045865,0.356269676770816
-0.26049496347637,-0.318794750188612,2552.193303504,0.0986588821729129,-0.236733307696445,0.335666307005636
-1.28141497905155,-0.179428422971244,2552.50866715569,0.315363651687221,-0.130167904984657,0.326291366285863
-0.260896808394692,-0.155936772754309,2553.08360959734,0.574942441650819,-0.129316143172949,-0.293150508143872
0.538327431015283,-0.244328929136363,2553.19851328095,0.114903683607281,-0.161831419452246,-0.271564282962301
-2.13809008873266,-0.191500443991997,2553.612017359,0.413504078053847,-0.188149488324808,0.134654533602901
-1.20137135555862,-0.234181473481485,2553.90590574804,0.293888389041967,-0.222512414625803,-0.352123266041905
-0.842869153646858,-0.519423054974014,2554.52456094754,0.61865519949788,-0.482263891319618,-0.378651438346111
-1.36262476613081,-0.596726551023538,2554.86192260195,0.337361654409506,-0.552460864756325,-0.0233101476178596
0.748733961893064,-0.484292329590863,2555.04244704009,0.180524438143038,-0.547247399512845,0.0784957518998883
0.47875199204407,-0.172772272000621,2555.66247422253,0.620027182434114,-0.125185474209026,1.04504405112043
-1.57365172597938,0.347404658918496,2556.08540690611,0.422932683579347,0.308366941196263,0.938898592391639
1.71542274114254,0.457611533207854,2556.34230696007,0.256900053958361,0.452818609439553,0.175384125513395
-2.25445333543555,0.644730875010491,2556.92394865589,0.581641695828239,0.561919771880041,0.137293264641731
-2.38371326134907,-0.0921399000360506,2557.567575726,0.643627070110597,-0.058459965319712,-1.7045310543204
-0.274309564435784,-0.411441412053555,2557.76481921417,0.197243488160893,-0.416000119169152,-1.88338009399507
0.250944460994886,-0.648659173318666,2557.90494057862,0.140121364457173,-0.657614776814,-1.53307981241604
-0.280607884450793,-1.00779461730251,2558.28062346267,0.375682884047819,-0.88711190694971,0.422625140927486
-0.251951217332695,-0.839344037008126,2558.34531389185,0.0646904291829742,-0.85019489492759,0.711905353300608
0.262165019439584,-0.576636237726536,2558.52408780207,0.178773910216023,-0.667972356140632,1.25959351881159
-0.52705863852042,-0.640278159731238,2558.53408780207,0.0100000000002183,-0.655255539879262,1.28354406705269
0.609734976726916,-0.227975566265698,2558.83933762549,0.305249823418762,-0.235878741089148,1.35260732768935
1.20620071079942,0.411265523448524,2559.25771930211,0.418381676626723,0.331725937529053,1.27273872709979
1.24743932661983,0.663831487490805,2559.4940860073,0.236366705186356,0.613186208607762,1.05251314945152
1.84416304876471,0.535798523316205,2559.5040860073,0.0100000000002183,0.623627323550183,1.03563155139729
-0.781090877754832,0.812409931404523,2559.66980221845,0.165716211150084,0.7738476410283,0.742277208268275
0.845934269672482,0.668497110937418,2559.98816942798,0.318367209525604,0.749538338289089,-0.836558672024151
1.28666763853249,0.15834082532253,2560.65177353862,0.663604110639426,0.0636414545977662,-0.854424257697884
0.165861761539687,-0.0600703756065911,2560.81855688789,0.166783349274738,-0.0562099155793407,-0.579926128888862
-0.0316087758863954,-0.251595615044939,2561.21331654118,0.394759653284382,-0.2325473656845,-0.295360556659812
1.08483614815298,-0.252772760481412,2561.5444876978,0.331171156622986,-0.292818916297972,-0.0647969525808238
-0.797671686448803,-0.176970850432155,2562.05720010111,0.512712403314708,-0.114929976239765,0.683389599018023
0.969285314738184,0.0191859545506653,2562.34595974679,0.288759645673053,0.0415764943647743,0.392279520332606
3.3955278794921,0.0703879142758786,2562.3578862705,0.0119265237094623,0.0463037620219655,0.400435422856731
-1.44636566282522,0.19566847208313,2562.56018113705,0.202294866555803,0.187136356821901,0.971734876213237
0.867528591592812,0.36221587364908,2563.07928105738,0.519099920323697,0.358562788988973,-0.306092617628128
-0.653691892193741,0.245303346443118,2563.76070619592,0.681425138549457,0.211158185672354,-0.0855375184565194
-0.0570319637479005,0.152218084334899,2563.77070619592,0.0100000000002183,0.210248923506102,-0.0963017376488137
2.28789137450649,0.158877117299484,2564.07238609104,0.301679895116649,0.162078881465729,-0.213897794570929
-1.78505270315166,0.153514514896171,2564.2789167456,0.206530654560538,0.160514533023071,0.191866616489106
0.700477863607864,-0.111148105955094,2564.88059003541,0.601673289812425,-0.0795304358831705,-0.882695689236036
1.24389246698043,-0.285739161080502,2565.29086337416,0.41027333874581,-0.319888920416248,-0.26528221227161
-1.84876295019422,-0.368737220310603,2565.35433972281,0.063476348651875,-0.332348016633446,-0.127524533812841
-0.0160305362119352,-0.412151927389088,2565.76550185222,0.411162129408694,-0.449490008344515,-0.398345552798589
-0.843828381243799,-0.501375737153887,2566.13506655371,0.369564701487889,-0.487334158615741,0.187891985824179
0.684597617038342,-0.26909890020301,2566.41106528167,0.275998727965089,-0.417132401705253,0.30163497648825
1.05153445623687,-0.0573524778884876,2566.99479302765,0.583727745975011,-0.0315355856501372,0.877195583106537
0.747089361587706,0.0148345073396403,2567.00479302765,0.0100000000002183,-0.0227302464907598,0.883795942133787
-0.705533222942974,0.358416585630116,2567.40316887946,0.39837585180976,0.335988741387027,0.858679208972243
-1.50766186604361,0.429544389056121,2567.41316887946,0.0100000000002183,0.344475318393528,0.838593238662636
-0.649922483166049,0.538281992722051,2567.62581222256,0.212643343102172,0.456801251169279,0.211085029564619
1.03633511496955,0.396674818717799,2567.8832484244,0.257436201836299,0.441944281005164,-0.311874903189982
0.571209638824368,0.336721589548849,2568.25595423376,0.372705809362742,0.329424938804229,-0.263636492644089
1.53992619166151,0.358345488965063,2568.52294562214,0.266991388382394,0.257301988383458,-0.265971087280123
-0.181131073616083,0.23817840486272,2568.78990584686,0.266960224714239,0.224617801754722,0.0188824046287703
-0.771760823655527,0.099259598622682,2569.20939810554,0.41949225868666,0.176939072639686,-0.228564436103381
-0.564931163540668,0.179345886420702,2569.21939810554,0.0100000000002183,0.17460168189198,-0.238888472585872
-0.84528676905393,0.0575429172883311,2569.75106014263,0.531662037088154,-0.0411488053233548,-0.519245870328866
0.0603940793583153,-0.0838007313126048,2569.80980112595,0.0587409833142374,-0.0724732058915741,-0.546509005695459
0.0449988706332087,-0.352152567489313,2570.24790640886,0.438105282917604,-0.254482481994602,-0.261994721564842
0.690231127280537,-0.239431678248203,2570.72734387606,0.47943746719784,-0.289592649031468,0.10937812123367
-0.480348476871637,-0.218958594464996,2570.99718535566,0.269841479597289,-0.215487135951422,0.422747329596421
0.693996384813442,-0.0213998358425789,2571.46442497376,0.467239618099939,-0.0545830230985326,0.24435885748574
0.130746167829631,-0.108478440778816,2571.6035241216,0.139099147842444,-0.0143866666362606,0.330693737847993
-0.042910243539412,0.00132283189904037,2571.74889134162,0.14536722001867,0.033293397576246,0.323069263827599
-0.758509872718833,0.10988972060977,2572.25076127095,0.501869929331406,0.152327664011636,0.137551975700564
0.614630686270148,0.135495050642539,2572.46108944404,0.210328173087419,0.156421881895957,-0.0948728985260396
2.08103520040462,0.0694544899386701,2572.854644287,0.393554842964022,0.144455913846088,0.0317043398644784
-0.525051809030431,0.347450470226313,2573.47588289396,0.621238606960105,0.443096032850815,0.788866862921989
0.0416354474727431,0.422377245646986,2574.07671766174,0.600834767776632,0.471393407079914,-0.634872009439384
-0.646186469550289,0.357854290136714,2574.37320791256,0.296490250820625,0.250417604191542,-0.807367703263303
-0.181247795059607,-0.338456601907746,2575.02646572704,0.653257814476547,-0.344763092814587,-0.86026554928381
-0.162832883944476,-0.555403292724888,2575.34174574036,0.315280013320262,-0.545161962076473,-0.369566750842311
-0.741731301211244,-0.460482093803273,2575.7258656416,0.384119901244048,-0.543191941130839,0.354936420046628
-0.851927137326004,-0.380585368027745,2576.00148604805,0.275620406448525,-0.418475357762323,0.514568585956452
0.861910291120505,-0.1484015333188,2576.33120551015,0.329719462104094,-0.256085063739173,0.439264184826382
0.441435487471505,-0.00390642060781566,2576.77189434605,0.440688835901256,0.029943139559443,0.797312264859313
1.64940200119311,0.331529576583157,2577.14958090983,0.377686563778298,0.315080759260791,0.671033641139441
-0.446182196292542,0.564080155109441,2577.50743682671,0.357855916872268,0.56562611714454,0.654674018614161
-0.110933641551507,0.663735112518531,2577.62073965983,0.113302833123726,0.62113544006466,0.320656432975915
2.03729480867057,0.610579432663223,2577.63073965983,0.0100000000002183,0.624206231494594,0.293509222689454
-0.578602384872792,0.691238848443121,2577.77330970367,0.142570043841715,0.659324036101719,0.193466453607858
-0.150780335911404,0.453426753372484,2578.2089985472,0.435688843524076,0.457142876592493,-0.970027673350298
-0.202684736814023,0.336553160833156,2578.37071483583,0.161716288639127,0.290010680741306,-1.07695786844472
2.03290577301556,0.0059108688718882,2578.58390393672,0.21318910088803,0.057235438881066,-1.08584369800187
0.723544998974173,-0.100150478592533,2578.72261174006,0.138707803334455,-0.0693637226681357,-0.737753413568861
0.915904460885213,-0.208865428528692,2578.95213420681,0.229522466752314,-0.204593259761135,-0.43444319017595
0.153221039989499,-0.229481744570119,2578.96213420681,0.0100000000002183,-0.208858493477072,-0.418595402367657
0.809148857034834,-0.29450706039995,2579.39155208397,0.429417877162905,-0.305994048898008,-0.0265599921420912
-0.995909316948097,-0.16402748109335,2579.90439155518,0.512839471210555,-0.139570747079534,0.606446837754193
1.06965444682666,-0.124552884362325,2579.91439155518,0.0100000000002183,-0.133556686773695,0.596352254515198
-1.53521134118867,0.485766986452901,2580.61937554513,0.704983989947323,0.43361921261243,0.82462005779803
2.35272439251134,0.505850832466199,2580.73674790024,0.117372355105545,0.507652207944827,0.432961057571946
0.5289647395893,0.694794935817471,2581.26000078469,0.523252884453996,0.723505489433695,0.247979105769711
-0.330501718419971,0.698985177105969,2581.27000078469,0.0100000000002183,0.725838429990555,0.218581987908258
1.1175257496941,0.242394669033713,2581.93396440252,0.663963617827903,0.240585223994212,-1.22939002419743
-2.1818996631129,0.226635801958424,2581.94396440252,0.0100000000002183,0.228350648824578,-1.21746616698428
-1.83076644904657,-0.33962497838579,2582.29832141617,0.354357013654408,-0.304286941066288,-1.70385386286376
-0.808114580819751,-1.06310075188334,2582.81933513658,0.521013720410338,-0.997862259248733,-0.422304927658543
-0.16861091474627,-0.93243992519954,2582.99690189694,0.177566760356967,-0.973238630417156,0.670789803231479
-0.672291056673579,-0.169420952258511,2583.52570610359,0.528804206645873,-0.173449904451339,1.72997310669882
2.31676468156306,0.543864893267689,2584.10934933527,0.583643231679616,0.545317533406679,0.567712810980533
0.191762224370991,0.714206724906848,2584.52976780488,0.420418469612287,0.746937530572634,0.279960152556046
-0.936131689387447,0.547231105733217,2584.95262557997,0.422857775089597,0.5805288672049,-0.912256668410304
0.700778008966914,0.154963629810905,2585.32143721982,0.368811639853448,0.124493482660035,-1.42840911075066
-0.899634164442041,-0.397757472999873,2585.76209371406,0.440656494239192,-0.363275578589644,-0.722903166166282
-0.388712216163773,-0.516272773879535,2586.23831398895,0.476220274894786,-0.609544979640222,-0.216672789038325
-0.0187395013266921,-0.26135107323665,2587.04458448893,0.806270499975199,-0.274802578687628,0.710493479224933
-0.456998593027613,-0.0184972525968191,2587.30390953139,0.259325042457476,-0.0872312192761104,0.715562019750079
-0.333376330624863,0.1603871230386,2587.76524411357,0.461334582184918,0.160098193508642,0.331821710719465
0.353345092370536,0.244237166920558,2588.20271888574,0.437474772162659,0.222587124514917,-0.0441472332160604
-0.720194725604303,0.128401851004425,2588.43363179568,0.230912909940798,0.209463633313813,-0.0676945937851461
0.615302740786464,0.234333931136439,2588.44363179568,0.0100000000002183,0.208729256208052,-0.0791683216109702
-0.423487438816517,0.0977155515099754,2588.89583631364,0.452204517968767,0.193312112368441,0.0105834242015016
1.19801690760932,0.178934860400923,2589.21906388975,0.323227576102909,0.155317577952804,-0.23393353753202
0.478381113980232,0.132231390410521,2589.38299995235,0.163936062604989,0.130181471925418,-0.0733432933464214
-1.66296443635454,0.114735790925066,2589.39299995235,0.0100000000002183,0.129460234273693,-0.0709040418028696
-0.255112347204763,-0.0647567873868436,2589.80500848373,0.412008531372976,-0.0441717326387932,-0.724431299696103
-0.610540180775348,-0.0738468641449707,2589.81500848373,0.0100000000002183,-0.0514060816944995,-0.722464353957424
-0.356575429500532,-0.449608654631606,2590.35773970076,0.54273121703136,-0.419934164090316,-0.543116352385391
-0.810431190386984,-0.436162719149203,2590.36773970076,0.0100000000002183,-0.425308807500072,-0.531775399760857
-0.552045308744418,-0.531706677453044,2590.50076636397,0.133026663216697,-0.48910523627626,-0.421293503039826
-1.52305983644371,-0.592324754803205,2590.67236477792,0.171598413940956,-0.542157159519077,-0.191182795245594
2.09064834774356,-0.496573601648916,2591.26766955086,0.595304772942654,-0.558977886625926,0.129080035725378
0.810543716165114,-0.694750301057289,2591.27766955086,0.0100000000002183,-0.557486737896984,0.169102840016027
0.465773687253164,-0.54344537184102,2591.28766955086,0.0100000000002183,-0.555660755377025,0.196047025866873
0.0996826341975502,-0.151012337289487,2591.87808775264,0.590418201778448,-0.152636271512282,0.957645111896142
0.580932545097708,-0.0802007788440032,2591.93697039714,0.0588826445009545,-0.0964178482183731,0.950673816448373
0.0509812885140329,0.120187596461304,2592.09423749314,0.157267095998122,0.0554814289139266,0.972693066151512
-1.18145532394107,0.173920396919534,2592.1957556541,0.10151816096004,0.15110827587866,0.908265786234499
-0.0178559560075813,0.270007508765155,2592.67418968755,0.478434033457233,0.347230567160852,-0.0973614864688349
-0.487908332235324,0.316552400603118,2592.76889565777,0.094705970220275,0.33421823888858,-0.176046068123316
-1.53901044504075,0.229033052195554,2593.03588936963,0.266993711858504,0.247143812342707,-0.45709400857267
0.194126182909644,-0.0387054424962722,2593.40460785012,0.368718480491225,-0.0291864403392926,-0.986545598919119
-1.64949834445631,-0.218514636161431,2593.68756975831,0.282961908182187,-0.272512339485937,-0.712148350258164
0.411250326721559,-0.558582673004156,2594.11521547094,0.427645712630238,-0.595354350718869,-0.683720287740845
0.400362661339879,-0.623944179304392,2594.51717818902,0.40196271808918,-0.61402102727074,0.557550577262102
0.361329324151325,-0.37779662449528,2594.82968456814,0.312506379119895,-0.346961729080913,1.05928874217465
-0.478229198162308,-0.207084598110588,2594.92212511432,0.0924405461764763,-0.246449311018703,1.10979125910622
-1.37025396369221,0.244692812169957,2595.43935634296,0.517231228643141,0.218623774671276,0.622412774500921
0.0328594724048845,0.384400917991155,2595.77018022278,0.330823879819036,0.304516766468729,-0.0979737902756797
-0.0429065885103599,0.164568645224745,2596.43525404975,0.665073826964544,0.133387824463005,-0.348214322157316
0.392715209367459,-0.0284576902621066,2596.77509567431,0.339841624557721,0.0118377177785994,-0.352551136157309
1.05152193029196,-0.0332643591437778,2597.21577338056,0.440677706249517,-0.0864180913748203,-0.0884176733646454
0.860112292843263,0.0468099909388561,2597.77788220154,0.562108820987305,0.0425670446497572,0.49462788195814
1.04026803369748,0.0525591246675854,2597.82393948832,0.0460572867818883,0.0658871066928017,0.517580994352403
0.11752330814496,0.516262788652655,2598.36977745256,0.545837964237307,0.401244901884082,0.617060532072952
0.963070738628766,0.385599360550878,2598.45491664327,0.0851391907067409,0.448804931089988,0.497808807750984
1.38528837826893,0.619702315913621,2599.20027221426,0.745355570988067,0.544405052502126,-0.265638664637984
-1.08831828325374,0.534341209093903,2599.29653006946,0.0962578552016566,0.517368491707563,-0.293180045785175
1.33961016902587,0.465778887559686,2599.41490793726,0.11837786780643,0.464916450865907,-0.584264032820787
0.16744104116855,0.333098387383038,2599.60423268147,0.189324744207624,0.360841982781782,-0.501494998070186
0.528436717619,0.338209476201876,2599.70682242337,0.102589741902193,0.306956671390566,-0.545231850833332
0.179725698058189,0.152642674488602,2599.91047847197,0.203656048598077,0.199122565170413,-0.50359670830361
0.589765465909689,0.0471720135607042,2600.2018476622,0.291369190231762,0.0569182204352749,-0.457974264577013
-1.14805428611777,0.0283138361874316,2600.31366346223,0.111815800029035,0.0102341615262358,-0.376051971981492
0.221714059027474,-0.315808279971846,2600.91442544091,0.600761978678293,-0.34012076778516,-0.686692475628238
-1.32216559523027,-0.356584961617603,2600.92442544091,0.0100000000002183,-0.346915415950193,-0.672196066070361
-1.08118321852282,-0.584651547787448,2601.27216331914,0.347737878232692,-0.565507780112209,-0.52286620407118
1.03723321759478,-0.698151122052672,2601.72925692064,0.457093601496581,-0.646734885959891,0.188617438559861
-1.39294088902279,-0.676222299263607,2601.73925692064,0.0100000000002183,-0.64466987833513,0.224322006469914
-0.807868584724158,-0.498742443858249,2602.09382713349,0.354570212848103,-0.515259195521922,0.443737896449971
-3.16804196738325,-0.412406227938796,2602.20815540647,0.11432827298313,-0.460790395843371,0.50271208904184
0.566484506143002,-0.427701047176073,2602.6063319103,0.398176503824288,-0.424143292963967,-0.302865756636267
0.0238783929511349,-0.463020661916996,2602.88609560202,0.279763691724838,-0.433272323479107,0.227160111086714
0.087145568293601,-0.233940205378313,2603.26732787437,0.381232272352008,-0.278527816297438,0.535261174079617
0.235550288218827,-0.138692962051842,2603.50296802533,0.235640150958261,-0.142900106557712,0.60027018530871
0.31995578860826,-0.0455728838421347,2603.66315160526,0.160183579927434,-0.0447062051062719,0.619924853879745
-0.220958981009676,0.352086711371046,2604.39326658953,0.730114984270585,0.353924508037373,0.36268960204457
1.41727571992089,0.360431153321831,2604.79606350066,0.402796911125733,0.389397972754643,-0.178107184231495
-2.01641237706012,0.435360541068786,2604.80606350066,0.0100000000002183,0.387638610264094,-0.173774186644677
0.861300115366654,0.254805755922772,2605.04600965641,0.239946155749294,0.266120689324703,-0.808296550699811
0.316087628068589,0.130565508519787,2605.32852782396,0.282518167557555,0.0695354671784717,-0.566527470173241
1.04630758059149,0.0613170368417921,2605.34571222358,0.0171843996126881,0.0598686393221524,-0.558498790293516
-0.899041941212631,-0.00488704210555915,2605.64261949113,0.296907267556435,-0.0514224876744701,-0.189261834620921
0.280777622461903,-0.0992647071179387,2605.80710098221,0.164481491073275,-0.0914543003385903,-0.29378278125434
-1.75300350182358,-0.234547021216997,2606.371565599,0.564464616798432,-0.155478027487109,0.0635743081800064
-0.99018740057703,-0.236731351616436,2606.7182438919,0.346678292898559,-0.215080641171499,-0.385757093599942
-1.16285035086639,-0.46938387875335,2607.05754184578,0.339297953874848,-0.355776808995495,-0.416813911127569
-0.798592436266803,-0.407135387159963,2607.32119428847,0.263652442694365,-0.461137020349322,-0.362580085124354
0.799203054755314,-0.452060870702984,2607.53384410293,0.212649814462111,-0.518200560017591,-0.166164384158426
0.767276918865197,-0.536852967997183,2607.80464166685,0.270797563917768,-0.471660520976875,0.482730325420893
0.00900080173471187,-0.482865304594908,2607.81464166685,0.0100000000002183,-0.466734159061428,0.502444527400684
-2.12724470326079,-0.320186272471527,2608.0469600496,0.232318382751146,-0.324366438508664,0.695163397039793
0.858525492711334,-0.212397662216866,2608.50856078767,0.461600738069137,-0.190979020813479,-0.115176769357288
-0.544179461521142,-0.0981430228790642,2608.5549764383,0.0464156506286599,-0.194895980455412,-0.0537621577758665
-1.07771576301185,-0.2412134614169,2609.10650631055,0.551529872248011,-0.232777419033071,-0.0732234071207141
-0.270015018248802,-0.25984590828486,2609.50639264028,0.399886329727451,-0.296865891821896,-0.228988135252115
-1.18858031531859,-0.390283212026343,2609.75233710549,0.245944465212688,-0.335073812489222,-0.0792782914507824
-0.760958560966181,-0.351646907306269,2610.09575947998,0.343422374496186,-0.376016340279867,-0.147987612115356
0.0317013181680976,-0.401719777143262,2610.45581652364,0.360057043654706,-0.405444655981208,-0.0119359555129201
1.37522846530124,-0.204745401171733,2611.02628157189,0.570465048245751,-0.253938328319812,0.463966714234871
-0.785819474083462,-0.177056716935763,2611.10433760795,0.0780560360599338,-0.212625692266625,0.592228933280951
-1.59600867739734,-0.0436038107983514,2611.29663482043,0.192297212487574,-0.111281167769732,0.456210692811208
-2.14918149170141,-0.0671427447017263,2611.58359684761,0.286962027177196,-0.0457373518651433,0.0048833361953932
-2.47828779181575,-0.0352691891097207,2611.74535501526,0.161758167646894,-0.0710728327024242,-0.312451587410852
0.185431504246897,-0.350193760064874,2612.11180210933,0.366447094070736,-0.314396877295742,-0.957689117140019
-1.67065008118942,-0.568509444182972,2612.4356250835,0.323822974172799,-0.533791393113906,-0.355745459442752
0.924495976845931,-0.61473207235444,2613.20258162709,0.766956543594461,-0.605631054293242,0.199136712035539
-0.876004744799466,-0.380616658648606,2613.49549243289,0.292910805791053,-0.430124417885447,0.927466219956588
0.28867740556754,-0.112311059308942,2613.77625304355,0.280760610662128,-0.185890666643623,0.776383865527498
-2.90867676541477,0.0498303300403416,2614.13303994191,0.356786898357768,0.0965302873111702,0.771679730546597
0.451859048639034,0.112579721339131,2614.58154875881,0.448508816904905,0.103945338084422,-0.68463101514064
0.997442333417911,-0.199255878879362,2615.11969000231,0.538141243503105,-0.157868022570312,-0.258675298597704
-0.817011526202708,-0.0913823836897192,2615.25538771114,0.135697708826228,-0.179600885776101,-0.0626599549772055
-1.71552505267041,-0.277749726605927,2615.71909698966,0.463709278521492,-0.244054805407264,-0.196703093542037
0.720685299893477,-0.40502919060643,2616.07714952665,0.358052536987998,-0.371837496564583,-0.482371523193689
-0.628513878136142,-0.314337846607257,2616.20822359358,0.131074066935525,-0.41791667053352,-0.219214750110049
-0.877713373150654,-0.388688676472374,2616.71739826232,0.509174668739433,-0.435700029989073,0.140894818780758
-0.358545575783334,-0.233588174462309,2617.11475040989,0.397352147568199,-0.362515169735032,0.203750518161592
-0.940869792936293,-0.086388668449264,2617.82058452571,0.70583411582129,-0.156732547448095,0.297687664355111
0.778276209701333,-0.0685721487944615,2618.33279448838,0.51220996266693,-0.105052752399362,-0.0889759529360623
-1.00582373329983,-0.127252441329891,2618.49338878631,0.160594297926309,-0.106229583548805,0.0722282887502869
0.00394453755589112,-0.2175205140401,2618.91304008252,0.41965129620894,-0.143306711306614,-0.232378801677141
-0.809539478398283,-0.219313711208337,2619.19102265601,0.277982573493318,-0.190695229763428,-0.106159022546157
-0.143502116921336,-0.249615712740409,2619.30863527708,0.117612621074386,-0.205410232745378,-0.142950021587218
0.756780489597548,-0.170295462765481,2619.78083725032,0.472201973238953,-0.229181582245558,0.0400905818693745
0.442531110226601,-0.231808515148691,2620.10780828451,0.32697103418559,-0.154569172183422,0.395927257982148
-1.12229413719865,0.0588873117895076,2620.72704256443,0.619234279925877,0.153402498790129,0.525249064546557
0.184183338300979,0.148481090643838,2620.82257931623,0.0955367517931336,0.195735404506619,0.3606156026417
1.45257794130464,0.101485965831078,2620.93453863968,0.111959323452538,0.233282236049709,0.308734257381457
-0.751163223937947,0.383237280351606,2621.30998174824,0.375443108563559,0.390363576116861,0.488166460237726
0.60197632978694,0.457525577542032,2621.58502656708,0.275044818838978,0.444485438865418,-0.0929259425032476
-1.88201879790707,0.39657628241856,2621.68628669492,0.101260127841215,0.431742013093869,-0.157182958530024
1.97981893803691,-0.0598386233189964,2622.2564743089,0.570187613972394,-0.0537990552023148,-1.35052889355901
0.684942537283276,-0.332707628434451,2622.59066340918,0.334189100282856,-0.34345887245757,-0.365900933973079
1.15523178182357,-0.308541623239011,2622.93373044767,0.343067038487789,-0.36583936095562,0.223475764590079
1.75634887432238,-0.322976759373953,2622.95702699587,0.0232965482036889,-0.360089223122699,0.269997598223503
-0.328502758827253,-0.212798058336876,2623.16574369767,0.208716701794856,-0.251733713093292,0.746895417974624
-0.716430490356502,-0.0254319810598212,2623.51232481517,0.346581117506503,-0.0120065496918289,0.608644446597653
0.470001385584552,0.152440082861652,2624.26851868762,0.756193872443419,0.140991628886938,-0.193837718413601
-0.0243405396852557,0.104423332317834,2624.30413328513,0.0356145975142681,0.134262312458544,-0.183999481794719
0.765881300863005,0.079945611667184,2624.43132487928,0.127191594145643,0.109316827089146,-0.20683279983471
-1.01071527790056,0.025282383024494,2624.7057281342,0.274403254925801,0.0768961401567177,-0.0303537458948016
-1.5398085791274,-0.00324437682155869,2624.98601290796,0.280284773759831,0.0259918129813268,-0.321174633965684
-2.40206565252482,-0.154047660516315,2625.31444615514,0.328433247180328,-0.14769136435682,-0.706188677047118
0.531653713273348,-0.18149462537893,2625.32444615514,0.0100000000002183,-0.15483980729564,-0.723447293566519
0.542220966523324,-0.438208429136076,2626.02462693841,0.700180783265296,-0.322392808563521,0.248461523442755
2.12942737328374,-0.268304837887148,2626.12245972088,0.097832782473688,-0.292442460259188,0.361236518766349
1.29235808703209,0.278707726855771,2626.72056138403,0.59810166314719,0.294406565136254,1.41219451024779
-0.723857405595031,0.763997742326182,2627.00461847554,0.284057091516843,0.668199114975722,1.12573466294354
-0.088746607609775,0.44794298493815,2627.73363902863,0.729020553081682,0.350053331814486,-1.48769946056775
-0.574923081708924,0.436552931916244,2627.74363902863,0.0100000000002183,0.335164189064024,-1.49005232660534
-0.897222398565857,0.0897913248971868,2627.87244009975,0.12880107112187,0.139373711688094,-1.53765024587472
-0.71698708770876,-0.0297422829183749,2627.95777827051,0.0853381707570406,0.00698718771635119,-1.56084360016531
-0.934421350694679,-0.367111020781503,2628.20653876837,0.248760497862349,-0.371340625179111,-1.44218870068974
0.10412872231397,-0.567310861576543,2628.49504099173,0.288502223360865,-0.728160471188213,-0.926823782558605
-3.08643283174616,-0.554862006573036,2629.05758490891,0.562543917184485,-0.585575509165071,1.18405602874573
0.16472267346481,-0.298144134098683,2629.39544771832,0.337862809403759,-0.303651147173081,0.428844786077883
-1.96854259052742,-0.135311826058334,2629.68381489826,0.288367179939542,-0.157957717548787,0.558640958049474
0.16509350569669,-0.0790650338435919,2629.99387531593,0.310060417669774,-0.0765010721923487,-0.0272079638745037
0.770943733167147,-0.02285350772059,2630.00387531593,0.0100000000002183,-0.0767564787953264,-0.0238744971885891
0.18725929518989,-0.0486948202379372,2630.28253085184,0.278655535918006,-0.0488911072279928,0.215605523942066
0.906947668847257,0.0933641815825508,2630.92269850834,0.640167656494214,0.102950799673098,0.224988500066313
-0.444961247604372,0.225337549126873,2631.32615837689,0.403459868549362,0.231572979420483,0.386077377402517
-0.165682897528418,0.185596670289216,2632.21927569547,0.893117318586064,0.136104210993081,-0.488773974822357
1.37143248910709,-0.101963301303925,2632.68141660534,0.462140909866321,-0.0936948425076004,-0.469987866013593
-0.324068312815604,-0.145636123205479,2632.79739385451,0.115977249174648,-0.136109235005434,-0.261652686691281
-0.29192166980731,-0.111257981076522,2632.89481494551,0.0974210909994326,-0.161081195995571,-0.250149193662501
-0.998791817500875,-0.279233305041533,2633.61311910421,0.718304158695446,-0.2701638546498,-0.0304403529286522
-0.064155669382263,-0.2882039980243,2634.15738461272,0.544265508512126,-0.3275934784335,-0.157132023300445
-0.749256984103464,-0.287792184347345,2634.16738461272,0.0100000000002183,-0.329122504789925,-0.148671339215348
1.47577262003954,-0.320283057409473,2634.17738461272,0.0100000000002183,-0.33060104310248,-0.147028368848532
0.234598754426813,-0.332107460442688,2634.2615445479,0.0841599351783771,-0.334589473379573,0.0510591578025495
-0.0734081525650011,-0.153959715575869,2634.86075344741,0.599208899512178,-0.151999259013405,0.480403279387224
-1.52679998569485,-0.0618181958225408,2635.11325157062,0.252498123207715,-0.0332253613051659,0.450299030441423
0.635664777086428,0.0971449178001453,2635.31216875808,0.19891718746112,0.0231425033083519,0.118221484117113
1.02735450348919,0.145063252346045,2635.6802251217,0.368056363620326,0.0978267079202478,0.273359221911445
0.0684443822357665,0.124436488742504,2635.76167013033,0.08144500862727,0.122293823160543,0.326383884984503
0.430097209275827,0.336962510359416,2636.34266601593,0.580995885599805,0.239026190812241,0.0595670863881597
-1.30454699800689,0.320618213498887,2636.58891077425,0.246244758325247,0.249094352729477,0.021784424235633
0.757579495484466,0.144055311362401,2636.92629075915,0.337379984894596,0.156906684480946,-0.538398878013954
-0.936115724559227,0.0075327325655432,2637.07168852653,0.145397767380018,0.0863722695084828,-0.429352009547762
1.5930926533176,-0.189935592076005,2637.48549489462,0.413806368092082,-0.151371078446924,-0.677200940800547
1.6804065559339,-0.264255468774347,2638.017384874,0.531889979376047,-0.197039897188991,0.464432287277116
0.0272249142408121,-0.0280133840119082,2638.29812661165,0.28074173765026,-0.000854560254134626,0.902671633522078
-0.809498808158164,0.0298061301910871,2638.30812661165,0.0100000000002183,0.00815087255248633,0.898273112722119
-0.0619380356860319,0.0636408919230504,2638.40169517498,0.093568563331246,0.0864682695034237,0.774290246138811
0.959582282365714,0.280192570686565,2638.75679388344,0.355098708465448,0.312271680097961,0.470693591155273
-0.733753611294984,0.430218404981054,2638.99400582208,0.237211938636847,0.418767938464418,0.411381049542168
-0.788208703919489,0.389904983501124,2639.55428576217,0.560279940091277,0.327588558905282,-0.646289595177077
0.305103696902037,0.302878015529356,2639.59784677179,0.0435610096192249,0.298246536331981,-0.699944478269217
0.591597151976915,-0.0468353216045853,2640.05098538229,0.453138610497717,0.00206170349448637,-0.558954136799398
0.101504546446754,-0.0334459963878433,2640.40620904448,0.355223662188564,-0.137945595093113,-0.221936260548612
-1.9855551644684,-0.321583760685921,2640.89047199591,0.484262951430537,-0.184412566350617,0.0288851385392736
-2.06179193383983,-0.187825113355366,2640.90047199591,0.0100000000002183,-0.184203579265186,0.0129236092908741
-0.461083464821391,-0.174539980305403,2641.02340395672,0.122931960810547,-0.194939493249995,-0.184982359302174
-0.489557282808158,-0.317678508043152,2641.51697629688,0.493572340164519,-0.27089954420121,-0.108153653221452
-0.584406484334212,-0.293324768900708,2641.64846592858,0.131489631697605,-0.283262512732499,-0.079352901467544
-0.847809468796647,-0.205338319248032,2642.21751738967,0.569051461087838,-0.303045391761508,0.0116744712290628
-1.20476667172273,-0.416782815055185,2642.53587986594,0.318362476270977,-0.304596867652716,-0.0202857550019701
-0.188991704530379,-0.391496859189212,2643.02608986478,0.49020999883578,-0.359233229807452,-0.1795536411564
1.10376157120205,-0.346233576078198,2643.65801207689,0.631922212110112,-0.312340494028893,0.282842654402227
0.162241746776716,-0.0459152679904012,2644.04598770333,0.387975626440948,-0.09220116619892,0.796266209075037
-0.0536549891163159,0.0659783274988847,2644.14726839065,0.101280687322742,-0.0120786454670986,0.783268247820917
-1.0504233784515,0.153539885002435,2644.25153093103,0.104262540384752,0.0670497411810135,0.732260779636512
-0.915727577596098,0.170275340394616,2644.7708719096,0.519340978565197,0.229153740744128,-0.10582933694421
-2.46095487118231,0.0955749224260295,2645.16643617097,0.395564261370964,0.0920175104734954,-0.550493451459473
0.583771950507718,-0.016642042534458,2645.33585785253,0.16942168155947,-0.0333085048145973,-0.91655665842322
-0.645944994265194,-0.317781579473672,2645.68075286905,0.344895016518421,-0.275443937245359,-0.466475302989393
-0.12586155657706,-0.310599120681602,2645.73200218218,0.0512493131336669,-0.299001060049582,-0.452250439847466
0.78557588338378,-0.450018252191882,2646.17038327527,0.438381093085354,-0.405662268361128,-0.0192024732743306
-0.598396402242236,-0.368944812720067,2646.18038327527,0.0100000000002183,-0.405757429362582,0.000154784553518409
-1.27769376283998,-0.467988109453176,2646.19038327527,0.0100000000002183,-0.40572857527969,0.00561112380839203
0.6686736099183,-0.40134966979147,2646.975595142,0.785211866736063,-0.432042996581575,-0.051878065151624
-0.231976797993655,-0.259360355922055,2647.50077649641,0.525181354406413,-0.229269993372522,0.7190677995021
0.0441328582488267,0.153342536335037,2648.22384745305,0.723070956638821,0.185456141678506,0.34320633617033
0.0707884813762372,0.298206801504898,2648.50263613803,0.278788684981009,0.258658890278983,0.17642554767636
-0.320234808162914,0.288864784876364,2648.79654540847,0.293909270435961,0.283317908258244,-0.00786001811390782
-1.51153342305078,0.146724195815799,2649.3640257574,0.567480348932349,0.144265274127034,-0.424884421565443
0.127832375518348,0.0175396251544858,2649.57596687208,0.211941114680485,0.0211876925630592,-0.721990246658168
-1.91222430818949,0.0223739919064835,2649.61378587846,0.0378190063793227,-0.00578669654256792,-0.704261726698849
1.58219127419915,-0.0693096759250017,2649.67989570163,0.0661098231685173,-0.0556224812876087,-0.801738215645808
1.10463961714867,-0.155591130425505,2649.96112674939,0.281231047765232,-0.196955695294535,-0.202304665716185
-1.17417495192562,-0.148415551623799,2650.46260768966,0.501480940265537,-0.108426976533275,0.506882441309881
-0.914221225951544,-0.0949092960874316,2650.70696686402,0.244359174363581,-0.02125207875199,0.205451256174488
0.439795494421616,0.115325675959078,2650.96101423717,0.254047373152844,2.66425284380993e-05,-0.0346371468675564
0.61850144090813,0.0253098629197693,2651.39115575896,0.430141521784208,0.024208397820959,0.137348109424531
0.079112262510206,0.144422324054699,2651.40115575896,0.0100000000002183,0.0256068315625916,0.142333135057484
-1.25832660423566,0.068150373331579,2651.89123524453,0.490079485575279,0.0855383353266683,0.0941245130748996
0.221236076919115,-0.0824894584393423,2652.50476093785,0.613525693312567,-0.0999454651485562,-0.622230186293854
0.180764735743033,-0.356232058774856,2652.85745882398,0.352697886134592,-0.267105810177642,-0.309669191548525
0.267761328698804,-0.286270821257327,2653.05354690182,0.19608807783743,-0.308849300191896,-0.114830741764706
0.521282791838479,-0.0816802670936387,2653.8051768772,0.751629975379274,-0.137842397510078,0.467017782792323
-0.0171972674444338,0.149040747185845,2654.40515518288,0.599978305681361,0.199077915284591,0.578851275453548
-1.8270726436905,0.337879923011677,2654.84587003812,0.440714855243641,0.367578114861328,0.160097241457097
0.0571310822221269,0.260832639462645,2655.14433828111,0.298468242990566,0.293611245551336,-0.622147605537068
-0.684786436789556,0.0180243048680149,2655.47235118098,0.328012899864461,0.0823739623738575,-0.635771277891473
1.45169648394778,-0.0989682455141086,2655.61434359137,0.141992410387957,-0.012533416083739,-0.695727801808182
-2.44719057936763,-0.160150010955406,2655.92073556657,0.306391975209408,-0.139022415523739,-0.130726629706204
-0.326157965071995,-0.205701162455691,2655.93666860989,0.0159330433120886,-0.141369646742588,-0.163853256793638
0.281542318482229,-0.0835020172326998,2656.08523893348,0.148570323588956,-0.164945442223215,-0.152276771271349
-2.55344372698719,-0.251560430006024,2656.09523893348,0.0100000000002183,-0.166432703213772,-0.145177498178854
-0.50598694858759,-0.218436337283481,2656.3808475509,0.285608617420166,-0.287785338616769,-0.676007730707782
0.252383539357595,-0.525513876999219,2656.67988697412,0.299039423218801,-0.457584878727828,-0.430455948160404
-0.737344022955452,-0.441302086831467,2657.30362042188,0.623733447762334,-0.372238520939783,0.600675861686606
0.263472194689413,-0.311598901006417,2657.52187245453,0.218252032653254,-0.245692162775467,0.54413370372036
-0.0512083928797075,-0.259702545981532,2657.53187245453,0.0100000000002183,-0.240223258607703,0.549602441051239
2.08451213779963,-0.0478724157656688,2657.93345298002,0.401580525488498,-0.0171875712419273,0.527687818288612
-1.427466759621,0.317190445569338,2658.32808707299,0.394634092973774,0.312142443487157,1.07170413703972
0.521301882934503,0.485362982233978,2658.79479744088,0.46671036788257,0.4862998205232,-0.33546448822903
-1.30659900380859,0.429173654640126,2658.80479744088,0.0100000000002183,0.482902625237194,-0.343932779136409
1.18176982524188,0.53786108357353,2658.81479744088,0.0100000000002183,0.479330838915739,-0.370388330971627
-1.10586332269196,0.297971001407625,2659.29597782037,0.481180379490979,0.316999016503349,-0.251646622989395
0.488827467275875,0.0273930067677707,2659.75418528051,0.458207460143058,0.0489806682367075,-0.841011588043796
-0.996768893760234,-0.224601789580107,2660.35856315618,0.604377875667524,-0.274787215290876,-0.186524667168914
1.03095071946851,-0.317966230141384,2660.36856315618,0.0100000000002183,-0.276664847056868,-0.188982594836071
-0.270410825483563,-0.211804466772661,2660.80790847042,0.439345314246566,-0.199427153229456,0.498028879700882
1.28066158046906,-0.181220436547856,2660.81790847042,0.0100000000002183,-0.194451030725027,0.497166635021434
-0.592917740691464,0.0308580932148161,2661.09198787273,0.274079402307052,-0.0104769219670053,0.819434750965193
-1.31281299853895,0.179761336065053,2661.34445959458,0.252471721847087,0.162404584406545,0.54048748830907
-0.20214758948783,0.240827114471674,2661.59272578823,0.248266193647851,0.236898756351252,0.0614440168821727
0.423892376241874,0.17384589830635,2662.21181486914,0.619089080912545,0.146104062755092,-0.309986506248669
-1.20814101388038,0.0382669349168253,2662.63850506274,0.426690193603008,0.0443630918387471,-0.156890830841927
-3.35631837010701,-0.0703292517895022,2662.97517112872,0.336666065981262,-0.0706908148606051,-0.503777487168271
0.167871723562446,-0.524917829458526,2663.38476532608,0.409594197352362,-0.48800426077782,-1.41148425313264
0.790987491987428,-0.721132342102937,2663.53858486153,0.15381953545284,-0.672139736284877,-0.954762635286427
0.635830400504328,-0.699483824767653,2663.54858486153,0.0100000000002183,-0.681479749254655,-0.913164839087637
0.426541324203806,-0.777267349160401,2663.69743880562,0.148853944087477,-0.769880334288483,-0.260697343114712
-0.0839895366818956,-0.657615193410765,2663.74046962783,0.0430308222130407,-0.777042920132812,-0.0723189460694507
0.875413725635635,-0.474928346056205,2664.24690093902,0.506431311190681,-0.429401031598306,1.14319335077316
-2.30734859516252,-0.218552331181315,2664.42856716791,0.181666228892936,-0.201614288243276,1.33709547158027
-1.75690140531157,-0.246557778200799,2664.43856716791,0.0100000000002183,-0.188369947388906,1.31180354882501
-1.36322645069445,-0.151670348950535,2664.44856716791,0.0100000000002183,-0.17535235828343,1.2916845608634
-1.61446137645642,0.169258589346548,2664.79672937146,0.348162203549691,0.164332005968901,0.637446146736428
0.103515837466355,0.22217889475728,2665.00048282553,0.203753454067282,0.246558776140712,0.170166578510194
0.699821813676802,0.234619646813695,2665.38714575885,0.386662933320622,0.27062238230787,-0.0434551158371818
-1.83722764248907,0.30697816719284,2665.49259219538,0.105446436531111,0.266508431557344,-0.0344315512683319
0.694869811714497,0.0652938684477298,2665.87270317799,0.380110982607221,0.0935903226734823,-0.821590397785439
2.45325246512095,-0.230959076115278,2666.37058037854,0.497877200551102,-0.18339752940023,-0.26559352221656
0.466711246356273,-0.243546072640055,2666.55382215496,0.183241776422165,-0.183138815744703,0.260344832986023
-0.780463154635186,0.148897477051434,2667.21372971562,0.65990756066094,0.0964877875366912,0.507730574774658
0.791492058638721,0.0600644085407535,2667.22372971562,0.0100000000002183,0.101503612709958,0.495408209927222
0.681768396737005,0.454392535704454,2667.84798061527,0.624250899649269,0.419419118277608,0.421758567394951
0.693301825899283,0.53048248586338,2668.36762225023,0.519641634955406,0.512791418814229,-0.0846130244078731
2.7851092609685,0.407931077058567,2668.73794391657,0.370321666344353,0.426843367048079,-0.342508725546268
1.8442699310173,0.539689543936369,2669.2864152874,0.548471370823336,0.486949984551336,0.494444995699218
-1.62972578205429,0.651557154569554,2669.53098460857,0.244569321171639,0.602241780819557,0.41928984737305
0.808361025876396,0.536754956035749,2669.54098460857,0.0100000000002183,0.606227979344255,0.377926387391226
1.74015104007405,0.680387539759383,2669.94541195176,0.40442734319322,0.612496829497838,-0.325527428387907
-0.975724431612649,0.538754613970095,2670.01321163451,0.0677996827489551,0.589484911119784,-0.351217582130043
-0.425603228376126,0.477706028019782,2670.17565270276,0.16244106825161,0.496104828449942,-0.776272987272976
0.956940460430634,0.203865121490827,2670.52495904297,0.349306340203384,0.158546890380491,-1.07375587849938
0.559898793313709,-0.0148854096017453,2670.82891326267,0.303954219702064,-0.107500023385992,-0.65952564991957
1.40813267593105,-0.236700369044509,2671.23229074019,0.403377477520735,-0.27546861194224,-0.160370453576865
1.83571324131598,-0.0889849457185357,2671.76837601474,0.536085274549805,-0.0869329538329054,0.775424229698647
-0.439481911667531,0.653495985755253,2672.38412198578,0.61574597103845,0.586615892498635,1.16501726023211
0.331762914317116,0.739308491941063,2672.63100162071,0.246879634936249,0.761656203234182,0.206986604273985
-0.425504015733642,0.778435270948237,2672.72800819055,0.0970065698361395,0.76531336287259,-0.129500227466738
0.406219264886162,0.365020229174294,2673.16533899997,0.437330809424111,0.404687412089445,-1.26941097048985
1.99055692229763,-0.00186043301646333,2673.48360567043,0.318266670461526,0.0184352862143597,-1.10535414356552
1.3771164248742,-0.145742621626748,2673.61004041892,0.126434748485735,-0.101017647486315,-0.782496608933153
0.812797767071947,-0.295920251299596,2673.99391563783,0.383875218905814,-0.252234516852713,-0.00547987294466266
-0.846416185450513,-0.223637669072494,2674.1202701341,0.126354496277145,-0.242018087468819,0.164758208925269
-0.484215158452525,-0.172177457809814,2674.33480071925,0.214530585146804,-0.215629104152586,0.0801524051281479
-0.386188529732902,-0.141231549179512,2674.71934692031,0.38454620105631,-0.189575422604721,0.0518805011063424
1.20618734086528,-0.0880322160713251,2675.45649986677,0.737152946466267,-0.158480520131308,0.0246850035882185
0.0231636968398232,-0.131720749023627,2675.64936568129,0.19286581452161,-0.126410066157276,0.301025991496984
0.774015945149418,0.094017475729825,2676.53616755262,0.886801871326952,0.120319113384938,0.187785962901106
-0.531453997937591,0.0587216025095833,2676.55156992223,0.0154023696090917,0.123262184088419,0.194341255345934
-0.974719028434767,0.170085600708881,2677.06101226226,0.509442340026908,0.112782521537827,-0.215744487698274
1.34661985181982,0.194885775306892,2677.07101226226,0.0100000000002183,0.110570257255603,-0.226690925627833
-1.0395062512952,0.288832449613451,2677.80365137642,0.732639114162339,0.23904167253515,0.494055471035228
0.478187045870721,0.221418989761869,2678.37411182589,0.570460449466736,0.22891336320461,-0.478777449231877
0.124467296494537,0.0549782042126666,2679.04917391342,0.675062087533661,-0.00516599770727618,-0.173847502788473
1.20382052331492,-0.179010353486649,2679.25616918807,0.206995274651945,-0.0360934970742246,-0.123692220541337
-0.309448933809763,0.00422365333675256,2679.77396962111,0.517800433040065,0.0628318746962912,0.462757723728283
1.42823285039796,0.182671812272226,2680.13533169702,0.361362075906982,0.182527054184956,0.191608205695972
-1.94446443046175,0.245873000615067,2680.30115047082,0.165818773805768,0.226394337326764,0.332355153904666
-0.809767221726123,-0.00564109940839909,2680.81658365569,0.51543318486938,0.0770470481370455,-0.828265660482949
-0.462451767376409,-0.152015555374001,2681.03012192384,0.213538268147204,-0.109228222395955,-0.901576159929108
-0.891461264670578,-0.1981967062086,2681.20092965624,0.170807732396952,-0.258507926484754,-0.836539048320295
-1.06132103120564,-0.504365028071124,2681.46366382498,0.262734168739371,-0.465638450147305,-0.706466838555477
0.134081348931589,-0.633161665914794,2681.80369913181,0.340035306836398,-0.642446427743457,-0.277332294095611
0.787748290258597,-0.634527342667634,2681.82152433706,0.0178252052423886,-0.646931172904386,-0.225815677546481
1.16171221470599,-0.656035841820988,2681.89937214506,0.077847808007391,-0.653795088844014,0.0484395300704828
-1.94321339248845,-0.199174905017386,2682.41636829973,0.516996154663502,-0.229309000491015,1.32912551553701
0.457662195436913,-0.0791344606150957,2682.48494621114,0.0685779114141951,-0.143199639638866,1.18056099503646
1.16162961813399,0.0963468422555553,2682.67609842245,0.19115221130869,0.0825682779799952,1.16706746574759
1.3806982298665,0.176848160496912,2682.84861310903,0.172514686582872,0.287567427076292,1.19416656576258
-0.0547917887841337,0.806204770049337,2683.40394603415,0.555332925121093,0.810117313943038,0.36909082536662
0.0140509941611711,0.553901369957663,2683.81728020018,0.413334166024924,0.612283293299143,-1.12680085570421
1.04456510228341,0.396841427375614,2683.99760358961,0.180323389428395,0.388392555410068,-1.31432789913421
1.51804693657615,0.116945868633873,2684.19853588616,0.200932296555038,0.142717918881853,-1.10900464912444
-2.21257357244716,0.0665843913624202,2684.28036984691,0.0818339607426424,0.0580346885890155,-0.959189298811035
1.18544596056959,-0.279398084158964,2684.51526511639,0.234895269480603,-0.211833345451663,-1.30908234574238
0.999099410043201,-0.370280171865226,2684.73242350884,0.217158392456895,-0.437374439965116,-0.748169728755912
0.377882356420653,-0.468329103439646,2685.28711014793,0.554686639085958,-0.426525175632314,0.710243982956745
-0.732431015211723,-0.259325916799651,2685.42628914152,0.139178993593305,-0.317171756546471,0.849137244077557
2.81292878851238,-0.243909024318783,2685.47206367481,0.0457745332860213,-0.278726178510663,0.829779150566117
-0.274784107689829,-0.103679400656776,2685.63041996348,0.158356288673531,-0.111668246112377,1.26283338944802
1.52213416171552,-0.0898625575238833,2685.64041996348,0.0100000000002183,-0.099074004987681,1.25596196406057
2.33907546292494,0.368440658069822,2685.99915690081,0.358736937332196,0.396952786713243,1.42944192411592
-0.239718101214096,1.03773241179305,2686.54497348812,0.545816587309218,0.995447206904584,0.230091091984508
2.01118125190786,0.853398641256549,2686.69815670876,0.153183220640585,0.947891196260219,-0.817417229357782
1.93090100086857,0.85720578977105,2686.70815670876,0.0100000000002183,0.939532442258997,-0.854066902328426
-0.190144998772305,0.569731100884038,2686.9714676414,0.263310932636159,0.633778869366621,-1.30218220473137
1.21879520158998,-0.0276864518832045,2687.43871488391,0.467247242508165,-0.0589172665471114,-1.45959290255252
-1.53423560620899,-0.15938910461982,2687.54464404858,0.105929164675217,-0.201549858754128,-1.22975018527239
0.976758018778623,-0.484736247789156,2687.78313356858,0.238489519992527,-0.49907874506322,-1.2191024136529
-0.120116529836351,-0.540009283132705,2687.81319640728,0.0300628387058168,-0.534256499985497,-1.1203278645084
-0.908805122661228,-0.695775358196187,2687.96144199121,0.148245583927292,-0.672198311226143,-0.719958699235018
-0.474121159068539,-0.761164278418811,2688.29986969527,0.338427704064998,-0.761011599420807,0.219000331294288
1.17118189418448,-0.676900981339552,2688.56100966541,0.261139970131353,-0.612899841743458,0.841211128699838
-0.462176105431124,-0.315042925863212,2688.80986278231,0.248853116902865,-0.327014408187068,1.38000658781419
-0.798847875692514,0.0419493523047454,2689.14209699673,0.332234214416985,0.0926065085525672,1.09975871256041
-0.456077850040952,0.300654850432411,2689.34069354117,0.19859654444781,0.278649856864484,0.763586191943197
0.766962613719376,0.570358948737191,2689.68138671762,0.340693176451168,0.441940408160303,0.173850350402302
-1.23992706166729,0.415613411134252,2689.86501994219,0.183633224566165,0.462744844587865,0.0513748686621816
0.351258006465348,0.329618690389275,2690.21076037757,0.345740435376683,0.334318593612625,-0.737110217348232
-0.0557962176164666,0.303264945987646,2690.27565392643,0.0648935488634379,0.286319789257834,-0.740402308481012
-0.349799927892808,-0.200227602938009,2691.02973069663,0.754076770198026,-0.244680692570316,-0.530912035939538
-2.01987820565599,-0.312978493176551,2691.07976305329,0.0500323566648149,-0.270617343164333,-0.505351255058896
-0.111458418273837,-0.712539668102713,2691.60285309089,0.523090037594557,-0.621395467404961,-0.670773997435013
-0.682842507873255,-0.699587436338088,2691.75372520419,0.150872113305923,-0.690402165563327,-0.234665784499971
-1.69053321427016,-0.78688865303982,2691.76372520419,0.0100000000002183,-0.692625626587273,-0.210026970128831
0.0203256440801232,-0.714206280224156,2691.86193791005,0.0982127058573496,-0.706069097178715,-0.062877167724202
-2.59806482274646,-0.660460608854599,2692.10537439392,0.243436483870028,-0.632344071978236,0.62744640571109
0.820465944825734,-0.446889962442226,2692.3849091381,0.279534744175635,-0.486190298533095,0.378544890096372
0.0496878005717692,-0.470693293064462,2692.48689244899,0.101983310888045,-0.436854522418452,0.582834578699738
-1.12883615111224,-0.437983659942385,2692.51638445288,0.0294920038918463,-0.419223982932957,0.61224888638586
0.829009986335884,-0.123760877096145,2693.20291488768,0.686530434802989,-0.144103392650647,0.119269272037646
-0.744066805430322,-0.0489964127577264,2693.55192556365,0.349010675965474,-0.043942325843274,0.432861311429053
-0.547204214856679,0.0607546072965417,2693.98967831104,0.437752747390277,0.0588690962698834,0.0363298896359492
0.187113266258354,0.0172187945990397,2693.99967831104,0.0100000000002183,0.0591982339536651,0.0295022103655175
-1.1515128165766,-0.0361108102312298,2694.13288440464,0.133206093608351,0.0635624383502843,0.0357556763815097
-1.16734722194967,0.149698793957042,2694.25552029613,0.122635891490518,0.0583870941230657,-0.118369194551173
-1.19906177554035,-0.260311241423161,2694.81661238848,0.561092092346826,-0.168766059902025,-0.622897605540206
1.21672690628824,-0.311925473768754,2695.00328378788,0.186671399399984,-0.292150111438399,-0.687268744818695
-0.754325133162598,-0.265598033501794,2695.65687141966,0.653587631774371,-0.257810220650984,0.699010440942735
0.840566562418671,-0.15810825864179,2695.76087968562,0.104008265961056,-0.188142925752568,0.637875609958724
0.379172821591516,0.0901196360400745,2696.13268041687,0.371800731253643,0.0964432512209204,0.849196172853293
-1.07202883256225,0.406775967520022,2696.60285404168,0.470173624812105,0.436756562874479,0.524393282678188
0.729480934913341,0.142221707972035,2697.34131002832,0.738455986635472,0.172594241503016,-1.00174987474326
-0.401118945319299,-0.0105935624799355,2697.47955567791,0.138245649590772,0.0430971269252662,-0.866721016803028
0.536422205553467,-0.29450734466219,2697.83220152079,0.352645842878701,-0.25328672093656,-0.777595374286661
0.644730712535625,-0.360476164352799,2698.01251725642,0.180315735633485,-0.367450381494727,-0.481154537054734
-0.0114885461271579,-0.375547843169515,2698.37924600794,0.366728751519986,-0.415336243047552,0.211557082224064
-0.718196349661662,-0.411215831546682,2698.53049325401,0.151247246066305,-0.372017468471718,0.354699162841389
1.64911852675755,-0.24396682573847,2698.88718782406,0.35669457005406,-0.248775571780202,0.312191024184668
-0.117116241601792,-0.0973939375470214,2699.02139021352,0.13420238945946,-0.18909650639783,0.570643217634724
-0.275871810791749,-0.215535074973835,2699.24598608231,0.224595868788583,-0.0631809301738761,0.54054867094436
-0.719022629161434,0.128103321147887,2699.6550156865,0.409029604193165,0.114414282674754,0.310940446992911
-0.444506043788213,0.167721513811689,2699.82858682396,0.17357113746084,0.151628264689452,0.118192487290536
0.0723580813951245,0.10983809825543,2699.89198780993,0.0634009859691105,0.157472066656729,0.0662842557533616
-1.75679176130947,0.232476527321143,2700.30114797784,0.409160167904702,0.160546416855001,-0.0478212341644815
-1.60183334335933,-0.0468219652407973,2700.64801897945,0.346871001612726,0.0294097532363269,-0.673432867007794
-0.122827890495297,0.0703203076418019,2700.65801897945,0.0100000000002183,0.022609566013626,-0.68654047972186
-0.67681418900961,-0.221719615552731,2701.12365678102,0.465637801571575,-0.257811198809728,-0.476074225449449
0.301969020355086,-0.468218561423106,2701.52296605977,0.399309278745932,-0.420450339126846,-0.303017156710973
-2.48022484490054,-0.332333491959942,2702.0022045972,0.479238537431229,-0.380334419594977,0.425202791981957
-0.0643942555426879,-0.334328820311233,2702.34076654581,0.338561948615279,-0.333087626860637,-0.140144056797296
-0.628617721639487,-0.439358385809213,2702.5223839671,0.181617421289957,-0.344466256693067,0.0137984794230773
-0.0497082114819802,-0.402551172546593,2702.72882045093,0.206436483821108,-0.33645281510372,0.0619710107841611
0.150445287017946,-0.297715524039043,2703.08970903596,0.360888585035354,-0.269471963742654,0.288465963641709
-0.254586503151309,-0.324574186412152,2703.21174909942,0.122040063463373,-0.229851279326785,0.357763933315926
0.38330331791654,-0.136214683155744,2703.69939763459,0.487648535169228,-0.0623270324541668,0.299689176348922
-0.360378970646633,0.108375138209936,2704.1920179603,0.492620325710504,0.112840720134221,0.378734741703095
0.651354121227148,0.187506510001915,2704.50851935812,0.316501397813681,0.191852401538565,0.117566913058003
0.611438115447005,0.232478126668631,2704.90107736457,0.392558006454692,0.247212608484833,0.153358166634877
0.875365268943131,0.390617195701925,2705.45172623771,0.550648873136197,0.315440754019101,0.0776259848443399
2.02484654351153,0.335398668774782,2705.59157915948,0.139852921769943,0.326637796540482,0.0815335385326392
-0.281739251034492,0.427566958585051,2705.81177950956,0.220200350080177,0.37071428828613,0.308446401287824
1.80661856136907,0.381760012315721,2706.09022674003,0.278447230472921,0.40055134376961,-0.0907650155674974
0.0217675519633794,0.328687738057451,2706.19184316626,0.101616426226883,0.39508662369709,-0.0170132473979556
0.0887571337901385,0.390467622596621,2706.31547692136,0.1236337551004,0.385051002230889,-0.143139096712565
0.956397691495765,0.0531662713759481,2706.96546759347,0.649990672111016,0.163030783142819,-0.443409382783525
-0.929113276321732,-0.0705695571226028,2707.62756645817,0.662098864696418,0.062386403380018,0.13083260694805
-1.55060306618929,-0.0177736767031096,2708.00526260566,0.377696147496863,0.0361993723054972,-0.253885545799957
-0.100568542304066,0.0236032098119996,2708.08303021177,0.0777676061029524,0.0120333902094419,-0.366230912925578
-1.06622795196675,0.0467006078306772,2708.09303021177,0.0100000000002183,0.00837416649619317,-0.365626215747987
-0.372123207237232,-0.296802906234239,2708.68328023742,0.590250025654768,-0.317489624742223,-0.646141414608723
-1.77921121408401,-0.462812155859155,2709.28505422252,0.601773985100863,-0.512029290707776,0.060511972913741
-1.1180076074499,-0.539762339130757,2709.63663164397,0.351577421449747,-0.499405725784335,0.00850332244280003
0.330592622168369,-0.415932701130065,2710.38358170986,0.746950065892634,-0.399457243936822,0.180512853035838
-1.21740568255698,-0.253606142717663,2710.76768444061,0.384102730745781,-0.246893226728978,0.565356108264339
0.432264441634858,-0.0789697376461374,2711.27748024238,0.509795801765449,-0.0934379409344993,0.0285632619138243
-0.927735469954758,-0.0765306506792515,2711.70270314864,0.42522290626539,-0.0322387933736216,0.242574754455022
0.467846456601884,0.00337279363819485,2711.78931996355,0.0866168149100304,-0.0149147524047885,0.157553855794584
-0.597499837388053,0.003264532314883,2711.83404314875,0.0447231852017467,-0.00745737854034201,0.175756852897478
-0.644886538658675,-0.0299961412086295,2712.00124944979,0.167206301032365,0.0125886166226888,0.0644476158185174
-0.724965349843798,-0.0158984466482364,2712.1993693944,0.198119944610426,0.0119417370197275,-0.0687332761744358
0.140347155960014,0.108331137740738,2712.2093693944,0.0100000000002183,0.0112187563753641,-0.0758537081018146
-0.0457560675484545,-0.0188347548848103,2712.4387232154,0.229353821004679,-0.0019716081898124,-0.0388672460596964
-0.588135169655978,-0.0149314104855347,2712.4487232154,0.0100000000002183,-0.00236138098819557,-0.0390865373880112
-0.95018349724769,-0.0236790165237617,2712.69022304026,0.241499824863695,-0.0272724333364225,-0.162708213384386
-0.291282505119499,-0.046420565485289,2712.85835911436,0.168136074092217,-0.0655147959340005,-0.288241785629929
0.910085175205935,-0.185658621831437,2713.19332865203,0.334969537675079,-0.159194034518168,-0.260332321438581
0.0721029694969484,-0.141190675699973,2713.20332865203,0.0100000000002183,-0.161728496886155,-0.246554882050128
0.652690018384305,-0.129931497910158,2713.21332865203,0.0100000000002183,-0.164166911632702,-0.241133375988559
-0.101151013128945,-0.142621767067511,2713.44387666899,0.230548016960711,-0.190156554977121,0.0132654688102111
0.741822759264776,-0.113414108487831,2713.68631086236,0.242434193366535,-0.178457699413402,0.0806861529987872
-0.238923908327043,-0.194177693681343,2713.69631086236,0.0100000000002183,-0.177596651535432,0.0915105038605691
0.565653567209706,-0.21693868751048,2713.81658168982,0.120270827459535,-0.165958349981643,0.101363579084496
-0.413600544058396,-0.166135108803251,2714.04593223353,0.229350543713281,-0.121376861072044,0.280005804272464
1.59066048329705,-0.0566519954264682,2714.47685978395,0.430927550414708,-0.033440706221346,0.120659945108126
-0.245616468013167,0.0867519395786513,2714.72082586065,0.243966076706783,0.0406446197609631,0.473410204825118
0.0665719887887118,0.216770986767933,2715.16690436726,0.446078506608046,0.18767920060321,0.17255156119611
-0.864857798877599,0.331801838186384,2715.3627058184,0.19580145113423,0.213046015730955,0.0858071053671734
0.547723042825044,0.2021817484597,2715.56023559021,0.197529771817244,0.203834320419356,-0.173974742048231
0.64846109696917,0.0563645496761479,2715.93267176453,0.372436174319319,0.154318554960468,-0.0870033974273089
0.881653123935009,0.073431803238501,2716.2870934141,0.354421649562482,0.146015053300213,0.0375792134502372
-0.654761468544997,0.0921572197812985,2716.54303012726,0.255936713161191,0.17261046802026,0.164822368813286
0.298922913587521,0.0763661644961275,2716.96503443871,0.422004311452383,0.148624073456789,-0.259234949030727
-0.112702704291017,0.00150789829104536,2717.57029988246,0.605265443751705,0.0284281367499747,-0.119226537911715
-0.488780914432228,-0.101488960938546,2717.98037868882,0.410078806361525,-0.0263106970260599,-0.13951433605428
-0.809726113046481,-0.163528785468546,2718.20199661227,0.221617923443773,-0.0653360812685837,-0.208461738430593
1.04454796461064,-0.0752921577147059,2718.26465006429,0.0626534520206405,-0.0794921840137559,-0.242941443044368
-1.57584936389817,-0.0526412667422517,2718.3023945404,0.0377444761156767,-0.0877179637171204,-0.192969913400577
-1.08678668760942,-0.213201950513889,2718.67405915353,0.371664613127905,-0.238357403075753,-0.5830829218968
0.480588730761536,-0.424845249762733,2718.92710463776,0.253045484230825,-0.388705609949147,-0.582994384826022
0.47419130121166,-0.440736903544628,2719.41528265259,0.488178014830282,-0.441081983459201,0.350152235244858
1.16928071954893,-0.174954975229301,2719.72234665783,0.307064005243774,-0.27090746445781,0.713978256613081
2.14563555454273,-0.0460484852904118,2719.9465639781,0.224217320269418,-0.0796155478083822,0.969640700059184
0.302934356512876,-0.0273357945720737,2720.0025068297,0.0559428515934997,-0.0226049544925468,1.0669636106009
0.191611693651715,0.469217276241857,2720.49196239447,0.489455564771106,0.436345253456083,0.714521466734023
-0.241635364453869,0.471532875122218,2721.21637183876,0.72440944428854,0.484763009025111,-0.532942242590788
-0.121870955600263,-0.0265802403786603,2721.86392841509,0.647556576333955,-0.0254678953070233,-0.853968616465329
-0.712098416004389,-0.125983867766856,2722.04787825139,0.183949836303327,-0.174954860969713,-0.762870975131999
0.439782094984438,-0.304415625416798,2722.24711254419,0.199234292799702,-0.323445199371748,-0.713943795885854
-0.527652477261655,-0.359975968771823,2722.30520705426,0.0580945100682584,-0.362144201681281,-0.617383620945526
-0.490802635616257,-0.531189547514725,2722.56580363106,0.260596576798889,-0.491838285245656,-0.35657941148623
0.448612058508266,-0.526202118621581,2722.57580363106,0.0100000000002183,-0.495340583021021,-0.343837515423223
-0.522269502086037,-0.513448884148449,2722.60183715283,0.0260335217662941,-0.503537616594014,-0.285826386620108
0.897684210134105,-0.541225813784999,2723.03156804655,0.429730893724809,-0.506593810715682,0.252914325159693
-2.06815560351577,-0.245241287293027,2723.52243357665,0.490865530097381,-0.157795550450163,1.02190480851297
-1.61886373480641,0.0239006837959934,2723.81328049046,0.290846913808309,0.0416056528771239,0.345735794528511
-0.855357498769445,0.174114219725966,2724.19795465486,0.384674164403805,0.0412418926083207,-0.325822641541229
0.442932645167066,-0.174157171357965,2724.73933304456,0.541378389693364,-0.218175513086751,-0.570379150216128
-0.593437263486056,-0.35457313648295,2725.03800484385,0.298671799297608,-0.330874469163596,-0.17619183683536
-1.51393137109578,-0.386897050299799,2725.37680723553,0.3388023916782,-0.36885776768612,-0.0434919108690067
-2.00738982765326,-0.535024524501144,2725.89161325335,0.51480601782032,-0.443447215191635,-0.209982668747485
-0.0173904727282824,-0.518499369574099,2726.32512765632,0.43351440296874,-0.567289322379062,-0.30481345057289
-1.42396958350468,-0.526921072937336,2726.66628481633,0.341157160005423,-0.546053592983492,0.400326114729052
0.578823397313028,-0.387691872945033,2726.9461560644,0.27987124807396,-0.432170525190214,0.38398135470525
1.13726790836313,-0.219550227179391,2727.15596927087,0.209813206468425,-0.319548021614347,0.668199558245223
-0.388094994968481,-0.294534874906407,2727.16596927087,0.0100000000002183,-0.312786173462045,0.684088002613378
1.21682789110308,-0.0675497046850158,2727.59190536933,0.425936098464263,-0.0412388153071791,0.54731828440893
1.63027246585315,0.356008916148995,2728.08165135436,0.489745985027184,0.315106542637303,0.827184597585665
-0.871070083973358,0.501998756416346,2728.44884654985,0.367195195494787,0.617076243126802,0.720533780636317
-0.0695227687053112,0.617842372246069,2728.76812693602,0.319280386162518,0.653233472850415,-0.477685305228615
-1.1013059991802,0.500715108181381,2728.91444036971,0.146313433695013,0.559208267694581,-0.786403167594037
-0.171718261419068,0.404560271597646,2729.04281225986,0.128371890146809,0.438346188838394,-1.07839564522443
-0.0589398253172038,0.0916169698835062,2729.38199041402,0.339178154155888,0.0489180221904152,-1.14937151561305
-1.6924874442739,0.0568951270827966,2729.41138391872,0.0293935047038758,0.0153233008482231,-1.13624239166704
-1.54569737108724,-0.0951249091457728,2729.52275126467,0.111367345947201,-0.117715686121504,-1.24682344437194
2.26966767875979,-0.736439200855779,2730.05353321421,0.530781949539687,-0.762075657077893,-0.883491337845373
0.619985332715608,-0.479017809567789,2730.46980126179,0.416268047586527,-0.582380725985217,1.53065989786623
-1.42178404001472,0.0335075371339529,2730.87558168135,0.405780419559505,0.109373680153231,1.7209475602306
0.58709557996982,0.471671903405219,2731.156978914,0.281397232652125,0.483660620794602,0.896355925661076
0.311514138305594,0.556319425602198,2731.22115047844,0.0641715644401302,0.538123066318165,0.798122910781481
-0.85174792150156,0.529242093888729,2731.23115047844,0.0100000000002183,0.546006541713516,0.778483457644489
-0.789893475521756,0.628129387944933,2731.33433764068,0.103187162238555,0.609017405981443,0.438107762285217
0.640897991859187,0.502732358739262,2731.34433764068,0.0100000000002183,0.613230383786557,0.404466682717751
-1.08960759440912,0.735152463089175,2731.69998007764,0.355642436956259,0.628620208660131,-0.303656907809303
0.935709854312547,0.763115198862721,2731.72372457421,0.0237444965755458,0.620450592609768,-0.384044185022946
1.78723836604819,0.402227051131181,2732.17045427678,0.446729702563971,0.37443712890998,-0.600418210959107
-0.34549624339396,0.325508540810632,2732.18045427678,0.0100000000002183,0.368486958310357,-0.589573717427094
0.753725215462085,0.147909942576354,2732.46254464927,0.282090372486437,0.171150733054442,-0.775814048923999
0.0965223386092122,0.0987246669847973,2732.60281962172,0.1402749724557,0.0705520285476586,-0.654693485997085
-0.588246889293408,-0.142538263423527,2733.0361128062,0.433293184482409,-0.172488615196594,-0.438114590284849
1.32052786203962,-0.371250118165988,2733.51212449842,0.476011692219345,-0.360941511995111,-0.311596611997861
0.0402648379318385,-0.384807746866625,2733.64718452188,0.135060023458209,-0.380950762796759,0.0134731422746874
0.947882659073242,-0.33537553345362,2733.91086148243,0.2636769605474,-0.3427127395324,0.26426818149759
-0.145227298670528,0.0207491289731075,2734.45537332816,0.544511845726902,-0.00462800909886411,0.86792177025625
-0.113518103283021,0.131782331693828,2734.67643641258,0.221063084421075,0.17082776741987,0.708614826624916
-0.446719357562921,0.372434759982451,2735.14650546626,0.470069053678799,0.390605747858598,0.189277742489124
-0.48347531817328,0.330274935833937,2735.51092615534,0.364420689084909,0.356773763434173,-0.349571113324341
-1.17416852721668,0.406997771177882,2735.52092615534,0.0100000000002183,0.353215911692073,-0.361984617920432
-2.04938930869892,0.203123168891503,2735.75862735038,0.237701195038881,0.218660348398548,-0.744998620355838
-0.46714160323666,0.152057406487815,2735.88900178854,0.130374438161653,0.10427004239199,-1.00094413703074
-0.17579213418806,-0.348959105092298,2736.38227347581,0.493271687267679,-0.369583834299195,-0.830765955741978
-0.883973934566936,-0.595076494318048,2736.60938006322,0.227106587413346,-0.521173293209053,-0.481765018956755
0.498594217859878,-0.614262581244775,2737.15351378613,0.544133722906736,-0.582845312255018,0.259157526895298
0.789185803059414,-0.544667840051371,2737.31146164057,0.157947854440863,-0.512793691146306,0.611131527304489
-1.57565606725856,-0.120891334890603,2737.67661999528,0.365158354710729,-0.182171414475072,1.10370969132946
-0.533114016373333,0.00782619596211084,2737.9642641505,0.287644155215276,0.058606881102392,0.559400127570849
1.85044688801616,-0.0414237615379301,2737.9742641505,0.0100000000002183,0.0641541751213371,0.550056478271639
-0.767920732454291,0.351932834245919,2738.33829762684,0.364033476341319,0.3428336926927,0.924578061684978
-0.436995067990718,0.295160392038268,2738.34829762684,0.0100000000002183,0.351973510686069,0.903331345645737
0.0760739215126501,0.554597988166616,2738.78732454726,0.439026920426386,0.543840037532618,-0.0688343355559548
-1.33160500021953,0.380339215767511,2739.11864092682,0.331316379561031,0.43577113322948,-0.5358980888414
-0.933668036598903,-0.283069650839639,2739.77316551099,0.654524584168485,-0.243886894983406,-1.30406895431045
-0.0115695236001169,-0.261722125127235,2739.78316551099,0.0100000000002183,-0.256913081469198,-1.30110668824498
-0.503863648353601,-0.572080191660936,2740.04836119853,0.265195687536107,-0.546770743969369,-0.836424594299804
0.262477924804738,-0.622649200875909,2740.08271041016,0.0343492116317066,-0.574394281445579,-0.771071404456495
-0.451107320400337,-0.506662276068716,2740.66806488183,0.585354471668779,-0.520469201216937,0.829328890745313
-0.091759550170549,-0.281348128798727,2740.9158942744,0.247829392571475,-0.300261858798305,0.904418998859365
-1.94495513068454,-0.183914579615119,2741.08933430411,0.17344002970458,-0.142940572463858,0.897256781777323
0.925581136683785,0.0633488336157657,2741.41982258952,0.330488285418596,0.0364372702169106,0.187640573060676
-1.96729007710729,0.0795997303189139,2741.62576520615,0.205942616623361,0.0899792434267923,0.326150249199894
0.27751378439943,-0.0386119351352814,2742.18406149773,0.558296291581883,-0.0580741612470169,-0.775620087882175
-0.757752850032509,-0.199705596945615,2742.36441537208,0.180353874352022,-0.184105957438216,-0.615931779669751
-0.214468503722726,-0.364861120050076,2742.64925114129,0.284835769205529,-0.355127480114356,-0.560772796106978
1.16850473530614,-0.457572203022775,2743.01504693965,0.365795798367344,-0.481744814892077,-0.108543012452901
0.352682671616276,-0.372176184678562,2743.35583265079,0.340785711138324,-0.37184912278768,0.699100744601212
-0.232391065528683,-0.236793715665555,2743.51955032026,0.163717669468042,-0.246279541351318,0.82136205226015
-1.83822524765327,0.00440990544554281,2743.81725976704,0.297709446777844,-0.0136752716852359,0.717391989382369
-1.43259935701561,0.0834076751182328,2744.19310390492,0.375844137885451,0.103140949580807,-0.0855801778703192
-0.952005157076159,0.122174495754289,2744.24198948159,0.0488855766666347,0.0970634819193561,-0.162640474920071
0.75586883496841,0.191116712205383,2744.33831521883,0.0963257372382031,0.0765731959329135,-0.261296242100673
-1.41940497036377,-0.000402712435250606,2744.62248675699,0.284171538156897,0.0320785954441505,-0.0525191994415816
-0.375515232001702,-0.234934382113165,2745.09206884002,0.469582083035675,-0.134376878057057,-0.607575728563589
1.64805618480163,-0.292046312743985,2745.34305358739,0.250984747367056,-0.276852226802556,-0.513836130177348
0.612349472494806,-0.181247491309616,2745.95701186987,0.613958282477142,-0.139887813236549,0.845393367813357
0.115066874258822,0.470842548860488,2746.68396451592,0.72695264604954,0.472640161324058,0.643218875733716
0.25538588777614,0.517001614430735,2746.73854721428,0.0545826983643565,0.505178436237391,0.547809281000001
-1.14473120229342,0.406354639334485,2747.40817842769,0.669631213406774,0.466751219935625,-0.566268706299369
0.85147395344195,0.390905103224979,2747.46438814024,0.0562097125521177,0.431406675882154,-0.689047273593092
-0.421927177517895,0.184948659908073,2747.71274234724,0.24835420700083,0.26551506419507,-0.621919972907703
-0.517600128441757,0.272175101013507,2747.72274234724,0.0100000000002183,0.259259445432766,-0.629162658453805
-0.979589716181547,-0.118048212656311,2748.26569868058,0.542956333340044,-0.147757174680164,-0.782133727321164
-0.886242570556707,-0.518171730663479,2748.7243128083,0.458614127718192,-0.498251398394366,-0.651142348922886
0.813149326081512,-0.580539799483753,2749.29215007256,0.567837264265108,-0.627257822853522,0.242824152022412
0.427977508698438,-0.453877372689666,2749.58005388306,0.287903810497482,-0.444208731350322,0.953876903209871
0.760828249845173,-0.488126243888297,2749.59005388306,0.0100000000002183,-0.434606813910208,0.966413185488569
-0.669979984156797,-0.339313958305087,2749.67836036836,0.0883064853019278,-0.343799237268079,1.08359368628974
-0.00927308669275921,-0.149959100503059,2749.95152111665,0.27316074828741,-0.0701420867456865,0.891008992000807
-0.968563266204113,0.19271493490864,2750.17151405905,0.21999294240095,0.115530627208343,0.785045406477478
0.196408660704658,0.286093664162438,2750.79092689889,0.619412839841516,0.275587435740992,-0.259653380644528
-1.20041405344174,0.165921543772692,2751.1262000814,0.335273182509354,0.17601697298409,-0.317171175798283
0.183258935920898,0.129585041903483,2751.23885478424,0.112654702842519,0.131637226044532,-0.467323712331763
-0.615596146686083,-0.11524056364042,2751.53862805499,0.299773270748574,0.00184641686759187,-0.387155957481393
-1.14587801695551,-0.0115181128024316,2751.55120586556,0.0125778105625614,-0.00305658034452909,-0.392450789762311
-2.15665979056433,0.0366291286083182,2751.60629238229,0.0550865167374468,-0.0260714854751617,-0.442488586571372
2.07077622171054,-0.170601641766189,2751.81535240806,0.209060025768849,-0.156692878375713,-0.79126756842913
-0.530538691007326,-0.222322472237546,2752.1719570755,0.356604667440934,-0.260878354491868,0.19461803703172
-0.0479046453847214,-0.236872465236301,2752.45424582917,0.282288753665398,-0.208618888919322,0.16926457297333
1.20384174603374,-0.100016075812151,2752.95709593198,0.502850102813227,-0.0951773578609201,0.25559829720852
0.940639221536032,0.189675222994423,2753.45781198839,0.500716056404599,0.16343319286494,0.713154890563729
1.00497624606093,0.198744333182918,2753.54939426097,0.0915822725796716,0.229493165301232,0.726755263498244
0.0581774682515143,0.509883088092961,2753.88921326972,0.339819008756422,0.468122084728369,0.627563310125063
0.617685490797711,0.520206329926362,2754.05163812196,0.162424852240747,0.545989043456593,0.322912795705614
0.49638506048963,0.4886660096397,2754.50755085057,0.455912728611565,0.538455061533523,-0.32619427130936
0.0732553236124128,0.482594101744342,2754.51755085057,0.0100000000002183,0.535133727841685,-0.338034677025481
-0.00432553000007311,0.347856617872536,2754.78002654335,0.262475692777571,0.401164145196429,-0.644443978592451
-0.637373239979823,0.392878079560628,2754.83092805914,0.0509015157904287,0.36738666192287,-0.681384241869888
2.44412294941207,-0.205954693166465,2755.34248363552,0.511555576372302,-0.0826935790587454,-0.96956857904136
0.601816781058475,-0.0621826750188207,2755.86589971693,0.523416081417963,-0.171463570038544,0.580374965457718
-0.397781438723333,-0.189935753426188,2755.93521784062,0.0693181236870259,-0.129696489914732,0.623307612698365
-0.728375277573969,0.0289385614290591,2756.28844109834,0.353223257719492,0.0560194869232674,0.412106930292025
0.309030779390368,-0.0167572623549199,2756.67133077572,0.382889677379353,0.135894505456298,0.00705652569176818
-1.33205589908559,0.265413301530201,2756.85710773417,0.18577695844715,0.137540631998992,0.0104952722047915
0.415956565265324,0.0359462337639834,2757.13358216486,0.276474430689177,0.0818426054633049,-0.398268932583633
-1.93318089700546,0.10575774016907,2757.2030706583,0.0694884934414404,0.0552834660043965,-0.365701956964451
-1.25645254845191,-0.066156773722768,2757.47997068757,0.276900029275112,-0.110794812652067,-0.808026717833817
-0.414334214573633,-0.708526215893226,2758.03931521865,0.559344531081933,-0.582943973141787,-0.704316616650104
1.47844725768474,-0.624782544777867,2758.11195526877,0.0726400501134776,-0.628338050728724,-0.542380322849539
-0.134368070739694,-0.191083195233464,2758.75995290381,0.647997635046522,-0.206488544786301,1.45760963597997
0.274231196955181,0.0726257695386907,2758.95834806651,0.198395162692577,0.0707408098300677,1.31996746679016
-0.745955413467973,0.622496553780393,2759.45879281237,0.500444745865934,0.600928019711935,0.643499848578447
0.599402301185272,0.549716512347384,2759.46879281237,0.0100000000002183,0.607194908163608,0.609820386696753
1.52778921303553,0.624199897464298,2759.67947479861,0.21068198624107,0.68596604029418,0.123289713286923
1.3447274527667,0.627265603985399,2759.93967348731,0.260198688701166,0.668121923262813,-0.245280959924908
0.395617327823008,0.595034166966161,2760.20642473927,0.266751251955156,0.564579500412366,-0.48946714513695
0.243420116419319,0.568454407846569,2760.21642473927,0.0100000000002183,0.559616087851614,-0.50314981410423
-0.148678928485016,0.282168820125253,2760.52878770393,0.312362964656131,0.350288882978864,-0.77300704786305
0.944654115472135,-0.206474081256395,2761.2272853037,0.698497599773418,-0.216295609738276,-0.699452976538475
-0.484633532897784,-0.361702710600675,2761.67014326709,0.442857963386814,-0.343225095340871,0.126803580130108
-1.92893409583963,-0.267903493924453,2762.3004404221,0.63029715500943,-0.224773224894098,0.203745498884713
-0.453860233671493,-0.182676477198008,2762.56634971993,0.265909297838334,-0.223031257777916,-0.182246146472216
0.984973718075432,-0.282259869549209,2762.68590074009,0.119551020157814,-0.24370782314502,-0.162688206385124
0.789307482787196,-0.283419201674406,2762.89692265686,0.211021916770733,-0.242728575506696,0.166054481624189
-0.617012514705811,-0.199989105309655,2763.01667421613,0.119751559267115,-0.214126270069966,0.308622646609813
0.428382108065872,-0.137633528725204,2763.1955365896,0.178862373465108,-0.164204013391214,0.246728237428147
0.935952473516611,-0.185435813187728,2763.2055365896,0.0100000000002183,-0.161704121556906,0.253247384370823
0.277039024447868,0.00439997090286641,2763.64983955977,0.444302970173794,0.0453561643304499,0.632228600402901
-0.956562397521139,0.391618414243743,2764.39820739442,0.748367834651162,0.397863722979097,0.204331942428883
-0.867923643826577,0.359670189277118,2764.65191245876,0.253705064342284,0.381958213534325,-0.315679340936862
-0.108025631670404,0.206687064731321,2764.90539969638,0.253487237614081,0.252209632016634,-0.680661437985401
-0.276571973346735,-0.100566402419457,2765.38870605268,0.483306356307821,-0.0839635666609267,-0.651995604663298
1.45499832132484,-0.209138323905088,2765.6681829073,0.279476854620498,-0.252939633058403,-0.540446968874405
2.18216765261236,-0.398259820700082,2766.00978975146,0.341606844151102,-0.303166559345701,0.233505746096903
-0.252751733441238,-0.351248288907826,2766.09734817075,0.0875584192972383,-0.272209143616903,0.470379317076967
-0.607780075485707,-0.194439245825715,2766.31941484718,0.222066676428312,-0.166473613972912,0.471193514528675
-1.03546316227407,-0.18299843541718,2766.46060717671,0.14119232953044,-0.105178707354496,0.394662356458976
0.221406235111528,-0.0819675778264812,2766.47060717671,0.0100000000002183,-0.101282955296551,0.384490027514
-0.0591843892344178,0.0976366132230931,2767.06160270961,0.590995532896613,0.136938841253077,0.373634430183078
-0.918108602124612,0.232629588090588,2767.54278893113,0.481186221521057,0.246746019009482,0.0719298711642797
-1.48303679010156,0.211371882008663,2767.55278893113,0.0100000000002183,0.2473892750275,0.0567310852743145
-0.430358038933499,0.184747764113549,2767.81273030064,0.259941369505214,0.195360274666658,-0.439935862430685
-2.0322647614168,0.147687692175581,2767.8622615815,0.0495312808675408,0.172815688109468,-0.469786781555565
0.506916267977078,0.0163375977814159,2768.14534250935,0.283080927842548,-0.0380410624136942,-0.986575108824385
0.495018328140574,-0.231656852241338,2768.43970410874,0.294361599397234,-0.275922836094253,-0.610406194899242
0.000183691349551185,-0.408462447692137,2769.06562967068,0.6259255619334,-0.350912039349006,0.348560921711057
0.342901807926321,-0.38374415972182,2769.18850027386,0.122870603186584,-0.30300237416798,0.426935471024299
0.605870517957102,-0.129333388660189,2769.56294812774,0.37444785387288,-0.0978746406648816,0.628200662820962
-2.07073554964069,0.246844065756913,2770.02602279455,0.463074666818557,0.22038484960449,0.691124925651917
-0.505325929800749,0.296048958319368,2770.35167481623,0.325652021679161,0.291776216808631,-0.2392611779058
-1.55935515710567,0.286985533261934,2770.53429424796,0.182619431730473,0.231291269691329,-0.414868643690556
1.34870780745653,-0.0799520283651018,2770.9148887858,0.380594537838988,-0.0417517797507166,-0.963691751311225
-0.299396809200845,-0.330840458705294,2771.44699269716,0.532103911356444,-0.268771730272675,0.113573738745382
-0.86547327824658,-0.230115556391116,2771.55670348333,0.109710786171036,-0.254745999511237,0.141074526977076
0.477254889537888,-0.236610245556019,2771.89867216213,0.341968678795183,-0.227562577624358,0.0170327213164176
0.479893416392895,-0.0233235132947339,2772.4471019708,0.548429808670335,-0.0925786644075453,0.425523938939339
0.850865109329676,-0.0859527448818069,2772.46113352778,0.0140315569824452,-0.0865634980953246,0.431849298435447
0.708469862808597,0.0458324037035311,2772.69870155271,0.237568024931079,0.0359190894521901,0.586380871160882
0.608598625891421,0.178268753027698,2773.09366606063,0.394964507918758,0.279637683346581,0.607937607408222
-0.452196692762248,0.479775684942962,2773.43417217606,0.340506115433527,0.453759762833149,0.380641862862594
-0.317091851675686,0.557410562606753,2773.61770739542,0.183535219359328,0.489147275291748,0.00490930609126699
-1.40486688486415,0.532412265708431,2773.73666647211,0.118959076685769,0.476745469740932,-0.209931674565726
-0.0569799898223559,0.445386684208362,2773.93664115979,0.199974687682243,0.382988790413302,-0.704280849683715
-0.297792825905289,-0.180744850135067,2774.57950451831,0.642863358517388,-0.111491972992309,-0.702395252870425
1.09382499092528,-0.298256348910915,2774.85325213123,0.273747612924581,-0.288263273207677,-0.5708074277568
-0.398574664562033,-0.279265897351741,2774.86325213123,0.0100000000002183,-0.293867421861368,-0.550027268414809
-0.992051997777733,-0.402794926519699,2775.19995108701,0.336698955776683,-0.436321370245721,-0.271315109709779
-1.16600617183609,-0.59593702571922,2775.81090937555,0.610958288539223,-0.49468651169961,0.0936621577373974
0.860433517571052,-0.352243944984008,2776.24818048244,0.437271106888147,-0.428949813694216,0.178376333979455
0.0605439004947237,-0.306690939759912,2776.60586780395,0.357687321515186,-0.253957216498633,0.742275753345333
1.13836511949737,-0.0897571229318037,2776.84348692784,0.237619123889999,-0.0743665198129585,0.751818738242828
0.118871404916675,0.105601139544708,2776.97186961722,0.128382689375485,0.0289679303679369,0.852365722778137
0.549801040734904,0.359189126369558,2777.59829031159,0.626420694371063,0.428036788983312,0.321483532037707
0.588591339485365,0.505768124055706,2777.84989100462,0.251600693032287,0.479470023906461,0.081325282445179
-1.53276769977616,0.492724299772952,2778.03792273486,0.188031730238436,0.478059137074415,-0.0933379511685951
0.174768565658387,0.221449935120261,2778.38432482788,0.346402093024608,0.287316213134736,-0.934461513415404
0.284628278711571,0.0454775021864375,2778.65708691783,0.272762089950447,0.0390645599555702,-0.859882406945121
0.256497924271942,-0.0729774373000253,2778.80449725041,0.14741033258133,-0.0800660255185028,-0.751855838959462
-0.119134374961268,-0.301816494657915,2779.31834193022,0.513844679809608,-0.337386492691049,-0.210962326898263
-0.12696434095734,-0.370364069847486,2779.66657865617,0.348236725949846,-0.358529245198573,0.085573562904141
-1.50237639296956,-0.229178380407466,2780.15591834802,0.489339691847817,-0.242220894805776,0.346037597025795
-0.227477393048795,-0.27100745003632,2780.21879256052,0.0628742124986275,-0.222692970597842,0.274942375637324
-0.211993718713258,-0.109771480790298,2780.55514970725,0.336357146725732,-0.127407632705976,0.278323761770041
1.22905138905598,-0.0495054313230106,2781.06168692156,0.506537214318087,-0.00795634963861575,0.176620681095491
-0.540467538445314,0.105287216021619,2781.26003877545,0.198351853887289,0.048506494131399,0.385469078986326
-0.734988093939111,0.209990984543489,2781.85184521356,0.591806438106232,0.127081254486974,-0.111776055356414
-0.725734568802785,0.0569381143366966,2782.03780060123,0.185955387675222,0.0908349161567655,-0.27309728230394
0.331404629717493,-0.0379137917690136,2782.19365607687,0.155855475639783,0.0394945123993453,-0.381550681797358
-1.32626615595997,-0.0218142260360722,2782.37307397994,0.179417903066678,-0.0213599155711577,-0.294471021280468
1.98781072565258,-0.109759626797844,2782.57851619641,0.205442216471965,-0.104033686323089,-0.500967094593129
-0.575552363600568,-0.226644169801728,2782.88039117055,0.301874974137718,-0.145833570890685,0.210811160471821
0.540640010196002,-0.119267081416572,2783.10329947271,0.222908302164342,-0.108565134446886,0.12211785195406
1.75892091129813,0.245708651698472,2783.94272276314,0.839423290426566,0.165021397804032,0.426709331107674
-0.314055216362353,0.201763422636528,2784.09180316908,0.149080405936729,0.24093201166773,0.584766973965887
0.812391444925299,0.378781936626562,2784.46200987981,0.370206710737875,0.370591074999045,0.102574374665552
0.594955854359,0.489966405157275,2784.91370941022,0.451699530408405,0.390272883530151,-0.0171070814112878
0.352765733199742,0.387972799510417,2784.9917640187,0.0780546084797606,0.387520325862126,-0.0530357839034344
-0.259485561655336,0.355425141833713,2785.01102339285,0.0192593741448945,0.38637221761458,-0.0661527139589439
0.783329265693767,0.396253866732376,2785.02102339285,0.0100000000002183,0.385646498970041,-0.0789789811263367
0.525595531893601,0.321903832770226,2785.23428948133,0.213266088483579,0.36423208530689,-0.118010127008809
-2.23591046516292,0.222113620536972,2785.6375047878,0.403215306471793,0.293318478070404,-0.21296132020125
-0.583964470047749,-0.26794758267813,2786.25099999694,0.613495209139273,-0.265317315989078,-1.41297768999962
2.17184862472796,-0.465509980150074,2786.4261719387,0.175171941757071,-0.497352324175066,-1.21038472573438
0.484289397457649,-0.629211861267124,2786.73339748667,0.30722554797012,-0.646084595600492,0.260087646564616
-0.873861949920379,-0.596058616406824,2786.82381500551,0.090417518839331,-0.610830346908572,0.513569505718563
-0.674542500365722,-0.450395325042456,2787.07092614727,0.247111141762616,-0.457615772698347,0.682775416021043
0.737328498910957,-0.164361478226411,2787.47031323373,0.399387086459683,-0.186834964377195,0.610426678265222
-0.318463921713102,-0.20902370564804,2787.57665857901,0.106345345279806,-0.117564833083073,0.68869748284633
0.462445528337579,-0.0690816233209055,2787.68136016293,0.10470158392036,-0.0479928515684815,0.638170307492993
0.443251368391424,-0.0440908482169892,2787.69136016293,0.0100000000002183,-0.0415994298579288,0.640467720268979
0.0799286307629699,0.074667190142633,2787.96211671749,0.270756554563377,0.134859245302879,0.646439151436894
-0.862923759760367,0.402794215499109,2788.50533385483,0.54321713733043,0.377808139913043,0.198901829917542
-0.123378472522703,0.503045873460756,2788.51533385483,0.0100000000002183,0.379697869652974,0.179041095818082
1.1103440337645,0.251252605845673,2788.97610452514,0.460770670311831,0.337107508295809,-0.330311828002338
0.628295587874233,0.196613013903842,2789.45325773141,0.477153206275489,0.238514476134818,-0.0682972171452557
0.170666864529035,0.214073470780906,2789.7486584278,0.29540069639188,0.223916436538356,-0.029483223187168
1.58278687039076,0.169112173621579,2790.02698361442,0.27832518662035,0.204404805160506,-0.106477213358313
1.91437757836659,0.252145819088306,2790.35134895415,0.324365339727137,0.229114609944212,0.245656290663286
1.96072348753404,0.263761019261963,2790.54570859158,0.194359637427169,0.299089198972651,0.463964624177423
-1.82987529425459,0.542726767633484,2790.89968935233,0.353980760748982,0.507560674333479,0.65310705107822
1.28585017075877,0.0398875521283855,2791.64258511043,0.742895758105078,0.0603909260937596,-1.47248329687452
0.802986165027058,-0.258138957357687,2791.93631682441,0.293731713975831,-0.282749575934071,-0.840595357243198
-0.822938325731327,-0.513958617291754,2792.31870330779,0.382386483378014,-0.452114287920078,-0.0256127998868824
-1.1847841322216,-0.398261572907546,2792.55417859406,0.235475286271139,-0.443383950938268,0.0956314027725491
-0.819920014284317,-0.50761747975755,2792.99045962979,0.436281035727006,-0.400025609527294,0.0884823470155446
-0.0876901266454521,-0.239365644273071,2793.77664966302,0.78619003323638,-0.297513349999079,0.116764326416675
0.376630869424444,-0.188682473470773,2794.23783303237,0.461183369346145,-0.194926978705375,0.297585989957591
0.771606477072186,-0.283705111637474,2794.29704156499,0.059208532618868,-0.176197730968629,0.334425461853361
1.72845914907191,0.0243464988424225,2794.62335969525,0.326318130259097,-0.0226453154048251,0.581678922620506
-0.970961402698166,-0.0503275529832655,2794.78049302107,0.157133325822087,0.085781500840516,0.78989207287513
0.770132450584267,0.285710146384385,2795.01322709272,0.232734071647883,0.226269241486205,0.411668815718361
1.50686456611909,0.499500446918126,2795.66679134774,0.653564255020683,0.449992078946867,0.189585205054938
0.309657706915613,0.439426684478469,2795.71641152601,0.0496201782771095,0.459448866122369,0.191173302701165
-0.665332587010148,0.325676076572397,2796.32168009757,0.605268571554461,0.375089067147534,-0.395962986575375
0.434233141500511,0.261293114212978,2796.69893255074,0.377252453167785,0.142480588448254,-0.779324656350798
0.576706847210019,-0.0477388802967662,2796.91918834075,0.220255790015472,-0.014091653538136,-0.633155056904774
-0.519483867123381,-0.155764692084928,2797.29266092678,0.373472586028129,-0.180793513719672,-0.248834603306262
-0.269288382596573,-0.304179592630432,2797.80673808241,0.514077155633004,-0.295462049013941,-0.172039760729662
1.44066781865768,-0.347672548324451,2798.27366328117,0.466925198762056,-0.315762807885072,0.0805461467228154
-0.554471770454086,-0.407222685419119,2798.50658061378,0.232917332607485,-0.241257732606874,0.540896769303405
-0.525263429629238,-0.105551907247756,2798.87783758941,0.371256975625784,-0.0687881289927841,0.368240284168605
-0.90440074525391,0.00831863283054257,2799.25985018149,0.382012592082901,0.0272132488465138,0.129679991840279
-0.889028809368479,0.0231514609159025,2799.37877535228,0.118925170787861,0.0354816249697007,0.01022865971191
0.388456025412632,-0.0535168281739827,2799.47836991028,0.0995945579970794,0.0317956791356297,-0.0833469101548962
-0.185516761075897,0.0299895973550009,2800.05861134006,0.580241429785929,0.0414376322894621,0.105362546399194
0.169473600538111,0.101122321307265,2800.24484307652,0.186231736459376,0.0554620012871418,0.0452965432424249
1.26614908118771,0.112518726778532,2800.37430740627,0.129464329747407,0.0615800017747772,0.0489062214792511
1.92866469499818,0.108619047469195,2800.68296820073,0.308660794464686,0.125965242866714,0.353354959653338
1.07529980548877,0.32408733953437,2800.901378988,0.21841078726402,0.235708978325125,0.63646806901892
0.600726341051162,0.505492805756448,2801.31485708452,0.413478096520521,0.491990621943303,0.534093968061892
1.72584117080215,0.590398591545005,2801.85385433869,0.538997254170681,0.562757039645981,-0.275639616776998
0.663454817753541,0.463561438954086,2802.63000752247,0.776153183782299,0.416694631273719,-0.0114294265341216
2.15768859440944,0.313514795870297,2802.84250492907,0.212497406598686,0.403075097581309,-0.112753588957775
-0.0735818806242649,0.358065470363547,2803.16552235508,0.323017426007027,0.420731005208089,0.208988040708292
0.508768089440571,0.44447106296521,2803.53053961326,0.365017258184253,0.406687706340273,-0.26711602845155
0.790984284321807,0.165952356229988,2804.20698513256,0.676445519295612,0.180792224841679,-0.311188092583594
-0.195952521872636,0.154129027018207,2804.38014839217,0.173163259618832,0.13558762781478,-0.209300583302435
-0.674730007548441,0.208625728123911,2804.47693395665,0.0967855644780684,0.11367556838556,-0.242436504534129
1.01675311943474,-0.0376691842001575,2804.73032373846,0.253389781807073,0.0296028499289882,-0.410171088230018
0.418109370435635,-0.0577340017228323,2805.10106750271,0.370743764254712,-0.0423953966119684,0.017414931249972
-0.297240669168798,-0.0173710613719029,2805.49462538311,0.393557880398475,-0.000881155772661275,0.182580510179231
-0.761074255164904,0.0584487783968881,2805.70332305207,0.208697668955665,0.0286070888113512,0.0994001855708975
0.251011560667332,-0.101092217754512,2806.16200072427,0.458677672203066,-0.0105989881034159,-0.250740471892404
-1.68281526293233,-0.0484273562303858,2806.34493060401,0.182929879734274,-0.0495495887894958,-0.173887115777781
-0.0172781860302205,-0.0146535522939547,2806.35493060401,0.0100000000002183,-0.0513630850933157,-0.188785050005753
-1.55287720475031,-0.0862697075711291,2806.47265404713,0.117723443125669,-0.072260141870299,-0.165623678671946
-2.09584619470524,-0.240202588715008,2806.81862612487,0.345972077737315,-0.200487325622483,-0.547696121277598
1.04726159854656,-0.160449272382405,2806.95707606023,0.138449935362587,-0.288540436412513,-0.716447998283363
0.31167682183483,-0.338186267129458,2807.09768418165,0.140608121419064,-0.367966973851136,-0.410113728587426
-1.24569038498624,-0.357530149824475,2807.36742706281,0.269742881156617,-0.422228286103835,0.00908935718438754
0.54548506141093,-0.430617858353112,2807.40407665816,0.0366495953517187,-0.421915128171821,0.00799414817098938
-0.155593870239455,-0.399286589532873,2807.55262080212,0.148544143957224,-0.401952310737876,0.255451648925808
0.0627997784292233,-0.301567363136354,2807.79355728816,0.240936486048213,-0.319693789930029,0.41103694533669
0.754122252953136,0.0653675786710794,2808.68998098463,0.896423696462534,0.132459066558743,0.437244749726711
-0.84418678872705,0.358905122293177,2809.07860933933,0.388628354699449,0.310198582030731,0.445202465072341
0.123381576193632,0.344763480986494,2809.34836170881,0.269752369479193,0.362720487602385,-0.0534297584221267
0.258316647210107,0.443569969378536,2809.44792340073,0.0995616919281019,0.353479882073629,-0.130940900401876
-0.885905052459954,0.228487959878262,2809.97599655778,0.528073157047402,0.223414434044974,-0.315015555885443
-0.352592042296796,0.166580618624645,2810.23081072362,0.254814165837161,0.10751204920527,-0.57707282162891
1.00216285279371,0.0613840718317186,2810.41132842868,0.180517705063721,1.30103161408245e-05,-0.606793656535455
-0.155792232407968,-0.103312475384342,2810.60819035615,0.196861927464852,-0.0935995615578748,-0.342338548519181
-0.215575519488309,-0.184023989468533,2810.9231616695,0.314971313348906,-0.188107652596529,-0.248735644257585
1.0513988044999,-0.299341299360323,2811.47447242826,0.551310758764885,-0.267120259773227,-0.0275517523182
0.143796593544143,-0.0528074262381208,2812.12074130985,0.646268881586366,0.00860765804876023,0.763864168730834
-0.848786219675195,0.267936686837443,2812.5108729388,0.390131628957533,0.27372520455242,0.560790413199564
0.101025725906698,0.121308670465834,2813.24422536619,0.733352427388581,0.214130457801051,-0.621986946673302
1.3482706147484,0.216593260462217,2813.27971686911,0.0354915029124641,0.192026041712406,-0.623275301318526
-0.311907194871278,0.0319621368965347,2813.45002785746,0.17031098835605,0.104475236723732,-0.402185350101682
-0.372695962459451,-0.113279731110185,2813.969839078,0.519811220535303,-0.125445558968093,-0.439789872727908
-0.428763237662004,-0.326184026472959,2814.44010173726,0.470262659266155,-0.304360946278594,-0.288334443954386
0.795262218656552,-0.346160973100352,2814.83114972092,0.391047983654971,-0.375649665313175,-0.0659087082719212
-1.78318493404345,-0.355050758452173,2815.00378092891,0.172631207992254,-0.360359607118895,0.236887054656252
1.22505695041595,-0.359739418033111,2815.34545712962,0.341676200709117,-0.335434733553851,-0.0870089510154964
0.973089715359771,-0.148858640530436,2815.7342348381,0.388777708480575,-0.221998009452533,0.622793875907005
0.104282836722957,0.355274962917788,2816.40486005705,0.670625218945133,0.34821228861144,0.912327280923681
-0.222154116502307,0.527071282823188,2817.11923176062,0.714371703569668,0.542646506362,-0.419936299902753
-0.0025015398992741,0.374705229548763,2817.33899257429,0.219760813670746,0.411471478006822,-0.741507581810424
-0.885375203598874,0.20858158992132,2817.58780063419,0.248808059900057,0.210863847732016,-0.839842781819529
2.09726891429097,-0.0463456453645276,2817.90449371961,0.316693085420866,-0.0888686030164477,-1.0146224717833
-0.584140894235616,-0.346775505752347,2818.20812996162,0.303636242015727,-0.266397958285775,-0.153497926247459
0.0135441640490678,-0.181010643463699,2818.21812996162,0.0100000000002183,-0.267926880112064,-0.152272457060579
-0.0857799683669807,-0.281842782981849,2818.26035747792,0.0422275163018639,-0.273712409768034,-0.121727353988013
-0.869003277138503,-0.266782249258788,2818.46177940121,0.201421923281487,-0.28558881600927,0.00297016223712718
0.0569235294563407,-0.307272164522958,2818.47177940121,0.0100000000002183,-0.285568243093135,0.00114589028353947
-0.834350345593716,-0.296384919929262,2818.8394759054,0.367696504194555,-0.239463236026754,0.233683861933958
0.377984400701523,-0.17474300883812,2819.06412716536,0.224651259959955,-0.197852131798495,0.134398750357571
1.96340224638665,-0.173583650578238,2819.40145895199,0.337331786624418,-0.115350570774311,0.3378622785334
-0.890674632788415,-0.013730883715467,2819.61774051438,0.216281562395579,0.0020507746109416,0.731900240245336
-1.85030354866965,0.207135886704745,2820.14901234634,0.531271831961931,0.200476896698144,0.00780852276792075
-1.04304995797246,0.0590926592429469,2820.49892721183,0.349914865489609,0.0736637569627538,-0.694534321443953
-1.13629848401826,-0.295156906329229,2820.88924041875,0.390313206919473,-0.242985778941271,-0.876973907337951
-0.505852937919293,-0.281333752589264,2820.89924041875,0.0100000000002183,-0.251762114215798,-0.878226642570194
0.0949999924960878,-0.460958786975426,2821.19789347719,0.298653058437139,-0.47972739804271,-0.608418291172622
0.705849723434951,-0.603681691540198,2821.4074524945,0.209559017307583,-0.562325258457292,-0.169785922492156
-0.849140542002186,-0.577744541450468,2821.74236874327,0.334916248770242,-0.472597983007675,0.650530057207845
0.816554277601196,-0.50460864451946,2821.82656529056,0.0841965472923221,-0.417115098636545,0.663464283951787
-1.33770221075597,-0.428025731486166,2821.83656529056,0.0100000000002183,-0.410396997535987,0.680011949900835
0.389419976355848,-0.245285485516082,2822.16516516539,0.328599874830616,-0.227191713820642,0.407303413275121
-2.13383107765409,-0.144893796980398,2822.4130551006,0.247889935210878,-0.108469727989049,0.535864384963399
-0.474629882113356,-0.00470948799625464,2822.79550190384,0.382446803234416,-0.0592920110292209,-0.25961541067082
0.00653175729212759,-0.178527148865787,2823.52763364733,0.732131743495302,-0.265442368532899,-0.242106785289804
-1.16477620511274,-0.236109830952748,2823.73989534123,0.212261693895925,-0.299496314447592,-0.077798746788028
-1.04121915544189,-0.273069967786245,2823.94059662696,0.200701285733885,-0.322328445174596,-0.145941617221251
-1.96162620595237,-0.415031169997635,2824.39746179318,0.45686516621754,-0.395273123890071,-0.151038801950069
-0.546146725965934,-0.550738905247066,2824.84840089496,0.450939101782296,-0.522189968124062,-0.354378926000527
-1.64117605719638,-0.540393333606732,2825.30203150187,0.453630606905335,-0.532917087103626,0.287048328044234
-0.627357962301022,-0.460761200306091,2825.58592687144,0.283895369577294,-0.456164365452694,0.234235020071085
-0.630945737442802,-0.29559026866528,2825.90119358833,0.315266716882434,-0.358711492603422,0.357402235955329
1.00647302663149,-0.122443646803258,2826.83059743555,0.929403847225331,-0.105875613135999,0.0965050298288284
2.11338837090812,-0.170311431286151,2826.932131906,0.101534470449678,-0.0901642327536101,0.211435034989259
-0.34004124272115,-0.00234613266621039,2826.98946239457,0.0573304885651851,-0.0744910996189394,0.334429154876663
0.507618538093947,0.0103958022479113,2827.51986063113,0.530398236565816,0.0436443748025077,0.10036945145807
-1.19094450466382,0.0216654844455073,2827.74491541368,0.225054782551524,0.0748018104179799,0.172753608299802
-1.68416170329204,0.0674629299534315,2828.01934875593,0.274433342248358,0.0702502055870154,-0.197003272443012
0.445550803429997,-0.133611821755038,2828.36081829023,0.341469534295811,-0.0879011227924968,-0.696728265617853
-2.72451047091799,-0.233421686866449,2828.63575299756,0.274934707335888,-0.239562323408927,-0.396419119612306
0.482599097145366,-0.344560514220057,2828.84043668852,0.204683690952152,-0.358652266942562,-0.747668051830785
0.185424510976505,-0.317323415480252,2828.85043668852,0.0100000000002183,-0.366038365294759,-0.72952146690111
0.54691682749729,-0.376894350175935,2828.86043668852,0.0100000000002183,-0.373256681583212,-0.714083971284828
0.121319305977836,-0.50736483443787,2828.95550721989,0.0950705313721301,-0.432242320738885,-0.524147632758474
-1.57543248093349,-0.510528941699982,2829.06889163653,0.113384416643839,-0.48068328600011,-0.327480867535108
0.536109202443422,-0.527354347002853,2829.36997495981,0.301083323276544,-0.56681547062604,-0.220585531679498
-0.956169907051457,-0.488705310338632,2829.5969509937,0.226976033892242,-0.549232843084255,0.35986241678748
-1.7048246571324,-0.437096948458711,2829.83343735728,0.236486363581207,-0.448104788113386,0.470127437539982
0.199890963612658,-0.311443330966924,2830.39170920942,0.558271852140933,-0.313769363584952,-0.0166273043389048
-0.543232322469375,-0.144890615680356,2831.10647322135,0.714764011925581,-0.125427389062535,0.448838387351903
-0.680486054833428,0.0410341895231097,2831.55440564673,0.447932425385261,0.016775367814847,0.174567260015551
-1.19991227184356,0.03277853633528,2831.56440564673,0.0100000000002183,0.0184809884683962,0.16654655806167
-0.0878843791143893,-0.0667819785324838,2832.05785454726,0.493448900523617,-0.0479338246897794,-0.400961359756823
-1.87700946929714,-0.120833016283341,2832.26879626286,0.210941715605713,-0.126793986817971,-0.3419042762946
-0.775941987481783,-0.174032804394738,2832.29814472245,0.029348459584071,-0.137443124704836,-0.383559182326691
-0.87722849859806,-0.214668286965354,2832.66528337528,0.36713865283582,-0.289188684859522,-0.416853800865107
-0.194979430613563,-0.396438201352186,2833.04557942126,0.380296045977047,-0.432855579162587,-0.305566885624345
0.392293996154576,-0.446399339789665,2833.40495283333,0.359373412072273,-0.460789007777787,0.14496316939234
0.663978426226146,-0.496024335246367,2833.41495283333,0.0100000000002183,-0.459253113718623,0.162196393013653
-0.59754259952653,-0.196302892568775,2833.9175003364,0.502547503068854,-0.180481101548583,0.829472729527013
-0.378610726280722,0.0163923663731408,2834.19480829767,0.277307961270253,0.0206215666494866,0.606361005133471
0.812543869552259,0.0164401719357678,2834.29830394784,0.103495650168952,0.0793542008410717,0.527242627298076
0.802801606851557,0.345498796709534,2834.75534695761,0.45704300977286,0.338181284770323,0.550621285174298
-0.496102618228364,0.356731623911013,2834.83146173114,0.076114773531117,0.378961351754181,0.519086705920715
-1.22517909786929,0.490709717487133,2835.19437840462,0.362916673479049,0.444616917048004,-0.155338497795015
-1.18075405844869,0.230603080356376,2835.58561161822,0.391233213596479,0.221957651005769,-0.901695865111908
0.515194974580851,0.231102331784028,2835.59561161822,0.0100000000002183,0.212879603144015,-0.913769248681319
-0.0894367525171721,0.286945507383924,2835.60561161822,0.0100000000002183,0.20376730846108,-0.908670615802845
0.784239328428701,0.13793602145903,2835.72031839416,0.114706775944342,0.0995482722938887,-0.903827077241357
0.642454535271471,-0.140780654933464,2836.16257580407,0.442257409908962,-0.184440756405356,-0.356489379219086
-0.235885824762449,-0.237890040539441,2836.7671491554,0.604573351328781,-0.182454930646055,0.326966991102462
0.917362138118118,-0.136046856194079,2837.05267953316,0.285530377758732,-0.0921457310958541,0.296494589935807
-0.362744285342798,-0.0366038855249486,2837.34775014165,0.295070608491642,0.031945542131133,0.526490358039278
0.0976439233820828,0.167871731338298,2837.65438205881,0.3066319171553,0.158023596368059,0.288032034654886
-0.441513392113887,0.220444205367229,2837.88014882997,0.225766771165581,0.212457119382252,0.190838418270733
-0.453336297064012,0.212369075466682,2838.11355283036,0.233404000391147,0.229796277619134,-0.0396266409984945
-0.216966806749957,0.277367308637621,2838.32601230036,0.212459469996702,0.200974361420057,-0.225611711118473
0.771884102404451,0.0116609494239059,2838.94384985197,0.617837551612411,-0.00745496228563982,-0.392755341578203
0.340927701805272,0.0016011727623779,2838.95384985197,0.0100000000002183,-0.0113333807487074,-0.382915749916733
-0.541784109528837,-0.118719318497588,2839.35167257154,0.397822719561191,-0.115933655802899,-0.136707471063774
1.52923685085729,-0.0909232349851672,2839.69895223597,0.347279664439156,-0.174393983088453,-0.190515056000214
0.331987291537646,-0.11443448814796,2840.08242872362,0.383476487646021,-0.109281333944122,0.497934874188721
-0.442881915051061,0.0250242740006981,2840.26280609441,0.180377370790666,-0.0156325450244955,0.53400745534249
-0.442275576955971,0.190814430836593,2840.57958879689,0.316782702479941,0.116309760193326,0.291094543519686
2.00194444107393,0.104963566206868,2841.09123227097,0.511643474076664,0.156773208274828,-0.123023675646319
0.511623198579912,0.164234402861175,2841.39505510426,0.303822833289814,0.195308089309289,0.35961433957833
-0.709991479612509,0.254120164734834,2841.51524595064,0.12019084638132,0.237582443645343,0.341712800748098
1.95634046998151,0.171713686846216,2841.52524595064,0.0100000000002183,0.240928363335497,0.327471519002343
0.220306005806851,0.498212418915795,2841.92496881686,0.399722866225602,0.450111631588664,0.655094350704391
-0.152445550341934,0.529660426093358,2842.4897580629,0.564789246036071,0.540510629128039,-0.338945323251419
0.0246560022457811,0.355298695536362,2842.80049140641,0.310733343509128,0.363131920084252,-0.744219157228643
0.718080428809417,0.140350603820872,2843.05938093591,0.258889529498447,0.159721983581307,-0.799037842018408
1.027910282598,-0.150993651027496,2843.5224373613,0.46305642539437,-0.109592148481274,-0.339078714490714
0.311226951605276,-0.0834551483744158,2844.13705181131,0.614614450007593,-0.0648870138671875,0.433733875809985
1.28797121414187,0.115274730955491,2844.48702807037,0.349976259064533,0.0937546696144663,0.453483888421616
0.204999806646792,0.106738695689247,2844.49702807038,0.0100000000002183,0.0983326195752133,0.462095045379285
-0.394805087489023,0.238590341788072,2844.95431148944,0.457283419065334,0.272541053804549,0.272802912886199
-1.09592537530989,0.370635913057519,2845.33912663545,0.384815146011988,0.291057603712951,-0.166193538479254
-0.382796097331958,0.187377949204679,2845.62682627966,0.287699644208715,0.178765961568912,-0.588652431241213
-0.36611441630965,0.125421306040536,2845.81302206164,0.186195781981951,0.0626824289598915,-0.649253247260608
0.366934499945428,-0.114148323705489,2846.10213007466,0.289108013018449,-0.126566450078585,-0.641446225217514
0.264725649993,-0.303889627372038,2846.56777035027,0.465640275612259,-0.30885919863662,-0.121749733747094
0.871553235331146,-0.339330304782882,2846.76402190527,0.196251554994433,-0.312128907070784,0.085400525084637
-0.186336699596174,0.0424165314951725,2847.31505241047,0.551030505205745,-0.0650137367478033,0.719993971569547
0.358701508325729,0.254900077074208,2847.83945429489,0.524401884413692,0.230029381596706,0.363956993288683
0.162427971806185,0.321148799667324,2848.14520305004,0.305748755155037,0.321450970156305,0.222862093668662
0.240694698447836,0.350930490240626,2848.51302960705,0.367826557006083,0.350767831589702,-0.061387483572345
0.712163810256798,0.307243209558453,2848.85893777235,0.345908165302717,0.295821636355185,-0.239604287723542
0.511605466515887,0.243668278490198,2849.26600260662,0.407064834268567,0.214330222460632,-0.147450110080612
1.74937770027225,0.272476996840857,2849.30697300735,0.04097040073475,0.208383145451956,-0.142769023236718
-0.34938208979152,0.228590700255898,2849.52747595019,0.220502942831445,0.209065467769098,0.143604701860266
-0.0319884358535887,0.219881819426982,2849.98332539627,0.455849446082539,0.187412717105437,-0.220151442954949
-2.1996236676455,0.263614516762005,2849.99527912423,0.0119537279579163,0.184757750347672,-0.224040105327327
-0.679759033362898,-0.00945980745987568,2850.21826110156,0.222981977331528,0.0767126047408091,-0.726458351571016
2.04094484718858,-0.318401363572708,2850.72491586815,0.506654766588781,-0.314503879425675,-0.739521016613052
0.829280800262007,-0.361116510039751,2851.05035190974,0.325436041591274,-0.384785605227679,0.294593616064875
1.84837794604852,-0.228563133050516,2851.32727374094,0.276921831200525,-0.244994245188837,0.683013064017393
-0.695725776664678,0.361446429389487,2851.85420271677,0.526928975830742,0.329210166778808,1.35126693581495
-0.781885756784589,0.384036171423796,2851.86420271677,0.0100000000002183,0.342611786802533,1.32896576877542
-0.362084214980456,0.650365856806262,2852.38059091766,0.516388200893743,0.634831745451429,-0.287473995153658
2.60144982503606,0.699294429381596,2852.48643050709,0.105839589425614,0.589724981064584,-0.556408884384986
1.82844121587711,0.465309727898565,2852.97968990206,0.493259394972483,0.443817723911685,0.0114296882270953
-0.510781297350894,0.409258206362326,2853.24143221297,0.261742310909995,0.46252679992035,0.124869843385729
-0.858793830515053,0.290841506091432,2853.67252091113,0.431088698160693,0.348847373463953,-0.58726873981244
0.848620758581197,0.158296745067156,2853.92587579255,0.253354881421274,0.160664568511319,-0.868166661065161
-0.334716160980132,-0.0619524578525323,2854.4978929848,0.572017192250314,-0.151468044602471,-0.193527041214037
-0.581596763171695,-0.186119445978836,2854.70358877582,0.205695791019025,-0.188954424063453,-0.168258258999013
-0.201794135287325,-0.29470149851087,2854.78731692657,0.083728150747902,-0.203297005843427,-0.173782740547625
0.0851353160332633,-0.268632381946411,2855.13464344178,0.34732651521108,-0.242065526712398,-0.0469388058159885
-1.22291307169727,-0.115930447072265,2855.34401844079,0.209374999012653,-0.237787121776351,0.0850614659085793
-1.23787278315644,-0.249998735089081,2855.40278774452,0.0587693037286954,-0.234031052592914,0.0428611767710042
-1.2625877816897,-0.255295831058574,2855.49654477339,0.0937570288660936,-0.233169099251437,-0.0239889445940022
-0.871746948053472,-0.198066910107655,2855.65554506258,0.15900028919441,-0.245761709461883,-0.132020250787001
-0.808542624223886,-0.199711181760808,2855.87849659528,0.222951532695788,-0.280176128347653,-0.172046533164485
0.193463138009292,-0.3781988728733,2856.22586858799,0.34737199271467,-0.339079717423735,-0.155741315672164
-1.10248951041467,-0.313124411219504,2856.56675313349,0.340884545497374,-0.327898155096017,0.208463318272384
-0.166096503115652,-0.391157354712799,2856.85228708422,0.285533950727313,-0.285297252694693,0.0859708406418075
-0.0186042453314682,-0.260006580815548,2856.86228708422,0.0100000000002183,-0.284413732504522,0.0907269870873402
-0.588375814656194,-0.223751743654658,2857.30670998755,0.444422903332907,-0.193647658589545,0.290575379492159
-0.144114949496767,-0.0511660386461279,2857.49944592898,0.192735941423052,-0.144017493989065,0.221672525580955
-0.80481604606931,-0.131547568097282,2857.74603579513,0.246589866158956,-0.089173136644538,0.218235586506867
-0.864021618248547,-0.1046332871094,2857.75736853216,0.0113327370213483,-0.0867469589992232,0.209933238840906
0.66080128272402,-0.0686087053420924,2858.25014390277,0.492775370611071,-0.0764429844998286,-0.154673131019353
0.107072530401361,-0.0862749547603763,2858.57440622738,0.324262324617393,-0.0811243123439703,0.118880866436579
-0.891733413833108,-0.0475788787672252,2859.00464769446,0.430241467078758,-0.0152461461778534,0.175598477693193
-0.0753670748021007,0.0468253025747586,2859.1216688162,0.117021121741345,-0.00114865665544005,0.0658663385055222
-0.713209602158642,-0.0443372000708069,2859.28276917057,0.161100354363498,0.00803911285665907,0.0479399210695827
-0.850724045475495,0.00752274928575043,2859.5865534697,0.303784299135714,-0.010387313923771,-0.162034409005489
1.05121003967958,0.0226691933928072,2859.8349843195,0.248430849798751,-0.0717949614902716,-0.323797221948358
1.24715519482871,-0.0926001073692378,2859.8449843195,0.0100000000002183,-0.0749649968027507,-0.310205591815084
-0.0608154718226841,-0.163064943406396,2859.97243928076,0.127454961260355,-0.101955382461402,-0.11419336006907
-1.30711028308491,-0.112313963019274,2860.07895936337,0.106520082611041,-0.112927204762071,-0.0915890089423162
1.05447468125727,-0.516901200819229,2860.86265529616,0.783695932789215,-0.413642599144582,-0.524870405110691
0.841071227428811,-0.504887426228215,2861.09062131383,0.227966017666404,-0.467274640608613,0.0534890716930759
-2.67974667183149,-0.51703920196677,2861.15893307622,0.0683117623866565,-0.458434778016402,0.203934717239036
1.1240400535771,-0.361970671176347,2861.40269065256,0.243757576340158,-0.449608363645849,-0.12655072569049
-0.656611612377213,-0.231424538007785,2861.91213491774,0.509444265181628,-0.227184827672845,0.878205588757052
0.641745147174439,-0.157777778709589,2862.03570105424,0.123566136502177,-0.123722063547258,0.792057582000871
1.37043522751259,-0.00337986632686648,2862.11426586041,0.0785648061728352,-0.0601028168898045,0.825511533745321
-0.340718574239484,0.363584289984525,2862.51731578929,0.403049928873315,0.334612937430435,1.06134746107084
-0.0814575000854757,0.379554099950654,2862.61894398064,0.10162819135212,0.433006681414062,0.869620547308792
-1.07725037087645,0.556845715267404,2862.93635777384,0.317413793198739,0.603313108741452,0.165720971222784
-1.13377154090686,0.275962745785837,2863.45541403687,0.519056263037328,0.296008444648453,-1.13829842130878
-0.12016354844148,0.0154422016053575,2863.67164284838,0.216228811509154,0.0264263103970471,-1.32787462610966
-0.464524263693249,-0.499806147926542,2864.21466739442,0.543024546037032,-0.552300998697529,-0.650818292125654
-0.0702532633593004,-0.642618521159594,2864.4327740792,0.218106684783834,-0.646309271586013,-0.193877385108825
-1.01614048560628,-0.690413307999424,2864.4427740792,0.0100000000002183,-0.648114542801659,-0.167180358693957
-1.21534628493504,-0.613304085600502,2864.6547930427,0.212018963490664,-0.645152367537531,0.187892516487222
-1.19728329530437,-0.586481749607225,2865.05654420236,0.401751159664855,-0.493118885705646,0.486282921809428
0.796624216473713,-0.525867610563399,2865.06654420236,0.0100000000002183,-0.488249265730829,0.487624268107886
0.280928627153466,-0.409157066517046,2865.2142167007,0.147672498337215,-0.395334157497471,0.756082051693215
-0.632245596406844,-0.222945513156951,2865.48294646527,0.268729764573436,-0.167049080768598,0.906279302333326
1.2599208721522,0.0568140039427108,2865.76698873565,0.284042270376631,0.0554535720208724,0.644722752546396
0.771711171396979,0.24206526214076,2866.01519862973,0.248209894084994,0.23619940154816,0.791063664732452
0.188369903505205,0.497581887436606,2866.28167808689,0.266479457162404,0.433808600660482,0.661976695353369
0.319368605809622,0.421180501517726,2866.29167808689,0.0100000000002183,0.440356938139695,0.64766586758799
0.969513174202551,0.402366172437325,2866.3016780869,0.0100000000002183,0.44676757361424,0.634451945572271
0.610167459740385,0.645083596324548,2866.66173757215,0.360059485258262,0.609816357999607,0.221139869487727
0.206504689194419,0.427346249102627,2867.29634935957,0.634611787414997,0.429837107534804,-0.610493566338817
-0.416864130688009,0.267865959156129,2867.6031986996,0.306849340028748,0.221797743596128,-0.704200487093891
-0.465997836506188,-0.0919223318161655,2867.97663997008,0.373441270479361,-0.0633996847761035,-0.782351480630994
-1.93260645627232,-0.230896856887498,2868.08362146599,0.106981495912351,-0.146466829933954,-0.76748656799972
-0.407178035183797,-0.101626575911524,2868.1126671386,0.029045672614302,-0.169272121769638,-0.802475318946019
0.637621084247519,-0.403283075238721,2868.30656030953,0.19389317093146,-0.315918569781535,-0.697985646735742
-0.321262134677552,-0.421010480279299,2868.51366811458,0.207107805043051,-0.420364688280592,-0.302718893970651
-0.249559575815003,-0.547545568296396,2868.52366811458,0.0100000000002183,-0.423339625585356,-0.292251999572676
0.126170315887393,-0.446960250815363,2868.62207752462,0.0984094100417678,-0.44655504334355,-0.178643394102357
-0.789174131510023,-0.400625198155095,2868.97369480667,0.351617282050029,-0.417195540613334,0.32213288037821
0.182881955660298,-0.42622731013815,2869.1669374775,0.193242670830386,-0.352191382815663,0.341471001467973
-1.32396774876867,-0.299012832299481,2869.32993080516,0.162993327660843,-0.285431780642604,0.469522915218985
0.318748747493731,-0.197245491143945,2869.71460961358,0.384678808420631,-0.175511882487382,0.0946123454877946
-0.207511211695489,-0.225587814211714,2869.95356222438,0.238952610799515,-0.135782588966908,0.231409181478585
-0.375760058333864,-0.0543657871032606,2870.24891444534,0.29535222095592,-0.0711381492941519,0.200211139957028
0.100908274546464,-0.0717215185030322,2870.36515399483,0.116239549491638,-0.0501652941596756,0.160193301854184
0.468748677828459,-0.109236743488134,2870.37515399483,0.0100000000002183,-0.0485573955688621,0.161395118800883
-0.604163550320387,-0.083228820447107,2870.38515399483,0.0100000000002183,-0.0469192361387145,0.166225370206527
-0.122639324067898,-0.0941273122270573,2870.8145282136,0.429374218774683,-0.0290810020209501,-0.076920327508784
0.286815426840121,-0.085495498401374,2871.29225445624,0.477726242632798,-0.0658516898636887,-0.0712501263615326
1.29555545752956,-0.157777489206091,2871.71886895553,0.4266144992921,-0.0569918551874111,0.105133282302232
-0.766671082867941,-0.049491960483979,2871.72886895553,0.0100000000002183,-0.0558728045612705,0.118655226775993
-0.0363199237364654,-0.0457038979092729,2871.73886895553,0.0100000000002183,-0.0547219181917691,0.111525759653203
0.0790431118138101,0.0232838931583792,2872.48968034942,0.750811393886579,0.0194135782731948,0.0697328518880792
1.57754376188869,0.0367629975597554,2872.68473925629,0.195058906874237,0.0329445346737109,0.0681492744381479
0.604015180037789,0.557658520432461,2873.62041582506,0.935676568767576,0.543114546245898,0.699832593320006
-0.967588604730674,0.670427454582835,2874.02327837875,0.402862553690738,0.663033488083282,-0.139180730330098
-0.672539418508724,-0.0169250046110079,2874.73597646139,0.712698082643783,-0.0442608443997383,-1.39579829459984
0.597573790849976,-0.341980541675424,2874.9822106875,0.246234226108299,-0.376937097176508,-1.27099879130059
0.973068291281501,-0.598197668641129,2875.32246974332,0.340259055821207,-0.651326520920815,-0.271542402393215
0.177306994794096,-0.573832913902429,2875.62888275004,0.306413006720959,-0.565708037979186,0.768386444896079
0.447527944619028,-0.389642401265624,2875.87503744276,0.246154692719756,-0.335687636339324,1.04614621891017
-0.634700665707495,0.360351722702279,2876.4060339127,0.530996469939055,0.251233359618477,1.04478376005343
-0.258472107285206,0.495946870898129,2876.65923424765,0.253200334944268,0.453954288221273,0.533262001602074
0.0828542003783002,0.459947683591805,2876.89548965625,0.236255408604848,0.524119255817157,0.0544703631604338
-0.494426657415598,0.36419178348426,2877.34383611945,0.448346463203961,0.398925741530664,-0.538644688205662
-0.336071860959347,0.237919581308891,2877.58983155852,0.245995439067883,0.233300274245635,-0.778731973037836
-2.39918157380371,0.156870698498055,2877.59983155852,0.0100000000002183,0.225489646322068,-0.783476803783541
1.22411162494799,0.214173306956767,2877.68445107938,0.0846195208528115,0.150530704305464,-0.984058924504759
1.65673102658956,-0.0465813310421559,2878.00986986965,0.325418790274398,-0.0893380471305163,-0.477223898365183
-0.680982998070259,-0.0985429277505271,2878.07315187256,0.0632820029109098,-0.115381400302256,-0.345966830749927
0.992706291627412,-0.28085481042978,2878.46557705756,0.392425185000775,-0.262333221101382,-0.377273974937554
0.753403596631583,-0.264796388621349,2878.47557705756,0.0100000000002183,-0.266016094971473,-0.359300859787915
-1.69942078840518,-0.280721912003598,2879.01255457716,0.53697751959362,-0.241512864104911,0.408178476721049
-1.36807256988655,-0.148152275542489,2879.3901265296,0.377571952445578,-0.184328338809387,-0.0986239276508759
0.89041836970137,-0.310295666413902,2879.85136760563,0.461241076025544,-0.312303355916948,-0.415206372213841
1.12448732363336,-0.380725637689551,2879.96198867037,0.110621064748557,-0.346683761380764,-0.206000149676697
1.56062388970279,-0.364668637759906,2880.19101808016,0.229029409780196,-0.339457595412299,0.259112498351542
-1.25628487910612,-0.0200440190302925,2880.63496969001,0.443951609854594,-0.0346635166128991,1.02401271990776
1.11521110457471,0.264127141708077,2880.99597948591,0.361009795900827,0.21732963319951,0.358553607182376
0.954258367542772,0.32210990456846,2881.19860533524,0.202625849330616,0.297456914898013,0.423120097903319
-0.244838987356001,0.466326891877536,2881.6676044494,0.468999114161761,0.472342223262302,0.269213666231607
0.0595969309561629,0.388823256045177,2882.07642908189,0.408824632482265,0.433026244494794,-0.422931052354668
-0.795741403939511,0.24578689984408,2882.43182525995,0.355396178060346,0.238218069180135,-0.623760918156343
-1.22097159592602,0.259259235496528,2882.44182525995,0.0100000000002183,0.231929388451733,-0.633933916206867
0.554918709010267,-0.0202072490866721,2882.80069109543,0.358865835487904,-0.0689844274214148,-0.992812137825096
0.770669182158362,-0.385221654418455,2883.31873244089,0.51804134546046,-0.39204216007599,-0.203568864990704
0.310690509045675,-0.39252238267715,2883.77091096516,0.452178524265037,-0.298839999646213,0.557995895517902
0.218812839112787,-0.200206063348753,2883.93017173778,0.159260772622019,-0.201760142902974,0.652194380731698
-0.369074836898356,0.0813038509560093,2884.34783844049,0.417666702704082,0.0802614617874322,0.656396714391182
-1.168109939313,0.215570772368428,2884.98728417534,0.639445734851051,0.29329663388251,-0.0152764007763559
-0.027188941462718,0.300492325006025,2885.15719299253,0.169908817191754,0.264654350671641,-0.315026031521798
0.317351602368993,0.307710098255207,2885.23711658369,0.0799235911645155,0.238008444396806,-0.350458712310764
-0.182263499196869,0.0914672941217926,2885.49925790259,0.262141318902195,0.147213688922844,-0.332472855192909
-0.316685119883943,0.0577240209166777,2885.70745636952,0.208198466923932,0.0723054081551607,-0.380597251835405
-1.30407196307138,-0.0255515113499835,2885.86053669865,0.153080329136174,0.0113952453469573,-0.411659694798975
-1.19843987537279,-0.0923945889411087,2886.07195294916,0.211416250503135,-0.0983872900195203,-0.615400316403794
0.869874974297699,-0.341906442787829,2886.40478859273,0.332835643573617,-0.330002085546406,-0.737827917958104
-1.01033597906397,-0.387141784404147,2886.66629994961,0.2615113568786,-0.447970450674335,-0.154605192295866
1.2508287583601,-0.479580940844409,2887.08146346609,0.415163516474877,-0.472673292780884,0.0378244686478592
0.220204280218842,-0.402109824946577,2887.33967588967,0.258212423582791,-0.37940058289029,0.651763065345007
1.36174595761634,0.255962114392904,2888.1207132733,0.781037383635521,0.217128372092078,0.685837814464527
-2.21048470340146,0.411995060291004,2888.40954818998,0.288834916676933,0.427800764632021,0.735130736525965
-0.115243594718287,0.364876336137801,2888.87833161836,0.468783428380902,0.359945161492231,-0.931011246052398
-1.00885587922434,0.211919361389733,2888.93433518878,0.0560035704202164,0.306971534970057,-0.958859331321888
0.835793863154799,0.207919531652712,2889.07208356991,0.137748381133406,0.164281613777522,-1.101882592296
1.6798139035149,-0.262741520754385,2889.51534008596,0.443256516043675,-0.20092667267208,-0.510573814879351
0.753096917393727,-0.214763995750711,2889.96037522892,0.445035142960933,-0.199846144803279,0.477878709378476
-0.247926385455735,-0.0600469828186277,2890.3002444047,0.339869175777039,0.00651516376013305,0.704413823445568
-0.826753078636429,0.373394407363795,2890.89626262564,0.596018220946462,0.285114820878906,0.187853499862118
-2.06225974648277,0.249216230002489,2891.24258079098,0.346318165332377,0.25804938742829,-0.32422296427535
1.91465170002818,0.0604685684992795,2891.48835365533,0.245772864353512,0.108929946897064,-0.862485940067922
1.22256908652083,-0.013416517484725,2891.8978654367,0.409511781369929,-0.0635558856847795,0.0138136358027788
-0.287094733070243,-0.0154057138419121,2892.09252899463,0.194663557934291,-0.0363996902364566,0.259398172543613
0.189262963017358,-0.0408003537183089,2892.21889811079,0.126369116158912,-0.00647183140596129,0.213475668010969
-1.01155118676645,0.156769237343395,2892.59556789496,0.376669784166552,0.0765646572494605,0.216721095949759
-0.770105477973666,-0.0145297852633872,2892.99851471584,0.402946820878242,0.0650124543365628,-0.25634288256447
0.297746213545499,0.054046678891582,2893.17430631218,0.175791596347153,0.00886647086547274,-0.377326339486278
1.24031728405686,-0.0623025023801176,2893.4163905406,0.242084228420481,-0.0676838804708074,-0.251401321278496
0.259056187128039,-0.0822549475450846,2893.74917912783,0.332788587223149,-0.0709842471204186,0.218808306003445
1.70167136297456,0.085299260689163,2894.39259771167,0.64341858384023,0.103384515940835,0.281411024039746
0.435679036939668,0.472364171013968,2894.96896372939,0.57636601771901,0.435372492530178,0.747651280116036
-0.979356103289314,0.675769289727299,2895.31742612506,0.348462395668776,0.602469347392093,0.167480648128258
-0.973326431561504,0.630523127677869,2895.38003699939,0.0626108743344957,0.606400191900718,-0.0411328571958612
0.54107285401471,0.421659087837117,2895.70537596362,0.325338964234106,0.439639496417255,-0.902147548871201
-1.42025255324415,0.317501974465593,2895.89337210141,0.187996137780829,0.268995500305062,-0.89247663853624
0.245551285836084,-0.148403936877411,2896.25391761811,0.360545516702587,-0.132123483853115,-1.26784396023651
-0.829936846466298,-0.532027621545318,2896.72640566127,0.472488043158592,-0.555137969604595,-0.417257682230672
1.86458183905023,-0.630839113504709,2897.03102931325,0.304623651985821,-0.613224281580286,0.0455084529507207
0.0379671703236355,-0.442153646751749,2897.31453596491,0.283506651655443,-0.446972526083019,1.05189430465791
0.300821181740238,-0.294762865382446,2897.39551071321,0.0809747483058345,-0.359479435576898,1.10353381138457
-1.91701341577424,0.175902634079622,2897.85845385821,0.462943144999826,0.16879270377783,1.08338512038339
-0.82874018267607,0.460349858052412,2898.28363584924,0.425181991025511,0.364362924840326,-0.16492166714787
-0.896145481690131,0.309409679103825,2898.52660677129,0.242970922050517,0.277934867259102,-0.526519533496004
0.74747812533419,0.248898574592539,2898.56688406008,0.0402772887900937,0.255702171764587,-0.576817389785753
1.21071428997185,0.03572883722528,2899.05141677102,0.484532710938765,0.0477405782042567,-0.255186066980868
-0.160089086155698,0.0227068518559695,2899.17167879972,0.120262028705838,0.0259833807427071,-0.107246933162507
0.305995255770442,-0.0352317921757146,2899.26753140669,0.0958526069643995,0.0150190492441061,-0.121062897769748
-0.127914791600657,-0.0767539101931364,2899.73255385013,0.465022443443104,-0.00498580286893331,0.0321277116886634
-0.044793636143752,0.117687109939687,2900.15166426491,0.419110414776242,-0.00293163851563777,-0.0207468585693149
-0.590414610863562,0.0536837194658105,2900.44470727538,0.293043010471592,-0.00999686489954959,-0.0266360779978536
-1.03211016543032,-0.0249502549579534,2900.64189095614,0.19718368076019,-0.025598373396659,-0.128893629154558
0.318042232693575,-0.190877903565713,2900.93081001628,0.288919060142689,-0.0977946406551957,-0.358145627711621
0.515320253872816,-0.137883073797704,2901.35438438364,0.423574367358015,-0.1835693669626,-0.043887023186549
0.730029302695592,-0.200274188647749,2901.6508130181,0.296428634459517,-0.157689201865158,0.209058961848358
0.348898851969682,-0.002061732437563,2902.15294401063,0.502130992532329,0.0449392242982364,0.547816203848531
0.921617710311511,0.117230397254944,2902.36506790996,0.212123899324979,0.159047635121438,0.519792614877601
-0.520856350200191,0.339107296978512,2902.55821127379,0.193143363830586,0.263711253436309,0.554418496814054
-0.381851760052851,0.253295117937432,2902.56821127379,0.0100000000002183,0.269184728918413,0.540282180545787
-0.0546660820755313,0.335218806399615,2903.00836292527,0.440151651482665,0.37296667305608,-0.0740855819538045
0.00733756030680516,0.213017011356954,2903.63984511871,0.631482193442935,0.17255839517286,-0.46908193968025
0.0584685581816593,0.098660957891146,2903.78102317896,0.141178060243419,0.105593462080523,-0.475872843098065
-1.36028359140243,-0.0576180409289795,2904.23263333301,0.451610154053014,-0.0880705128062065,-0.356600307867969
-0.681629745281276,-0.357536691675124,2904.68841019737,0.455776864355357,-0.331224902716042,-0.649374233558687
-0.0577314029874262,-0.482600286579483,2905.04069562136,0.352285423999092,-0.514074681849275,-0.345944556748668
-1.10849379568397,-0.408745115131832,2905.05069562136,0.0100000000002183,-0.517442802739113,-0.327678212316709
-1.45905413437297,-0.647122421578228,2905.53635928771,0.485663666349865,-0.566354036362901,0.133399586037218
-0.0987942243724229,-0.506435753512746,2906.12112129604,0.584762008327743,-0.444872568739655,0.206460210861511
0.399487265858873,-0.420346637862502,2906.3616820678,0.240560771756464,-0.366717240737891,0.424742884509148
0.66278988721011,-0.260132274592881,2906.43091083261,0.0692287648121237,-0.334643727484421,0.500001679658586
-1.50673795159394,0.136185184239312,2907.04732802262,0.61641719000454,0.123981667944231,0.85666176032647
-0.298520715961876,0.218817287913705,2907.59278072527,0.54545270265271,0.257535249708652,-0.344980618153443
-0.187833227166514,0.107206606738639,2907.98185240958,0.389071684317059,0.0820145513017851,-0.52313296669805
-1.05713558637341,0.0499408191187986,2908.1393132944,0.157460884810462,-0.000795248591288038,-0.524229173138832
0.346603790328021,-0.158702593803482,2908.49985958181,0.360546287417037,-0.229312054175838,-0.70711249516171
1.65579578675923,-0.357133442949933,2908.83822273306,0.338363151251542,-0.390896835139404,-0.229102429622844
0.0902681041060719,-0.460230660262815,2908.87216105455,0.0339383214818554,-0.397033936221621,-0.132681550055008
0.950192260283431,-0.265837200885576,2908.96364818692,0.091487132371185,-0.403906363375553,-0.0179716125053769
1.44290978142888,-0.39542145785165,2908.97364818692,0.0100000000002183,-0.403981418875518,0.00294340639193353
-0.517756072430637,-0.320222100249163,2909.24068031367,0.267032126754202,-0.317416722991081,0.615936164527302
1.97801613532366,-0.0737641269866595,2909.69815546646,0.457475152789357,-0.0653012841131737,0.443197557793257
-0.923862143377448,0.260037797037309,2910.05836764713,0.360212180665712,0.200690899266036,0.983533431669603
0.0294832804250445,0.312396149257792,2910.17211938531,0.113751738185783,0.300153581175032,0.761802718520788
-1.21013632776654,0.376194600861538,2910.30530379826,0.133184412946321,0.391182669670617,0.599251389009089
-0.748683394360436,0.366122840195744,2910.86724535251,0.5619415542551,0.325682520835165,-0.739160032817273
-0.0814269172400983,-0.123183956156895,2911.37397090937,0.506725556855599,-0.142469713754576,-1.00517090561466
0.5122296629462,-0.584027078740011,2911.9436240915,0.56965318212724,-0.531008413762638,-0.243387001615498
1.62763941318495,-0.505096821240314,2912.10105928608,0.15743519458465,-0.539219142324299,0.135464493180775
-0.569820267101858,-0.23554832963646,2912.47021260479,0.369153318707504,-0.28891655437222,1.1144397866831
1.4949593753829,0.177385000349145,2912.94129549783,0.471082893040602,0.148625445817783,0.684408537223542
-0.6003529032294,0.486413491966994,2913.34829142149,0.406995923664454,0.469399025562229,0.810752966774822
-0.629455223942348,0.444494399651975,2913.37162174056,0.0233303190639162,0.487637861632539,0.752504172894986
0.661082815215687,0.548664163159535,2913.64419678786,0.272575047305509,0.590502737384351,-0.0109529764638983
1.5288277618088,0.198290842532274,2914.62212658213,0.97792979427004,0.183805355657528,-0.450231777447878
0.25304341275307,0.0893980482087431,2914.9951823075,0.373055725371614,0.110861469685964,0.0537683021794187
-1.32282015841905,0.206563796963364,2915.23993657262,0.244754265112533,0.123675592190936,0.0498671200706506
0.163027934642065,-0.222281143957536,2916.00576579457,0.765829221956665,-0.220831147930185,-0.798907408676992
1.5469735068205,-0.344076855524685,2916.14997174276,0.144205948185117,-0.324205099361098,-0.629055593691612
0.288191596410147,-0.410131863706905,2916.28052345074,0.130551707977702,-0.383238665784846,-0.274173295620181
1.19941736912343,-0.369201758516736,2916.54918350629,0.268660055549844,-0.403685495867355,0.117144034726565
0.0915161484502512,-0.221830999962054,2916.96886065412,0.41967714783641,-0.182905914503063,0.854679829723131
-1.34003916087059,-0.0991908502641304,2916.97886065412,0.0100000000002183,-0.17435642444165,0.855165508589834
0.778083714361656,-0.0447534746162585,2917.0363741726,0.0575135184744795,-0.127516988016542,0.773094840408249
-0.0737393799351272,0.0745611712583813,2917.34678007835,0.31040590575185,0.13433606301977,0.883288461175628
-1.61638879580507,0.41945689110292,2917.76299475553,0.416214677182325,0.413091612611429,0.409065763230137
1.41797537068653,0.409443752753595,2917.77905413815,0.0160593826171862,0.419274126714943,0.360874151589253
0.389214256265156,0.492625293265033,2918.24969605008,0.470641911927032,0.562955072529045,0.191036963704086
0.207397001597489,0.475802607305543,2918.70342414086,0.453728090780714,0.484872966048462,-0.470656887500454
0.541827023995118,0.444692352436753,2918.71342414086,0.0100000000002183,0.480112080297695,-0.481457176422829
1.61193318690704,0.41539146980426,2918.88449133796,0.171067197107277,0.389491001915472,-0.564269345606873
1.29590156587742,0.341918487790149,2918.89449133796,0.0100000000002183,0.383889623199495,-0.556000955014026
-0.0225154483450507,0.197223867670586,2919.23426284515,0.339771507187834,0.235405244314589,-0.296618847767726
-0.598374700082137,0.149929922682629,2919.52355564045,0.289292795298934,0.136582625430659,-0.372654432905933
-1.20148680561645,-0.0373798990399884,2919.92380603206,0.400250391605368,-0.0554835190761991,-0.554487865687128
0.710441644321733,-0.234526043266173,2920.22979322078,0.305987188725794,-0.255195648657648,-0.722215895600067
1.07623832896838,-0.358769756844314,2920.48299688707,0.25320366628921,-0.381596123881596,-0.266652005546201
0.897960722433271,-0.376070878759994,2920.92058818143,0.437591294362846,-0.296210788332073,0.59974127636256
-0.462171410744324,0.0766897078611746,2921.2783418226,0.357753641165345,-0.0164859428715586,0.91355498592754
-0.788133776438911,0.257743002913964,2921.68948992883,0.411148106235032,0.270251850660934,0.450908215814188
0.0213423673239562,0.353464417127551,2922.02792944639,0.338439517553525,0.327041560388427,-0.110328623214616
0.486749505003151,0.102548320149507,2922.57975197598,0.551822529587753,0.178839792960151,-0.372503640034606
0.800211876896508,0.110498361806691,2922.77002360358,0.190271627607217,0.113952990824076,-0.305810540561586
1.88289843299153,0.0536527490608356,2923.24849770986,0.478474106273097,0.0515701466339588,0.0414469622687633
1.09997100634688,0.26315844455881,2923.68461846475,0.436120754894546,0.219110781578655,0.675983023844455
-1.11279737006209,0.277432042328365,2923.76315228109,0.0785338163359484,0.272871083546209,0.690962071655242
-1.10278141891339,0.371724070155014,2923.96983905531,0.206686774221453,0.369422635377337,0.239150520864069
0.354438416325869,0.263039130545039,2924.38823145313,0.418392397820298,0.287931197523998,-0.577751165533914
0.944449961266574,-0.00278219576557739,2924.82087831726,0.432646864132039,0.0538121041143182,-0.466699739859925
-1.29421500801639,-0.0413814427672733,2925.09627594412,0.275397626861832,-0.0333042721481185,-0.164879844421004
-1.31238079077608,-0.207483715117378,2925.47469489038,0.378418946254442,-0.16798607658493,-0.517387404551662
-1.33742429241647,-0.274662663956157,2925.6477331689,0.173038278526292,-0.266428885914454,-0.61137879741109
-1.6689101992334,-0.562549522241471,2926.28679037883,0.639057209921702,-0.628200323216427,-0.327328721642279
-0.0940432983121832,-0.67911480746434,2926.4537762954,0.166985916576778,-0.667672189132086,-0.138886997156809
0.119369519042276,-0.133633417702441,2927.14523508253,0.691458787129704,-0.269954488552093,0.934038670035043
-0.638372025940673,0.27544492211746,2927.69228497797,0.547049895437794,0.222385951783734,0.774220694994097
-1.51431450792039,0.516937043369208,2928.00798632188,0.31570134391086,0.384505989318714,0.237205035491555
0.406702853201082,0.246068129953933,2928.46936741731,0.461381095426987,0.232452336403471,-0.811379109564019
0.0958479468315255,0.123825825691155,2928.55101710042,0.0816496831171207,0.167334440905452,-0.781583061415711
-1.26249499991116,0.107145431341456,2928.73893343793,0.187916337503793,0.0245559760306209,-0.729225527801298
-1.31456878065573,-0.0848691888994063,2928.78884483772,0.0499113997943823,-0.0129800994312141,-0.774065175411805
-1.85141845752405,-0.438238321197911,2929.21892804509,0.430083207363623,-0.399389447580338,-0.94047371263003
1.06104186788983,-0.761503477557491,2929.62948554591,0.410557500822051,-0.748127132422169,-0.5959671048149
1.1394388750357,-0.658149110733045,2929.82152028932,0.192034743413842,-0.769812159865478,0.362175646881399
-0.00056467898738235,-0.579263074791852,2930.04647167303,0.224951383710959,-0.583122117659485,1.21730723462746
0.570423946667614,-0.0745761685472878,2930.45871497685,0.412243303815558,-0.0330188947897284,1.30901452543845
0.00910062131225966,-0.0281881005050339,2930.5479860939,0.0892711170467919,0.0834546291166889,1.29695518880651
0.0433376888650204,0.42809644096219,2930.79708063125,0.249094537351539,0.37489648236993,1.01404248150502
0.00942725909705013,0.603753708899826,2930.97235639434,0.175275763089758,0.5267831028999,0.700915756297246
1.0188570283395,0.637218268455764,2931.22761273362,0.255256339278731,0.629321312868778,0.0843383674757772
-0.390238869656812,0.579305715504168,2931.49761003467,0.269997301050807,0.599238453750272,-0.288065940645207
-0.530499399838789,0.472986370765775,2931.64321704494,0.145607010278127,0.532564145637413,-0.612717821947751
0.361867242848356,0.331311015227181,2931.83251166604,0.189294621099179,0.385509950533039,-0.911961422174506
-0.451140585336117,0.257656055073085,2932.01390101285,0.181389346802916,0.219640890056224,-0.900058793048626
0.0984425671131372,-0.0293653323479172,2932.25084115635,0.236940143506672,-0.00209726708972112,-0.951184026669386
0.847197379492528,-0.217195573180948,2932.47763526008,0.226794103722114,-0.199925602942027,-0.78020365491599
0.0318423994530036,-0.296277998870122,2932.70240776623,0.224772506157024,-0.330890999188146,-0.377421878557336
0.337130589621779,-0.365881208157375,2932.86001254708,0.157604780848487,-0.376700014701872,-0.201510946392401
1.11236714130596,-0.359562202077822,2932.87001254708,0.0100000000002183,-0.378642186391408,-0.186916674436378
1.13594204722433,-0.361530918795792,2933.18056845578,0.310555908696642,-0.33396432343244,0.448661694475443
-2.23322275017773,-0.0494643111414956,2933.63784556222,0.457277106443598,0.0139955839433057,0.984771765773183
-0.058439442892753,0.105058215804228,2933.69226482484,0.0544192626221047,0.0634960088723525,0.834202729122978
0.0795790982620291,0.348397620347282,2934.04620407019,0.353939245346737,0.310561052471069,0.532720845591732
-0.80385698664841,0.529150401846221,2934.36654997898,0.320345908794479,0.425637846335303,0.170141870134053
-0.577287855944009,0.402955603001738,2934.54771865323,0.181168674243054,0.422263763242435,-0.201265627673885
-1.26384794541351,0.380852447350341,2934.55771865323,0.0100000000002183,0.420166525614421,-0.218156618201673
-1.55392310569417,0.116023849091659,2935.00964456551,0.451925912286697,0.123569239169519,-0.989864540039468
-0.320217867281261,0.0213713369318978,2935.13149080769,0.121846242176161,-0.00596040781371663,-1.12936307211499
-1.39210168354918,-0.036629408551233,2935.19458713998,0.0630963322846583,-0.0766198540137859,-1.1090040853405
1.49277606953022,-0.567049508321945,2935.58340621106,0.388819071083617,-0.527524294444088,-1.1062680820685
-0.687771356539665,-0.657813914459837,2935.87060776281,0.28720155175597,-0.672590786994844,0.120453277131184
-1.3364514186567,-0.683428050965732,2935.95256069051,0.0819529277000584,-0.655830223742698,0.2854594575331
0.82438214126635,-0.502354289733732,2936.30175423398,0.34919354346448,-0.504392823447585,0.511421187547239
-1.94777435592739,-0.523775528926516,2936.31175423398,0.0100000000002183,-0.499168476136456,0.533379030827944
-0.74081021479012,-0.375992601630055,2936.7603052889,0.448551054917061,-0.347662621862556,0.106019936446447
-0.210243474673439,-0.27554548988222,2937.11174810064,0.351442811745528,-0.306802208491056,0.117476717088761
1.28230197701683,-0.262351809890639,2937.38180116077,0.270053060127793,-0.259580961113353,0.222991501420013
0.604381180310964,-0.205927845523062,2937.51905826043,0.137257099658655,-0.212958423800107,0.450680733072243
0.222550692177663,-0.0266439298466709,2937.8569672571,0.337908996668375,-0.0223202460398701,0.647841806878136
0.433917532628643,0.306106486588854,2938.32052733029,0.463560073189001,0.251840241823244,0.49265921890017
0.767265288036934,0.332728257907551,2938.43038171498,0.109854384691516,0.303294898468848,0.44161717893324
0.624799527778519,0.606618067548106,2938.92452251277,0.494140797788987,0.469822609578835,0.182789567405259
0.922077603096206,0.47599911998163,2939.08701153337,0.162489020602152,0.487094161907467,0.0293294263206012
0.451743842719525,0.416722935345733,2939.47302778881,0.386016255437426,0.454864035632075,-0.178161687804837
-0.647184260163948,0.33871527201568,2939.92119634583,0.44816855702129,0.313827938465204,-0.397088961068024
-1.4541409626852,0.214127575684927,2940.06760289893,0.146406553105862,0.243567893599646,-0.555323299066029
-2.93680199861208,-0.0036831731292859,2940.37299444042,0.305391541482095,0.00491705587409139,-0.969093522643243
-0.308154971594031,-0.38133023323385,2940.6604646581,0.287470217681857,-0.361296035344279,-1.52070021772121
0.968720426000637,-0.701368681383289,2940.99495271187,0.334488053776568,-0.750867058335367,-0.678459444720433
-0.81145456189528,-0.808288361392033,2941.13598274803,0.141030036154461,-0.79620342326098,0.0389062622612362
-0.330142034604465,-0.520469413775978,2941.67271226612,0.536729518090397,-0.440113958005147,0.967803127009037
0.9838153112901,-0.254790560185729,2941.79096851574,0.118256249617843,-0.323497300945211,0.994561678400678
-0.0207056709841868,-0.140079634113749,2942.02169904122,0.23073052548034,-0.0670813708080128,1.19814180337747
-2.37988272142611,0.310862733889673,2942.3742280786,0.352529037380464,0.310142486647644,0.898451976575303
-1.45837140347732,0.438100869708629,2942.53886027975,0.164632201153381,0.408569882583274,0.294747605076589
0.18277890690413,0.257557423319419,2943.00445859946,0.465598319708988,0.269171667640726,-0.805574389438755
-1.58232652044455,-0.154746030377257,2943.5931772482,0.588718648743452,-0.15214668909652,-0.547958331225121
0.438479287417845,-0.448706669213839,2944.02995326743,0.436776019231274,-0.455467535590192,-0.756852485116338
-0.631294191664208,-0.595003836599846,2944.34643924366,0.316485976226431,-0.57391320696482,0.026329851084716
0.788728319426731,-0.43795776198735,2944.85933816899,0.51289892532759,-0.41111196935365,0.503723563433048
-1.68823456918185,-0.053889720408923,2945.3337675138,0.474429344807504,-0.0354827377815179,0.973144584611104
0.113486808646545,0.174727141891269,2945.62773665381,0.293969140011086,0.157239364863213,0.333846777706648
-0.290004044278991,0.309942714818879,2945.95754130418,0.329804650374172,0.243108802827071,0.178755677916438
-0.0944404071165549,0.167843425877655,2946.60497366003,0.647432355850924,0.178245389397218,-0.330749503308684
0.0410550058866396,0.114706365140469,2946.61497366003,0.0100000000002183,0.174922280296219,-0.333813267377174
0.290842904934993,0.123470131666965,2946.63401535457,0.0190416945420111,0.16853648882078,-0.336857140169771
-1.10831364696954,0.133095242936376,2946.8374849105,0.203469555927768,0.103022906388486,-0.302611985019399
-1.01501367130978,0.0263316756381461,2947.1198809503,0.282396039799551,-0.0240236202435616,-0.578418401855423
-0.916284726642562,-0.379888604766338,2947.56003807221,0.44015712190776,-0.320878421851279,-0.710595326901627
-0.514437903159386,-0.593049856611922,2948.09015353648,0.53011546426842,-0.599059171567128,-0.224501854270494
1.48428294174595,-0.609375171278555,2948.46419412465,0.374040588170374,-0.556875436591919,0.410281407337741
0.92218049864235,-0.514689272218174,2948.54344073742,0.0792466127695661,-0.514522876017984,0.653446849609026
0.706861827082515,-0.376676081931175,2948.72825357679,0.184812839368078,-0.359770721522393,0.992409584808122
-0.0252478005121207,0.27369902275692,2949.24426024809,0.516006671301056,0.227041525049206,1.15614467854664
0.161159074880158,0.417501433765939,2949.36094935253,0.116689104440866,0.353615638680879,1.00668639387336
-0.719226761023173,0.598115450021421,2949.81760209428,0.456652741754624,0.62890847952014,0.106136742974924
0.793479902555206,0.315934643892417,2950.3713314664,0.553729372114503,0.283491799180491,-1.10751907993684
1.7321735172507,0.0991004823451591,2950.50094651264,0.129615046241724,0.146553748803617,-0.998647905842095
0.465158614709833,-0.113949817074464,2951.07960935222,0.578662839584922,-0.0937414037083014,0.159125946365923
0.517558242180188,0.043517150162089,2951.4788670583,0.399257706072149,0.00843590935501153,0.332936908297986
-1.25922828673912,0.0972507763506562,2951.74924901187,0.27038195357818,0.107869605680395,0.391983312013177
0.78884382476614,0.0147369115985753,2952.33874270295,0.58949369107404,0.0636935882580065,-0.487899258256922
-0.865792124248002,-0.0267244541039782,2952.57403666376,0.23529396080994,-0.0251787694185686,-0.264907092305514
0.130722584979398,-0.0549762381798262,2952.65505813981,0.0810214760490453,-0.048804396391254,-0.31728300870851
0.172312838981396,-0.12606122018258,2952.85600887112,0.200950731308694,-0.104185725666646,-0.231460702836867
0.457110621714589,-0.171405308128671,2953.22395689834,0.36794802722352,-0.154127189555642,-0.0389833185815206
0.527684995950111,-0.192148014261506,2953.60996513058,0.386008232239874,-0.113774024242855,0.233230729519426
0.0646318376741971,-0.139768020482877,2953.69566735945,0.0857022288669214,-0.091502885968064,0.285441956545813
0.102055403230959,-0.0342052035211544,2953.79477846595,0.0991111065000041,-0.0627842538147841,0.293038057131963
1.52461767873178,0.0521806811789732,2954.20880716594,0.414028699998198,0.0583981167401867,0.276061333098856
-1.32170679164252,0.172970435089409,2954.54897990766,0.340172741711285,0.216635879719417,0.62379663089214
0.209305074351875,0.224045432444486,2954.55897990766,0.0100000000002183,0.222768103147825,0.602618462288908
-0.236526394011714,0.381795601360107,2955.00557041065,0.446590502990603,0.413568207174164,0.214393809171368
-1.20084924800465,0.418477553892356,2955.40753076955,0.401960358903125,0.381483687918257,-0.345063563968602
-0.89540138652701,0.337082800259456,2955.41753076955,0.0100000000002183,0.377929980666341,-0.365630694659889
2.7792137360137,-0.00245773126500521,2955.93600409934,0.518473329786048,0.0147127747780922,-0.923192207514868
-1.36656572203752,-0.057279247026253,2956.41016973854,0.474165639200237,-0.0704411301193723,0.52014653550374
0.619170838118624,0.0479666016473306,2956.57462423422,0.164454495685732,-0.00511071184615852,0.274128462893593
-0.0771771347165821,0.088772677467587,2956.87818337231,0.30355913809035,0.096900927811886,0.384594352736278
1.16144630553334,0.225007964662691,2957.43810887153,0.559925499220753,0.225851507940676,0.0616005620991858
1.97741652125229,0.308615972538982,2957.92694888972,0.488840018185329,0.31750669652726,0.281057530837673
0.518294882047219,0.555459735922167,2958.44944457925,0.522495689532207,0.558666410937804,0.526795906367444
-0.00630442694889433,0.612052390946905,2958.63836522621,0.18892064695865,0.62480131785327,0.16378715942814
0.699791953851688,0.513231845506899,2958.9434039172,0.305038690992205,0.562552623153475,-0.529918741552178
2.11937959366822,0.338134062772919,2959.25967821721,0.316274300012083,0.363064006776155,-0.67190607492361
0.0278240728089432,0.24638668588648,2959.77733130479,0.517653087574672,0.233449265617767,0.169570006335013
0.10206513452833,0.260846415474354,2960.32454173447,0.547210429679581,0.239325157991828,-0.135354529930199
-1.06262914830334,0.197782030204887,2960.83414933022,0.509607595754005,0.135078986519125,-0.246186941124101
0.340989566602479,0.0098448365835138,2961.07432194031,0.240172610092031,0.0436360278425414,-0.502278083442546
-1.18307509344749,-0.145856867379689,2961.34918414055,0.274862200233656,-0.0730822409916014,-0.339956481129682
1.35075284852065,-0.0501043598275375,2961.35918414055,0.0100000000002183,-0.0765248547508567,-0.348524360440661
0.031821379742643,-0.106765335667599,2961.6108869593,0.251702818755803,-0.111857294073879,0.0623105830851702
-0.427797938051569,-0.0903070473001268,2961.73171913649,0.120832177182365,-0.102716192102002,0.0883271644806919
0.775252092967986,-0.0567947363368169,2962.17060156988,0.438882433394156,-0.089047751948655,-0.024021313128468
-2.41280668952818,-0.0946871271974811,2962.30922492688,0.138623357001052,-0.0832883056935124,0.105338622238675
-1.01730690774279,-0.121367254455022,2962.57853886584,0.269313938962114,-0.134256896653675,-0.466014304674198
0.538526654302814,-0.115487751027218,2962.63597156949,0.0574327036461,-0.161810324916197,-0.492726856097848
-0.542221400685195,-0.159582920649532,2962.64597156949,0.0100000000002183,-0.166680992832836,-0.481408976134551
1.48304921738534,-0.386334861230685,2963.0291112347,0.383139665215822,-0.336111426448516,-0.373931347519566
-0.315317985700175,-0.407737916866344,2963.14531039151,0.116199156801486,-0.362501578090394,-0.0811630455188669
0.331760274658798,-0.373417269173338,2963.55650219497,0.411191803459587,-0.340958011037513,0.171271907485698
0.302704877153408,-0.322104781546109,2963.61588114483,0.0593789498602746,-0.328846354454417,0.235911545846926
-0.0479352009584364,-0.332408554594802,2963.78699155389,0.171110409065477,-0.274754122664125,0.388921330630742
1.74211507201577,-0.160686392374706,2964.09322086921,0.306229315322071,-0.142851789625584,0.452859692743093
-0.324087881728747,0.15072834626969,2964.46299484908,0.369773979864476,0.130992732015548,0.97704662312688
-1.38125807235188,0.314429031026529,2964.78780969745,0.324814848375354,0.381323570611724,0.534308460124276
-0.957776442985615,0.351744211093866,2964.79780969745,0.0100000000002183,0.386532117682079,0.50739572361537
-0.320874958227999,0.448139361112006,2964.80780969745,0.0100000000002183,0.391492259027256,0.484636774053791
0.581185453449417,0.386628308524007,2965.33804801149,0.53023831403425,0.408796413165173,-0.386445257368152
-0.853097071455743,0.354768120922348,2965.40616691401,0.0681189025185631,0.381679656256062,-0.408259897286918
-0.203528117734309,0.424543402352047,2965.48153612452,0.0753692105113259,0.346294957170953,-0.528164374454819
-0.320054046643568,0.329635924012909,2965.55300762887,0.0714715043504839,0.306548084500369,-0.582061779531913
-0.924771775945272,0.109854118311826,2965.75546038837,0.202452759498101,0.175740950583538,-0.695479504502337
1.41739052582582,-0.15432525569652,2966.15252046604,0.397060077671995,-0.154093662918251,-0.912890759886601
0.316117598028445,-0.324059035831392,2966.4697839553,0.317263489258494,-0.328617025121692,-0.179166915942316
-1.12536839119786,-0.249057967891223,2966.93334661999,0.4635626646932,-0.285967154429778,0.331186817652352
-0.0525401277534937,-0.273841498714533,2967.21273450878,0.279387888793281,-0.218968904530416,0.143620760835705
0.715956057882278,-0.0465269645965463,2967.79205056389,0.579316055102481,-0.0942307001221905,0.252487161272304
-1.06783976997504,0.10990912346344,2968.33678808423,0.54473752034346,0.131664496299089,0.522151513491451
1.37414088177981,0.273957499108864,2968.62412904357,0.287340959336689,0.214876825619543,0.0582558062551325
0.0629216502151997,0.289919257369021,2968.78797975602,0.163850712458498,0.235549340625447,0.190706734816919
-0.638219534706116,0.355409196283214,2969.01820542418,0.230225668152798,0.264041687709742,0.0561695841820165
-1.71507844209281,0.352737993566639,2969.2183217427,0.200116318519576,0.250390119172275,-0.187161975905391
-0.012828711980597,0.00756473577141092,2969.57648527405,0.358163531355785,0.0575744490612516,-0.84158374961999
-3.47573243006359,-0.25690549100875,2969.97571317911,0.399227905060343,-0.239976096226595,-0.612839121069409
-0.701596982149401,-0.681916092055783,2970.40343667092,0.427723491810866,-0.684368693680358,-1.27427143458905
-1.07006937941209,-0.877570617759916,2970.75916161543,0.355724944508438,-0.890877896701185,0.217565000743092
1.26386591437995,-0.267030185333088,2971.44134691137,0.682185295934232,-0.248156742866204,1.02438719068771
1.68209482804328,0.100049086384366,2971.77675517474,0.335408263377758,0.149559425471978,1.29147163658424
-1.70842708053788,0.72312018754438,2972.19404401552,0.417288840777474,0.694426789091774,1.13503243688405
-0.530904051249978,0.836029088542944,2972.31150568537,0.117461669848581,0.789087424621992,0.464120243516567
-1.56227024992841,0.234850164721165,2973.01192059458,0.70041490920903,0.202627228331985,-1.49281958206953
0.280539513227344,-0.549908908736518,2973.40260244345,0.390681848869008,-0.437051106848117,-1.67082498787006
-0.787700856300383,-0.785888666085079,2973.70212681757,0.299524374124303,-0.794145227781822,-0.594904715006839
-1.47739432972465,-0.794271315370698,2973.95945442749,0.257327609917411,-0.821426831024454,0.375821769166239
1.28498549437712,-0.697696345360026,2974.17380035086,0.214345923373003,-0.689182631920534,0.799631871576742
-0.859280084740516,0.0658312480520692,2974.74426910676,0.570468755895035,0.134582795513391,1.73290959783271
-0.777375344807211,0.328951683044822,2974.84145087959,0.0971817728341193,0.29303392628896,1.52282871714339
-0.0156973098896682,0.713141533437461,2975.30533963702,0.463888757423774,0.683893927329548,0.0291503469846809
1.18394843662234,0.726867738027714,2975.39265854355,0.0873189065341649,0.675212161952726,-0.225009325906711
0.360818759053706,0.579741751813834,2975.40265854355,0.0100000000002183,0.672882888480173,-0.240803898004014
-0.470716116500955,0.55113462542794,2975.41265854355,0.0100000000002183,0.670356016354756,-0.264513721960294
0.245210249236352,0.211210409528843,2975.9137032914,0.501044747844844,0.253321175519684,-1.160125618522
-1.15476547226094,-0.169134179320704,2976.33965598213,0.425952690732174,-0.188241649449252,-0.856077612590235
0.809684100122633,-0.447868245130447,2976.64783076665,0.308174784522635,-0.454039593388462,-0.820269347511484
-1.47033304032617,-0.624358432904779,2977.03729830952,0.389467542865532,-0.559180612657082,0.28628194856968
0.308943481872859,-0.482653653408459,2977.35983337503,0.322535065510692,-0.458479405213463,0.305429737348747
-1.01935542697371,-0.0178243943440022,2978.01007839131,0.650245016283407,-0.0510501753434358,0.776437512011212
1.24453746758492,0.0799798213967702,2978.37020534272,0.360126951412894,0.13896792517303,0.270450343263109
1.21786068009351,0.390075484915042,2978.79167870955,0.421473366830924,0.310492073638809,0.501816160057917
-0.503952761719875,0.354591395304525,2978.86241282529,0.0707341157385599,0.346368590195614,0.510956277222684
0.113849975727942,0.34450919458455,2979.28530606211,0.422893236819164,0.407810081335634,-0.213124556759242
-2.02698272077753,0.434076618460266,2979.29530606211,0.0100000000002183,0.405632290879528,-0.222420020244893
0.166734404489445,0.0577707682442956,2979.7904175684,0.495111506288595,-0.0119467166456408,-1.31778365542684
-0.320877040960245,-0.505969010145515,2980.21575324059,0.425335672189249,-0.465444204405598,-0.734617961725588
-1.88761625163234,-0.564697645009644,2980.38122871319,0.165475472601429,-0.564478423732588,-0.449807271773558
-0.0670827026354071,-0.697054943111032,2980.77739768952,0.39616897633141,-0.687084971570403,-0.114399546482641
0.0095477892600973,-0.683523882286462,2980.78739768952,0.0100000000002183,-0.68807975129961,-0.0845659703208204
-1.09078882726166,-0.235129170929293,2981.39515667106,0.6077589815377,-0.314479963925349,1.00258394320849
-1.42582680078056,-0.211525497823598,2981.40515667106,0.0100000000002183,-0.30449505847232,0.994303808982038
0.787519921503931,-0.021392451788181,2981.76934569166,0.364189020601316,-0.034665818050186,0.46373260192737
1.2308404837249,-0.108311096651352,2981.77934569166,0.0100000000002183,-0.0299974206413406,0.469942399168821
-0.243852786060297,0.277531234019521,2982.23168361589,0.452337924226867,0.265547432831688,0.774538599242813
0.637695861642697,0.500916408374588,2982.41650484826,0.184821232366176,0.385447256732885,0.513565412918534
1.37981809853957,0.468768417301532,2982.78180121774,0.365296369486714,0.514514444676637,0.163125437521466
0.572678036095311,0.553598169989092,2983.4540572995,0.672256081756132,0.517082510014196,-0.138713442480602
0.11612881077135,0.459924281939953,2983.81373219497,0.359674895472835,0.410621104352164,-0.410729139208733
-1.47317123229241,0.462695155488868,2983.82373219497,0.0100000000002183,0.406471956094026,-0.41907892274151
-0.20575712705526,0.407433016531843,2983.91467845846,0.0909462634913325,0.358785612857806,-0.624935984397506
0.752439195157633,0.20277829924832,2984.00851666654,0.0938382080812517,0.296825018053608,-0.691627695316976
0.0166380244781664,0.248917338207573,2984.11060048928,0.102083822738678,0.228513820748795,-0.643577379377065
0.463178626969359,-0.00171807318439822,2984.42570709256,0.31510660327649,0.025434088594679,-0.621636684521728
-0.0753761026450136,-0.132087922385123,2984.99668591147,0.570978818915592,-0.191986425714016,-0.118759069805142
0.429277969719476,-0.153609307860708,2985.52169668768,0.525010776203089,-0.199495859835098,0.0828567024419746
0.444610227052557,-0.18272717144815,2985.78970698475,0.268010297071214,-0.149958127270125,0.27696976634369
-0.449928837806857,-0.070787993446657,2985.79970698475,0.0100000000002183,-0.147157451105773,0.283147455839068
0.0939147701435678,-0.0757041722222389,2986.0582968808,0.258589896046487,-0.0846086553298815,0.196555913923611
-0.278039726831309,-0.0169958341682987,2986.24021651626,0.181919635459508,-0.0465718262566235,0.218891205201846
0.284919980004545,0.0367403217067281,2986.75060981003,0.510393293774996,0.0224821944648936,0.0472536324122621
2.17229854239237,0.0844383814066769,2987.1087789871,0.35816917707325,0.0515227971072983,0.10951950673372
-0.884030674391301,0.00424743159551252,2987.2440712449,0.135292257796664,0.0842139445998568,0.369279005272334
0.402204101777825,0.109009202740504,2987.6256591482,0.381587903300897,0.135534357904783,-0.0927107156187157
-0.375499296211452,0.171534601175906,2987.7592276187,0.133568470494083,0.124668159281965,-0.0697118634967127
0.447851315629301,-0.00307079050307996,2988.32225403849,0.563026419795278,0.00745741618539649,-0.31183452191852
0.822476216870128,-0.0933771777358673,2988.81536889924,0.49311486075203,-0.0713501236975041,-0.00726561050289642
-0.138006894208782,0.0324473065237752,2989.21893305437,0.403564155123604,-0.00215708183601209,0.329237452639461
1.36297336996935,0.072369887196017,2989.55505883819,0.336125783828265,0.0888807703919967,0.20551696817146
-0.0744578002388323,0.199276806108142,2989.89185721862,0.336798380429627,0.212067389807636,0.50138568711633
-0.222402400981911,0.136972533918043,2989.90185721862,0.0100000000002183,0.21704114856196,0.493349648889962
0.467562036513873,0.237226507628129,2990.10850710463,0.20664988600447,0.297486750364242,0.280547936254511
0.291260310561923,0.313591931317233,2990.54727997498,0.438772870349567,0.373920758926998,0.0550931485809721
2.863621808387,0.395040539752514,2990.70707077994,0.159790804957083,0.373385012531615,-0.0601992755387469
1.1617767451543,0.388164090902974,2990.71707077994,0.0100000000002183,0.372877229489345,-0.0413693786594218
1.35457291283792,0.415171765952457,2991.1098625611,0.392791781161122,0.37038610710907,0.0270666780926776
-1.36197845703371,0.411342438622199,2991.43403624699,0.324173685889036,0.395205427068864,0.117920589286805
-0.408118727905799,0.418346319365102,2991.44403624699,0.0100000000002183,0.396258808872771,0.0927674608374643
-1.22801742027986,0.288121747326662,2991.89131619797,0.447279950980828,0.297220414983531,-0.484099351902283
2.91220728924167,0.219982031525232,2992.04631806706,0.155001869091393,0.203188089080553,-0.718947748988482
-2.13818547536712,0.339855264936184,2992.58214453762,0.535826470560551,0.209131479279148,0.676093753407851
-0.449242109202901,0.230384097602705,2992.96188451049,0.379739972869629,0.256800236450161,-0.399502090355939
1.35933615927786,0.0279478015110541,2993.29703375775,0.335149247260233,0.0853947373931176,-0.594074363098074
-1.6443892648143,-0.0751762877757074,2993.55780322832,0.260769470568448,-0.0183273010339656,-0.200897766513267
-0.697731423157756,-0.244462668431815,2993.97219681904,0.414393590726377,-0.214378335859317,-0.697971486389043
0.848643886120958,-0.380845142866559,2994.18652363583,0.214326816791072,-0.35786630035298,-0.625556304574978
0.328103487624999,-0.335561859805245,2994.61918872794,0.432665092101161,-0.4234514289717,0.309502329712132
1.11139715748838,-0.436155329643743,2994.72211489104,0.102926163101074,-0.384588789980561,0.441546350258637
1.02053270905407,-0.366045423234383,2994.76114543497,0.0390305439295844,-0.365902925420981,0.515221734248684
0.84915112239877,-0.231407503618307,2994.96894603884,0.207800603872329,-0.225749312601653,0.812169891713408
0.297252136344737,0.0836663889563987,2995.22171827118,0.25277223233843,0.0031718144555626,0.974127004468838
0.412824619316798,0.581118563676068,2995.70373030235,0.482012031175145,0.414144358823788,0.649624610162273
-0.8360723600881,0.540706832005212,2996.16887403899,0.465143736638765,0.564924000600207,-0.0433078699297047
-1.06474141262736,0.419882014885801,2996.47504453806,0.306170499071413,0.432156761248368,-0.764844442517039
-1.53067643147405,0.353645418955057,2996.48504453806,0.0100000000002183,0.424411668480871,-0.784152358374325
0.391546139607459,0.103292426842204,2996.85738511962,0.372340581559001,0.00742905315212777,-1.36205656056315
-0.0152376326011079,-0.37055874284609,2997.19143919446,0.334054074841333,-0.374973012804224,-0.883830935109879
0.310764448358578,-0.477243719700657,2997.27451193208,0.0830727376146569,-0.443146332984758,-0.754003876748627
1.99243665113146,-0.558346154171295,2997.58493075381,0.31041882172849,-0.569686754252775,-0.040224585238714
1.59441649477039,-0.549573921399038,2997.81048089921,0.225550145403304,-0.481107432557126,0.788816688566498
0.561563883967714,-0.259132560606343,2998.0755478193,0.265066920088429,-0.193737110017053,1.31875045984604
-0.367163680688137,-0.123534089253856,2998.18193573207,0.106387912775972,-0.052251178732304,1.33528107070776
-1.48391300193656,0.42447116656293,2998.52739508024,0.345459348170607,0.339177834578661,0.888051952584519
0.935170687653782,0.476436240463587,2998.94481609042,0.417421010177804,0.453148357969121,-0.335914056676433
1.77999632960057,0.373165766550835,2999.13445177924,0.189635688819635,0.386633144452373,-0.355463666289676
-0.707142645928558,0.352614943565184,2999.54157862763,0.407126848390362,0.322315066724604,0.0424687456977186
0.236686713932975,0.291403841418693,2999.70540960696,0.163830979328395,0.30920320041826,-0.197977849210217
0.993201764173596,0.356581941593812,2999.94996018617,0.244550579207953,0.250156052927748,-0.275647671028589
